#SITE	WT_AA	SITE_ENTROPY	PI_A	PI_C	PI_D	PI_E	PI_F	PI_G	PI_H	PI_I	PI_K	PI_L	PI_M	PI_N	PI_P	PI_Q	PI_R	PI_S	PI_T	PI_V	PI_W	PI_Y	PI_*
1	M	3.62442	0.0215693	0.0299452	0.0584102	0.0264766	0.0334495	0.0133598	0.0799721	0.0212103	0.0310062	0.0158799	0.356669	0.0391817	0.039897	0.0264507	0.0531878	0.0198472	0.0198193	0.0232101	0.03486	0.0314756	0.0241229
2	A	1.48074	0.798829	0.00843177	0.00869205	0.0127035	0.00599755	0.00288149	0.018498	0.00311272	0.00817185	0.00263981	0.0548817	0.00678688	0.00324151	0.0122736	0.00526264	0.00563349	0.00243908	0.00670857	0.0180737	0.00690407	0.00783743
3	S	2.7199	0.0175095	0.00130331	0.00525578	0.00287278	0.0202725	0.0114631	0.00673868	0.0486934	0.00771317	0.265751	0.0194145	0.0259687	0.00653396	0.00183112	0.00635867	0.194519	0.0157209	0.00508765	0.0046715	0.330575	0.00174515
4	Q	3.31327	0.0173568	0.0500055	0.00875978	0.0452555	0.143878	0.00339369	0.00479261	0.0435289	0.00593902	0.275081	0.0111828	0.0501781	3.99735e-05	0.0566537	0.000308084	0.0218664	0.0216153	0.0976937	0.00158514	0.140421	0.000465181
5	G	2.24379	0.0103562	0.0104248	0.0347905	0.00806283	0.00482772	0.598816	0.00440768	0.00568495	0.0107878	0.143626	0.0239507	0.00821083	0.0026911	0.0036437	0.0072249	0.0844724	0.00517493	0.00505595	0.0147508	0.00491413	0.00812535
6	T	1.14754	0.00794179	0.00519785	0.00487887	0.00631641	0.00578943	0.00386809	0.0198864	0.00541155	0.00370527	0.00418099	0.0189699	0.00843839	0.00439352	0.00715928	0.00280699	0.00307085	0.860292	0.00475349	0.0150197	0.0046379	0.003281
7	K	1.23829	0.00226488	0.0266139	0.00667154	0.00902621	0.00276946	0.00363681	0.00263114	0.00630359	0.835934	0.00191513	0.00895203	0.0398895	0.0012113	0.00643886	0.00272605	0.00178342	0.00230955	0.00350693	0.019054	0.010513	0.00584873
8	R	1.74144	0.00422724	0.0202868	0.00883727	0.00749007	0.00783911	0.00881121	0.00473272	0.00324419	0.00325793	0.0426563	0.0104799	0.00776508	0.0207425	0.0274407	0.758238	0.00553329	0.0145665	0.00630156	0.0268004	0.00657901	0.00417065
9	S	2.84405	0.022576	0.0111806	0.00301855	0.00401317	0.0155957	0.00915505	0.00909429	0.0654321	0.00232784	0.0678815	0.0894173	0.0953565	0.00143038	0.0458931	0.000968939	0.46832	0.00625665	0.0175262	0.00636974	0.00499366	0.0531927
10	Y	3.2108	0.342807	0.016652	0.0154296	0.00903526	0.0701201	0.00332552	0.0755271	0.00934816	0.0364451	0.0128237	0.0545286	0.0341524	0.00172372	0.00360889	0.000734568	0.0300623	0.012662	0.0517846	0.00641837	0.188024	0.0247873
11	E	2.61322	0.00940082	0.00374509	0.0671173	0.360155	0.0106171	0.00289559	0.00392528	0.0251073	0.0135531	0.00391562	0.0188676	0.00519415	0.00220725	0.0117209	0.017068	0.00152707	0.0112881	0.0282021	0.349546	0.00413946	0.0498069
12	Q	2.87794	0.0742784	0.0411074	0.0169003	0.000267634	0.0112871	0.00180293	0.00875418	0.0534298	0.465983	0.00894269	0.00175168	0.0304357	0.000865742	0.0726832	0.0113355	0.102877	0.0223934	0.0133054	0.0079178	0.00092718	0.052754
13	M	2.88134	0.00573351	0.175371	0.0743149	0.0095196	0.00403522	0.000777715	0.0380046	0.0198822	0.00279143	0.0021663	0.432077	0.0535524	0.0155377	0.00732329	0.0038965	0.00720022	0.0266252	0.0126619	0.0140886	0.023664	0.0707771
14	E	2.44172	0.016471	0.00651205	0.0395179	0.572896	0.013872	0.0125221	0.00350998	0.0136584	0.118064	0.00819005	0.0122381	0.00494711	0.00182616	0.021312	0.00702234	0.00218484	0.00359515	0.0232975	0.024033	0.00479264	0.0895379
15	T	2.86908	0.00403519	0.0198525	0.00560906	0.0570892	0.011192	0.00461397	0.0616075	0.0153823	0.00811363	0.0177059	0.0103535	0.065203	0.0143922	0.0416047	0.005395	0.10243	0.489202	0.00733299	0.0449941	0.00694617	0.00694542
16	D	2.92546	0.0407673	0.00760113	0.47285	0.140074	0.00869014	0.00576468	0.0196057	0.0255314	0.00724125	0.00299372	0.0286356	0.0148329	0.00590916	0.00787302	0.0134917	0.05247	0.00422763	0.0381355	0.0214276	0.0477065	0.0341705
17	G	2.31726	0.00310941	0.0124937	0.00449399	0.00812931	0.00447486	0.570787	0.00274832	0.0128691	0.0445783	0.00859072	0.0212698	0.013088	0.187011	0.0272581	0.00204814	0.0335704	0.00485377	0.00675933	0.0211854	0.00454361	0.00613677
18	E	3.45654	0.0525344	0.0315396	0.0128552	0.270028	0.00675622	0.0430657	0.0040522	0.00398888	0.0201285	0.067055	0.00877223	0.125739	0.0768429	0.0612212	0.00638707	0.016461	0.0136164	0.00160918	0.0229093	0.145178	0.00926008
19	R	2.49642	0.0134794	0.0210154	0.0150487	0.0112825	0.0297921	0.0050626	0.0535833	0.00899781	0.00648883	0.00241978	0.0299118	0.0630146	0.0197581	0.0116792	0.601026	0.00453562	0.0262135	0.00542392	0.0102767	0.0552678	0.00572216
20	Q	1.4217	0.000486208	0.00239559	0.000254003	0.00170913	0.000698708	0.00148204	0.000851682	0.00111075	0.000381135	0.00169138	0.00325446	0.00111085	0.161773	0.114857	0.0036341	0.692727	0.00516992	0.00262571	0.00129492	0.000932198	0.00156016
21	N	1.00553	0.000183051	0.00316162	0.00117638	0.853294	0.000171522	0.00262617	0.002456	0.000355781	0.0390556	0.00165345	0.000913875	0.0444235	0.00219354	0.00147096	0.00260045	0.0181796	0.0235704	0.000382281	0.000304998	0.000168415	0.00165807
22	A	3.38566	0.239856	0.0317746	0.239469	0.0033087	0.0106161	0.00476517	0.0249975	0.0411094	0.0895911	0.00956428	0.00692279	0.00901823	0.0127768	0.0709233	0.0561711	0.0394293	0.0544476	0.0349648	0.00221073	0.00122873	0.0168552
23	T	3.20398	0.0124865	0.0140437	0.00635437	0.0140845	0.00848684	0.00553695	0.0748981	0.00708483	0.00799521	0.0109985	0.0123092	0.234113	0.00951522	0.207693	0.00970058	0.0669897	0.167828	0.0070349	0.110353	0.0111991	0.00129496
24	E	2.56354	0.00660266	0.00323189	0.0345887	0.590492	0.00370979	0.0111304	0.0219327	0.00848246	0.0178817	0.020432	0.0113812	0.0223709	0.00325814	0.023233	0.0259629	0.073499	0.0479199	0.0159027	0.00550542	0.0407914	0.0116906
25	I	2.93789	0.00371449	0.00253816	0.00607944	0.00363377	0.00756537	0.0126619	0.00313742	0.259069	0.137482	0.0131406	0.0189441	0.00234559	0.0391857	0.255414	0.161919	0.00162886	0.00330304	0.019925	0.0114095	0.00790468	0.0289979
26	R	2.43769	0.146036	0.00814534	0.00836792	0.0096458	0.00954008	0.00336663	0.00232307	0.0112404	0.0235803	0.0137343	0.0272499	0.00293078	0.00631935	0.00826664	0.566634	0.0719407	0.0128534	0.0116655	0.0056946	0.0417385	0.00872694
27	A	2.72004	0.187825	0.0165882	0.00216329	0.0107118	0.00212085	0.0163494	0.0456379	0.0056844	0.0187411	0.00199849	0.0264587	0.0322584	0.00218216	0.0199533	0.479755	0.00530058	0.0459868	0.00610767	0.021981	0.00420237	0.0479936
28	S	2.79167	0.0631724	0.0322423	0.00469331	0.0137417	0.237194	0.037453	0.0223886	0.00778747	0.031228	0.00645491	0.0215375	0.0426415	0.00333819	0.00700357	0.0140749	0.426418	0.00218045	0.00298415	0.00581449	0.0114691	0.00618283
29	V	2.65493	0.0124303	0.0281162	0.0202894	0.0146808	0.00812587	0.00400682	0.00230766	0.363946	0.0109969	0.00779618	0.0117979	0.00501126	0.0143179	0.00667932	0.00277767	0.0514571	0.00689458	0.334747	0.0107272	0.00392264	0.078972
30	G	0.750584	0.00293134	0.00117271	0.00108442	0.00466538	0.000304401	0.0287877	0.000777786	0.000492834	0.00188098	0.00361751	0.000789435	0.00113648	0.00575857	0.894508	0.000195437	0.00293077	0.000286947	0.000124367	0.0477022	0.00044182	0.000410789
31	K	1.96215	0.00132828	0.00482336	0.00413145	0.633774	0.00177061	0.00524404	0.00789451	0.00216734	0.16416	0.00118398	0.0378482	0.00451766	0.00071965	0.0338098	0.0355412	0.000756663	0.00739298	0.000775313	0.00594754	0.00352797	0.0426851
32	M	1.58225	0.000843024	0.00015987	0.00322208	0.000595634	0.0002952	0.000550151	0.00102632	0.00726881	0.00332929	0.000407913	0.0347861	0.0424016	0.000736962	0.000571331	0.000390295	0.401552	0.000989286	0.499332	0.000310603	0.000964651	0.000266405
33	I	1.47409	0.00360605	0.00692159	0.00714412	0.00126833	0.00128387	0.00376709	0.0017715	0.0832458	0.000822342	0.761456	0.00995891	0.00171989	0.0018884	0.00116236	0.00046465	0.000191061	0.0409158	0.0216822	0.0471698	0.00185727	0.00170339
34	D	3.31229	0.0684117	0.0112737	0.0830558	0.132031	0.0717333	0.00675896	0.0158539	0.0125432	0.0102642	0.0155907	0.0204696	0.00387377	0.00715578	0.296754	0.0347924	0.122084	0.0756734	0.00141709	0.00499663	0.00164175	0.00362432
35	G	3.1611	0.00455125	0.0848417	0.0469199	0.0116162	0.0405101	0.422892	0.00724543	0.0681267	0.00532198	0.015288	0.0141795	0.0884482	0.00549028	0.00696166	0.00966795	0.0611183	0.0164733	0.011233	0.0282775	0.0318457	0.0189908
36	I	3.0884	0.00529465	0.0111049	0.00954688	0.00970734	0.19253	0.00423116	0.120323	0.334318	0.00805326	0.0184327	0.0464682	0.00509584	0.00779058	0.0571249	0.0790769	0.00385425	0.00309708	0.00596213	0.016831	0.00560774	0.0555497
37	G	2.7763	0.00624806	0.00752311	0.0319694	0.212646	0.011774	0.454916	0.0420654	0.00582103	0.0287742	0.0154995	0.0178259	0.00532417	0.00278941	0.0336576	0.00803174	0.0117193	0.00272635	0.0164214	0.0101435	0.0114991	0.0626249
38	R	3.18454	0.0102089	0.0377328	0.0205535	0.00877721	0.0619578	0.0849236	0.00410844	0.00905177	0.0104854	0.0105751	0.0237443	0.076698	0.012701	0.0221694	0.364136	0.0150589	0.00281011	0.0142953	0.175898	0.0267322	0.00738136
39	F	2.33903	0.57648	0.0201207	0.00497493	0.00668874	0.177121	0.0421665	0.0018187	0.00539036	0.0154068	0.00968914	0.0235913	0.0251744	0.0105264	0.012934	0.0188366	0.00267432	0.0270729	0.00573697	0.00335334	0.00487202	0.0053711
40	Y	2.55417	0.00359654	0.00602974	0.0251328	0.0062227	0.0129293	0.00954092	0.127139	0.0149858	0.0215987	0.00461935	0.0113351	0.022949	0.0108817	0.0424755	0.0329311	0.0063461	0.035382	0.00298748	0.015262	0.568445	0.01921
41	I	3.23395	0.0179257	0.140573	0.00220722	0.057162	0.0031069	0.0174039	0.0316464	0.151564	0.00628947	0.089496	0.0464606	0.00556589	0.00499067	0.00348365	0.00387651	0.145508	0.249517	0.00622324	0.00374455	0.00626225	0.00699366
42	Q	1.91724	0.0213493	0.00599097	0.00330873	0.00597888	0.00625221	0.00386357	0.0200719	0.00362685	0.609848	0.0035634	0.00769054	0.0096184	0.00854591	0.244264	0.00904	0.00425354	0.00537199	0.00332612	0.00744004	0.00348822	0.013107
43	M	3.12394	0.0253066	0.00580805	0.00464007	0.00295071	0.00463626	0.00537254	0.0468848	0.0158781	0.273155	0.154493	0.14237	0.00717745	0.0118124	0.0114999	0.0872629	0.00766908	0.00717067	0.00298391	0.0142038	0.00290738	0.165817
44	C	3.13397	0.0100085	0.234203	0.0076598	0.0136883	0.0179137	0.00559351	0.00263477	0.187093	0.261597	0.0194212	0.0177088	0.0472825	0.00524528	0.0265321	0.0157964	0.00704941	0.00186721	0.0123612	0.0293874	0.0079189	0.0690381
45	T	2.98124	0.00548649	0.0991192	0.0272412	0.0201899	0.00931473	0.0214678	0.0049942	0.00630457	0.00752458	0.122646	0.013779	0.0351936	0.00223709	0.0041549	0.00588886	0.0348347	0.407682	0.135791	0.0155031	0.00477216	0.0158747
46	E	3.04063	0.0398395	0.0469449	0.0437431	0.208978	0.0424587	0.00274359	0.00394695	0.00859526	0.0430389	0.00514533	0.00334584	0.0235367	0.00968268	0.0183702	0.380063	0.0057367	0.00308391	0.00713719	0.0325	0.00602479	0.065085
47	L	2.98475	0.00659347	0.039272	0.0126749	0.0112869	0.0264617	0.0102106	0.0134799	0.00792404	0.142399	0.425205	0.0240176	0.0173305	0.00924432	0.00978938	0.145916	0.0141465	0.0271327	0.0217937	0.020519	0.00848334	0.00611926
48	K	2.48458	0.511753	0.00784566	0.00634455	0.00604507	0.0117807	0.002441	0.00461154	0.00718715	0.141992	0.00432607	0.010973	0.0203723	0.0290212	0.0130809	0.000988436	0.133872	0.0668992	0.00364727	0.00975501	0.00228773	0.00477528
49	L	2.61237	0.507006	0.00313979	0.000605862	0.00331438	0.0101499	0.0171316	0.00876357	0.00209138	0.00702673	0.110453	0.0361548	0.00861452	0.0213623	0.00953972	0.122388	0.00314924	0.0254529	0.0204345	0.0726761	0.000423333	0.0101219
50	S	3.03264	0.107368	0.00402348	0.0225174	0.254265	0.000214812	0.286031	0.0562912	0.00715835	0.0119364	0.00353467	0.00441653	0.000932048	0.00858644	0.0320679	0.00893288	0.0784286	0.0826454	0.0047461	0.00900052	0.00529513	0.0116083
51	D	3.25764	0.0260103	0.0190324	0.239657	0.0144152	0.00580035	0.246003	0.00173684	0.0386773	0.00542594	0.138628	0.0702829	0.00381551	0.078754	0.00708753	0.0131977	0.0273465	0.0252609	0.00637723	0.0095292	0.00932276	0.0136399
52	Y	2.77233	0.0591824	0.000877219	0.00701413	0.00223169	0.082246	0.0058345	0.0561711	0.00538618	0.00195497	0.0110597	0.0114544	0.00379788	0.0021302	0.000431205	0.0102177	0.22523	0.362575	0.000753384	0.0242241	0.12393	0.00329816
53	E	2.83048	0.0219248	0.00723797	0.102651	0.439049	0.0114245	0.00518531	0.0215094	0.0109567	0.0202435	0.0104686	0.0541997	0.00962301	0.00153815	0.00603516	0.11583	0.013314	0.00162617	0.00672522	0.0059848	0.00320672	0.131267
54	G	3.18477	0.0852297	0.0382913	0.00444319	0.0284123	0.00564762	0.215221	0.0216657	0.0128714	0.0173616	0.00430567	0.0185347	0.00989246	0.0185594	0.013278	0.0215229	0.103758	0.0071574	0.0205774	0.0229892	0.00324171	0.327039
55	R	3.24811	0.0310263	0.0877037	0.044664	0.0182134	0.0055143	0.00392633	0.0738833	0.0372647	0.0305617	0.00750328	0.0327685	0.0129964	0.0263245	0.148681	0.370344	0.00967745	0.026726	0.00772779	0.00429779	0.00644348	0.0137523
56	L	2.93809	0.0202244	0.29549	0.0363912	0.00203866	0.0108821	0.0159105	0.00356194	0.00952992	0.00156232	0.134238	0.183162	0.20688	0.00681107	0.00758189	0.00801756	0.00418843	0.0227246	0.00789279	0.00723721	0.00619286	0.00948146
57	I	1.64953	0.00455238	0.00100599	0.0425603	0.0117573	0.000439103	0.00535474	0.000541146	0.0825157	0.00157072	0.711617	0.0975676	0.000507083	0.00371419	0.000848022	0.00799838	0.00260141	0.000730955	0.0148801	0.00143467	0.00546422	0.00233908
58	Q	2.97715	0.0763939	0.0186498	0.00496397	0.0233145	0.0126501	0.0115238	0.0167161	0.00156821	0.0131839	0.0219366	0.0232677	0.104847	0.016064	0.464613	0.06615	0.0641754	0.00669596	0.0281305	0.0150107	0.00417278	0.00597186
59	N	2.80117	0.0408754	0.0182314	0.0383649	0.0250932	0.0157304	0.0219147	0.00410932	0.00396406	0.0102909	0.023583	0.00762043	0.439152	0.00638008	0.0143703	0.0595587	0.00177312	0.0173898	0.0170798	0.00273155	0.00533567	0.226451
60	S	3.01255	0.00876994	0.189544	0.00903177	0.0174469	0.00904005	0.0309588	0.0104843	0.00498093	0.0140273	0.0186433	0.0629482	0.0298992	0.00692756	0.0117401	0.0204633	0.408351	0.089993	0.0173344	0.0117333	0.0242465	0.00343606
61	L	3.21071	0.0180046	0.00585461	0.00124974	0.00308847	0.0178374	0.0127954	0.00701664	0.0115973	0.00876062	0.268864	0.0187205	0.0153018	0.0763044	0.0188463	0.00438043	0.201797	0.124565	0.128743	0.00728785	0.00997028	0.0390142
62	T	0.610091	0.00251052	0.002432	0.000324135	0.000187703	0.00429883	0.00140673	0.000495417	0.0055118	0.00112026	0.00114242	0.00321501	0.927006	0.0175857	0.0011328	0.00254442	0.00380684	0.0225131	0.00126415	0.00113115	0.000119991	0.0002511
63	I	2.77364	0.0163087	0.00366134	0.00906601	0.00302907	0.0269583	0.0092635	0.00202175	0.359078	0.00602481	0.0306603	0.00404211	0.00869379	0.262909	0.0078226	0.033669	0.00577954	0.0360032	0.0060559	0.00839789	0.00905694	0.151498
64	E	2.98361	0.0254413	0.00691683	0.00964974	0.270049	0.0473455	0.00471014	0.0180127	0.0222322	0.00931098	0.0144297	0.00801501	0.0662	0.0546644	0.00286916	0.0128157	0.00590133	0.0348084	0.00201823	0.00606109	0.0289806	0.349568
65	R	2.96693	0.0154198	0.00608963	0.0628901	0.0969585	0.0123454	0.00536783	0.0281554	0.00528249	0.222698	0.00377606	0.00634891	0.0356389	0.0207114	0.00858157	0.384435	0.0174685	0.00960893	0.00864358	0.0266071	0.00969979	0.0132732
66	M	3.24867	0.0124061	0.0144426	0.0613404	0.0202001	0.0246532	0.015833	0.0177882	0.0541706	0.0147695	0.00993501	0.421112	0.0859036	0.00522918	0.0289195	0.0273299	0.01363	0.012481	0.0172715	0.049837	0.0114945	0.0812537
67	V	3.54858	0.0587218	0.0682403	0.0364412	0.0326604	0.0229346	0.0224347	0.0303701	0.0378721	0.0238379	0.0240224	0.0467753	0.0450334	0.0103079	0.0251257	0.0227289	0.0117547	0.0384325	0.378894	0.0152852	0.0244491	0.0236772
68	L	3.25659	0.0875221	0.0436461	0.0242028	0.0230439	0.0566755	0.00712158	0.00915848	0.223135	0.0169894	0.330665	0.0221902	0.0179634	0.0230692	0.00636927	0.0201818	0.0110518	0.0139171	0.00897951	0.0261172	0.0181199	0.00988157
69	S	3.27566	0.0260137	0.027399	0.00243793	0.00562917	0.00901623	0.0674362	0.157314	0.0852244	0.0138932	0.00844162	0.0106573	0.012263	0.0258652	0.0071614	0.00938622	0.298862	0.0989027	0.00338279	0.00949024	0.00578534	0.115438
70	A	2.74417	0.133494	0.013264	0.210871	0.00649321	0.00326774	0.30538	0.0220781	0.00774006	0.00235651	0.000866567	0.0159481	0.0230942	0.000141539	0.000446243	0.00112326	0.0396741	0.00402159	0.00266858	0.0024595	0.0043628	0.200249
71	F	2.28232	0.0275134	0.00560676	0.0532549	0.00552448	0.0968732	0.0953937	0.00203675	0.0108256	0.0158422	0.000612271	0.00413413	0.00182999	0.0626161	0.00228007	0.00166699	0.00598601	0.00168471	0.013134	0.0073721	0.584863	0.000949466
72	D	2.28271	0.00605132	0.017403	0.202865	0.0231986	0.0079456	0.0109998	0.00802046	0.00187974	0.0140016	0.00816566	0.00771935	0.0112583	0.00435083	0.00235312	0.0620855	0.00423479	0.0225516	0.00173722	0.562875	0.00520397	0.0150987
73	E	2.14508	0.0335071	0.0541041	0.00491831	0.0276801	0.00207703	0.000566504	0.00884388	0.000825913	0.014602	0.00035567	0.00602208	0.000657922	0.000211038	0.00667394	0.00219584	0.00778367	0.0447107	0.51656	0.266978	0.000347547	0.000377893
74	R	3.16767	0.00743893	0.00676635	0.00545012	0.0175716	0.00938204	0.00655811	0.0139596	0.0142661	0.155161	0.187128	0.0252286	0.0104119	0.014088	0.0179575	0.302189	0.0438444	0.0128807	0.0213462	0.114638	0.00665488	0.00707991
75	R	3.11236	0.0389394	0.102295	0.00112829	0.0228808	0.0337992	0.00307817	0.0220542	0.00514581	0.0145929	0.00249951	0.0112962	0.0765414	0.00312632	0.00351427	0.170271	0.00859611	0.337503	0.00821344	0.027945	0.00233815	0.104242
76	N	3.23451	0.0792238	0.159147	0.0105419	0.1277	0.00603695	0.00306748	0.00611096	0.0386188	0.00976699	0.122748	0.00832951	0.295144	0.000908922	0.00892778	0.026129	0.0241991	0.0272025	0.0196068	0.0133934	0.0110481	0.0021496
77	K	3.47918	0.0147765	0.163675	0.0132257	0.0375468	0.0131035	0.00867403	0.0642202	0.116326	0.0499133	0.0606945	0.000274071	0.0419207	0.0396048	0.0134877	0.243252	0.010787	0.000700542	0.028711	0.000417002	0.000736953	0.0779528
78	Y	2.90924	0.0532393	0.0653893	0.0728862	0.00382865	0.388192	0.00698488	0.0119255	0.0194083	0.0085427	0.00247005	0.00923748	0.00375947	0.0137126	0.00269743	0.0184432	0.00598618	0.00573827	0.00378982	0.0145691	0.211255	0.0779453
79	L	3.0791	0.0923474	0.0919729	0.00730877	0.0148335	0.00637747	0.0042289	0.00317351	0.0205122	0.0576341	0.42399	0.0554464	0.00602818	0.00764105	0.0922439	0.0144498	0.032027	0.0106376	0.00826025	0.0180977	0.0143167	0.0184723
80	E	3.44629	0.0159904	0.00248919	0.0360342	0.243992	0.0126866	0.0151057	0.0690152	0.015151	0.0171819	0.0227678	0.0228493	0.160722	0.000832549	0.00407212	0.00739754	0.0116664	0.120074	0.114455	0.0478796	0.0578089	0.00182866
81	E	3.35616	0.0066935	0.051437	0.0195079	0.397788	0.0384665	0.0406942	0.0152959	0.029291	0.0430726	0.0447231	0.00569701	0.0275081	0.0223288	0.0070065	0.0341129	0.0463809	0.0111388	0.106046	0.00547543	0.0250856	0.0222499
82	H	3.3277	0.0335605	0.00320557	0.000804968	0.0079075	0.0332207	0.00187142	0.0915988	0.00545733	0.13566	0.0113946	0.0961077	0.00542641	0.00762896	0.287323	0.0449501	0.00541041	0.0261145	0.0216138	0.106059	0.0725814	0.00210332
83	P	2.23283	0.0303262	0.0177234	0.000549297	0.000398217	0.00890501	0.0112316	0.00118921	0.0655188	0.00459005	0.0108051	0.0631639	0.00556419	0.109361	0.611412	0.0237761	0.0021235	0.0116693	0.00804632	0.00161582	0.00426729	0.00776339
84	S	2.94864	0.0218662	0.346132	0.00700716	0.00123657	0.000325066	0.148652	0.000391841	0.000433806	0.00387054	0.00468393	0.069803	0.0621634	0.00423625	0.0213447	0.00449311	0.0831742	0.167122	0.016956	0.0249658	0.00233359	0.00880809
85	A	2.77449	0.130173	0.00489331	0.00385594	0.00224831	0.010358	0.0301993	0.0193669	0.00550609	0.0183791	0.00510404	0.0135686	0.0109712	0.0140617	0.00477613	0.267205	0.132169	0.316662	0.00213219	0.00178442	0.0011337	0.00545212
86	G	2.74612	0.0309765	0.0100644	0.00138697	0.00662798	0.00528539	0.12178	0.333757	0.00104761	0.0056282	0.0332256	0.0249976	0.307234	0.0399784	0.00980552	0.00418576	0.0139793	0.0309518	0.000958604	0.00124387	0.00123587	0.01565
87	K	2.18899	0.00144663	0.0057565	0.029834	0.0306769	0.00565282	0.00670183	0.00945305	0.0057558	0.67278	0.00444246	0.048952	0.0266167	0.0179386	0.00964493	0.00940264	0.0259067	0.00912436	0.0152022	0.0177846	0.00597102	0.0409562
88	D	3.19203	0.00108311	0.0197222	0.377373	0.0229072	0.00976699	0.0289831	0.0244524	0.0553034	0.00818996	0.0158081	0.0564249	0.143312	0.00645364	0.00851339	0.00748621	0.0382277	0.0188028	0.0302715	0.00725347	0.00617228	0.113493
89	P	2.90751	0.0754731	0.0120186	0.00130142	0.00797947	0.231931	0.0272551	0.00389401	0.00370865	7.808e-05	0.00682165	0.00550192	0.0030218	0.0908802	0.00800184	0.0106014	0.330822	0.00185185	0.119594	0.00616361	0.0312285	0.0218723
90	K	3.55677	0.0289559	0.0133969	0.0254078	0.0467452	0.00135251	0.0218522	0.228368	0.032502	0.135949	0.0651743	0.0781846	0.0597891	0.00178967	0.00520651	0.0293237	0.099725	0.106696	0.00423132	0.00570606	0.000604403	0.00903987
91	K	2.22819	0.0189394	0.00734708	0.00522274	0.00999611	0.0701721	0.00749039	0.0176385	0.00995504	0.663069	0.00951387	0.00902451	0.0210887	0.00643898	0.0054749	0.0488514	0.0225679	0.00828495	0.0147928	0.0202298	0.00732336	0.0165781
92	T	2.99366	0.0978915	0.00985624	0.00746787	0.00550791	0.0098172	0.102119	0.0221174	0.00379614	0.00439618	0.0333153	0.0146634	0.0417922	0.0420638	0.0190476	0.00176503	0.014717	0.42845	0.0174975	0.00775478	0.00409179	0.111872
93	G	2.75289	0.00388745	0.0114446	0.00601349	0.0284677	0.0101356	0.481869	0.00595597	0.00613791	0.0179281	0.00289093	0.017446	0.0166107	0.191928	0.0583536	0.01	0.0357563	0.0226036	0.0064288	0.0235506	0.0285896	0.0140029
94	G	2.91474	0.00841279	0.0115408	0.0434015	0.0390979	0.0212012	0.515061	0.0955206	0.0119853	0.0108839	0.0127236	0.0277971	0.0172167	0.0100591	0.0261651	0.0109363	0.0111902	0.0370462	0.00737062	0.0277495	0.0388209	0.0158196
95	P	3.09362	0.00935081	0.115415	0.012791	0.0116834	0.00692905	0.0132174	0.0114949	0.0798887	0.198717	0.00847327	0.0164026	0.0133941	0.228165	0.0161767	0.00176143	0.223577	0.0091978	0.00374138	0.00788348	0.00733254	0.00440827
96	I	3.29611	0.0254949	0.00700268	0.15318	0.00604405	0.00457553	0.00292984	0.0148367	0.275594	0.0247511	0.136076	0.0223428	0.00730813	0.0172164	0.0219579	0.00335176	0.00936793	0.00166153	0.0531026	0.0242487	0.141307	0.0476489
97	Y	2.98697	0.0309864	0.160493	0.0267635	0.00833791	0.00676328	0.0473213	0.010342	0.0327129	0.0045493	0.00307407	0.00790232	0.0105622	0.00525245	0.0685496	0.0111345	0.0243532	0.0213433	0.00294363	0.00985582	0.424183	0.0825762
98	K	2.74017	0.00298878	0.00786037	0.00547593	0.011169	0.00533536	0.00242212	0.0895612	0.0120766	0.408556	0.0208524	0.00933817	0.0109823	0.0201188	0.249204	0.0333845	0.00631768	0.0203656	0.00527731	0.00575536	0.00403995	0.068919
99	R	1.82684	0.0019763	0.0185766	0.00208126	0.00688514	0.0274482	0.0202727	0.00821113	0.00669893	0.687454	0.000983722	0.00439004	0.00120748	0.00294388	0.0128364	0.147274	0.00348274	0.0200198	0.0106605	0.00706885	0.00760982	0.00191879
100	V	3.6763	0.0239693	0.0239617	0.0491915	0.0351911	0.0345217	0.00641058	0.0568391	0.0253411	0.0318867	0.11788	0.197381	0.00875151	0.147946	0.00982699	0.00184815	0.0211938	0.00672621	0.110504	0.0191669	0.0685336	0.00292809
101	D	2.76252	0.0057426	0.00668318	0.327391	0.0135627	0.00706199	0.00569724	0.01824	0.00409217	0.00394604	0.230115	0.0102886	0.00623617	0.00949921	0.0621972	0.225533	0.00999763	0.0116702	0.0250977	0.00827189	0.00637303	0.00230427
102	R	2.81121	0.00243742	0.0132543	0.00187661	0.00386819	0.00476107	0.31771	0.00349782	0.00240816	0.143002	0.229584	0.00315307	0.00534043	0.00514535	0.00535659	0.13303	0.0588206	0.0114172	0.00117234	0.0335298	0.00934841	0.011286
103	K	3.18446	0.327313	0.0146062	0.00528732	0.0180338	0.00498554	0.0313759	0.0264024	0.0122959	0.162685	0.0122471	0.0327787	0.0264551	0.0142307	0.0453993	0.0207175	0.00200823	0.0385308	0.182475	0.00948786	0.00832111	0.00436311
104	W	2.96107	0.0101091	0.0116451	0.0221011	0.018032	0.0665438	0.00711877	0.00599734	0.0248261	0.013145	0.00685293	0.0105246	0.00892656	0.00591183	0.00587052	0.0851132	0.0604942	0.00857373	0.0280106	0.443831	0.0138834	0.142489
105	M	3.6857	0.0263595	0.053401	0.0368411	0.0395999	0.0601406	0.00712009	0.0529388	0.111775	0.00266261	0.00614451	0.170565	0.0195308	0.203998	0.0298732	0.0472061	0.0119196	0.0330736	0.0646495	0.00378908	0.0118511	0.0065612
106	R	2.76192	0.07592	0.0102212	0.0320728	0.0579238	0.0294407	0.0252427	0.0141508	0.00838008	0.0144308	0.00385574	0.0202306	0.00853617	0.00616731	0.0152685	0.544067	0.0484489	0.00560086	0.0123928	0.0448158	0.0136643	0.00916936
107	E	2.95839	0.0190384	0.0291828	0.173403	0.447435	0.0293215	0.010927	0.0150667	0.0107728	0.0123254	0.0143483	0.0148708	0.0359349	0.00297366	0.0211668	0.00628932	0.00748842	0.00638676	0.0461755	0.015598	0.0683118	0.0129831
108	L	3.19967	0.0102347	0.0263344	0.00662314	0.00810835	0.0305452	0.120937	0.0132391	0.0224217	0.00913346	0.362314	0.0267683	0.00780228	0.0146603	0.168509	0.0316486	0.0065838	0.0630523	0.0203732	0.0325091	0.013182	0.00502026
109	V	3.02048	0.0333097	0.321397	0.0252182	0.00643909	0.0264689	0.0212043	0.0419052	0.00841934	0.00943784	0.0203896	0.0132771	0.00616178	0.013166	0.0391851	0.00983022	0.0415017	0.0106482	0.31628	0.00449901	0.0197852	0.0114773
110	L	2.79471	0.00270365	0.00905457	0.0175172	0.0390137	0.00895983	0.0263146	0.0532009	0.0965737	0.00584682	0.522077	0.0138099	0.0258925	0.00284442	0.0167271	0.0202489	0.0182956	0.0444245	0.0540611	0.00472859	0.0146293	0.00307662
111	Y	0.545401	0.000412422	0.000938967	0.00223068	0.000743831	0.000505971	0.000515408	0.00158073	0.00376918	0.000391755	0.00213822	0.935065	0.00167485	0.000879653	0.00207222	0.000201365	0.000160523	0.00553748	0.00744964	0.00135544	0.0277782	0.00459883
112	D	2.98363	0.0144705	0.00363301	0.22802	0.0412364	0.00821089	0.00206699	0.00499501	0.00370826	0.00272697	0.117465	0.0353768	0.293448	0.0758159	0.0062776	0.00363477	0.0142438	0.00466281	0.00281019	0.124543	0.0083867	0.00426638
113	K	2.64465	0.00267008	0.00715492	0.0164419	0.0185571	0.0094134	0.0036942	0.00400478	0.00686693	0.520325	0.00452556	0.0145927	0.0229039	0.00313404	0.0299231	0.0629581	0.00921702	0.00469087	0.0171302	0.130225	0.0269078	0.084664
114	E	3.42671	0.00750552	0.00380307	0.0424334	0.282575	0.0496394	0.024172	0.0040567	0.044805	0.189184	0.0131936	0.0101473	0.022982	0.0473263	0.071846	0.00677493	0.0215825	0.101627	0.00816485	0.0125006	0.018944	0.0167355
115	E	2.78029	0.0791001	0.00932389	0.109537	0.523581	0.0125409	0.00992003	0.0270258	0.0058252	0.0146838	0.00907909	0.0218783	0.0174681	0.0255954	0.0119092	0.0374336	0.0142487	0.0357601	0.0073239	0.00915498	0.0068664	0.0117436
116	I	2.87548	0.00659814	0.122698	0.00643656	0.00790711	0.04335	0.00283386	0.014461	0.456815	0.0313878	0.0101098	0.00595629	0.0379412	0.00886476	0.0156794	0.00558066	0.00715643	0.00817322	0.0429788	0.0432672	0.00246129	0.119344
117	R	3.29043	0.0317231	0.0924055	0.0612247	0.0244171	0.0101816	0.00333804	0.00486531	0.0026977	0.0656852	0.00713137	0.0256274	0.00688926	0.0171024	0.0257169	0.366455	0.00755083	0.0155283	0.123057	0.0223322	0.025918	0.0601532
118	R	3.09201	0.00928707	0.0220723	0.0174627	0.0669933	0.00941855	0.0192587	0.00836725	0.0119218	0.0202352	0.0183758	0.03029	0.0148045	0.0357451	0.0174577	0.431085	0.00538053	0.0257239	0.0150106	0.165002	0.0400236	0.0160849
119	I	3.24739	0.00781163	0.013881	0.0461921	0.0116085	0.011291	0.0161921	0.0169779	0.39826	0.00669497	0.0212994	0.0293901	0.0227525	0.00843729	0.110198	0.0137741	0.0146256	0.107839	0.022516	0.0273912	0.0694689	0.0233987
120	W	2.69534	0.0251763	0.024083	0.072616	0.0097329	0.0125444	0.00832181	0.0151989	0.0630511	0.0193831	0.0288857	0.0129733	0.0139013	0.00883168	0.0106201	0.00923727	0.0182858	0.0245459	0.00569372	0.567294	0.0104062	0.0392174
121	R	2.57922	0.0245095	0.00865803	0.00325166	0.00411724	0.00535545	0.0209059	0.024616	0.0151581	0.00641764	0.0299347	0.0110857	0.0213701	0.00284199	0.00408524	0.244656	0.476276	0.00982669	0.0276992	0.0056436	0.00381669	0.0497742
122	Q	1.81803	0.00136095	0.0252158	7.1169e-05	0.0014324	0.566767	0.00224891	0.00728674	0.0708636	0.00200881	0.00499822	0.00110685	0.000292305	8.70482e-05	0.0135247	0.00058693	0.00171201	0.0280462	0.270745	0.000627111	0.000254748	0.000763667
123	A	3.03876	0.443647	0.014146	0.00637052	0.0876334	0.0236487	0.0262126	0.00536928	0.00675338	0.00522125	0.0091362	0.0220722	0.0121768	0.00844825	0.00492327	0.0487183	0.0540153	0.0132696	0.0723393	0.102494	0.00981045	0.023595
124	N	3.02757	0.0178667	0.0152895	0.00420711	0.00338877	0.0640074	0.0993172	0.0163813	0.0265816	0.0172141	0.0115201	0.014728	0.40545	0.00614526	0.038832	0.012109	0.0431888	0.0102023	0.0114677	0.171642	0.00625834	0.00420309
125	N	3.54204	0.0375441	0.0101807	0.0329231	0.028359	0.0120947	0.0904521	0.0508582	0.0167385	0.00813094	0.0732135	0.0237831	0.347925	0.0153792	0.0442205	0.0280067	0.0506918	0.0198585	0.021092	0.012308	0.0653086	0.0109317
126	G	3.02269	0.0858994	0.00314583	0.00676987	0.178943	0.00826929	0.209665	0.00463903	0.01271	0.0043698	0.0346293	0.00307262	0.222354	0.000792958	0.00828891	0.0236893	0.159911	0.00294831	0.00192541	0.0139795	0.00957992	0.00441751
127	D	3.24208	0.00671706	0.0013478	0.0563902	0.0102058	0.185904	0.00386895	0.0153551	0.011174	0.000325743	0.0314074	0.0129405	0.0310592	0.000912769	0.144254	0.0598611	0.00646555	0.19306	0.192251	0.0197647	0.00121891	0.0155169
128	D	3.40981	0.0411006	0.0246746	0.11183	0.0176715	0.00996789	0.00304257	0.0189116	0.0372926	0.024655	0.0200325	0.00574841	0.234666	0.00926093	0.0575421	0.00774181	0.0413969	0.0522565	0.242122	0.00248327	0.00319191	0.0344113
129	A	3.48814	0.284151	0.00918882	0.00790729	0.0677421	0.00593943	0.0993966	0.0112507	0.0238097	0.017698	0.101848	0.0104612	0.0349261	0.00762971	0.0444573	0.0261788	0.127645	0.0686307	0.027651	0.00653039	0.00414278	0.0128153
130	T	2.55187	0.0100768	0.005518	0.00299461	0.000944676	0.00649766	0.00642666	0.00572933	0.00039314	0.0719373	0.0107803	0.159139	0.0631874	0.00162751	0.00472133	0.00267386	0.000170217	0.047922	0.455045	0.137581	0.00165935	0.00497492
131	A	2.99043	0.479608	0.0524316	0.011264	0.00711274	0.00815986	0.0812699	0.0371883	0.00542971	0.0144181	0.0172678	0.0499794	0.0463397	0.022218	0.035105	0.00431913	0.0724879	0.00701082	0.0145166	0.0155186	0.00866276	0.00969252
132	G	2.92799	0.0153177	0.0107968	0.0114785	0.0125263	0.011762	0.482929	0.0449205	0.0580726	0.0139474	0.0164742	0.021938	0.00787483	0.0238313	0.102168	0.00503652	0.0653383	0.00305321	0.0119749	0.00954129	0.0639669	0.00705192
133	L	2.87127	0.166149	0.00843781	0.012516	0.0147168	0.00720353	0.00595097	0.00777005	0.0865462	0.0115145	0.450553	0.0336352	0.00575615	0.0200703	0.0685751	0.0201832	0.00347906	0.0367917	0.00626082	0.00758942	0.012106	0.0141953
134	T	2.94872	0.0317213	0.0794603	0.00625047	0.0842365	0.00658589	0.00247746	0.0122002	0.00580514	0.00209228	0.00970845	0.0237291	0.00638769	0.00343061	0.0140417	0.0140046	0.0706149	0.431575	0.136897	0.0202119	0.00614673	0.0324231
135	H	3.00174	0.0848579	0.0883512	0.00274446	0.035569	0.0811757	0.00782574	0.429009	0.0178608	0.0194564	0.00432963	0.0168341	0.00816082	0.00656118	0.0922465	0.00511122	0.00552098	0.0170835	0.00672747	0.00754925	0.00379594	0.0592294
136	M	2.26694	0.00701282	0.00049123	0.00659439	0.00294667	0.0464792	0.00579211	0.00773138	0.551295	0.0045202	0.0497171	0.208007	0.00644677	0.00226367	0.00642033	0.00443262	0.00242205	0.00223404	0.0107538	0.00893681	0.0249442	0.0405579
137	M	2.57335	0.00469447	0.00634459	0.0664295	0.00586158	0.0184931	0.00694406	0.0184852	0.0257903	0.00641504	0.0283843	0.577443	0.016378	0.00982257	0.0285114	0.0227865	0.0106527	0.0216803	0.00892304	0.0127439	0.0963389	0.00687748
138	I	1.58827	0.0174644	0.00230885	0.00104853	0.000885373	0.0115666	0.011243	0.00309016	0.122165	0.00825916	0.0129566	0.0424805	0.00427676	0.000928295	0.00301337	0.00102626	0.00473014	0.00568423	0.00566431	0.00390171	0.00156906	0.735738
139	W	2.73307	0.0270075	0.0208415	0.0137034	0.0179748	0.0229396	0.0794543	0.014589	0.0262562	0.0153672	0.0273763	0.046316	0.0110961	0.0206426	0.00912271	0.0226722	0.00701763	0.00990009	0.00786634	0.56661	0.01441	0.0188367
140	H	2.89561	0.0194268	0.0336651	0.0154998	0.0156243	0.0183693	0.0227363	0.527442	0.0418257	0.00898192	0.0117034	0.0131183	0.0162332	0.0125203	0.0491276	0.0102803	0.0283966	0.0710148	0.00523418	0.0471193	0.0222184	0.00946243
141	S	2.53963	0.0311196	0.0238798	0.0123832	0.00834484	0.0225129	0.0210987	0.0235943	0.00989076	0.0218036	0.0142002	0.0250045	0.00967121	0.0395665	0.0171551	0.0145119	0.621789	0.00792057	0.0149756	0.0234513	0.0276148	0.00951136
142	N	2.60011	0.00867133	0.0144261	0.0129722	0.0130294	0.00980251	0.00462907	0.0117984	0.0145682	0.0664068	0.00615102	0.0384655	0.470849	0.00575239	0.0112264	0.00761907	0.247114	0.00956785	0.00534424	0.0188045	0.00921158	0.0135898
143	L	2.68614	0.00657552	0.0103219	0.0201516	0.00636747	0.0298106	0.0234917	0.00585172	0.0155419	0.0157578	0.578426	0.0543163	0.026456	0.024358	0.0167042	0.00370216	0.0147457	0.0156181	0.0196382	0.0524001	0.0232787	0.0364865
144	N	2.86559	0.0637394	0.0111719	0.0120841	0.0235239	0.0121767	0.00922517	0.011569	0.00710943	0.0369595	0.0117873	0.0428804	0.507098	0.00686017	0.103855	0.00336429	0.0279418	0.0160187	0.015349	0.0124164	0.0119338	0.0529359
145	D	2.53152	0.056801	0.01116	0.595649	0.0877158	0.0092769	0.0128729	0.0242608	0.0138669	0.00767007	0.00394593	0.0279804	0.0235525	0.0110911	0.0210219	0.0100664	0.00549839	0.00616111	0.0148187	0.0246954	0.0142417	0.0176524
146	T	3.21267	0.058993	0.00792224	0.11196	0.00532081	0.00798129	0.00354548	0.0163588	0.0224266	0.0191135	0.0216599	0.0318977	0.0247214	0.007322	0.0303208	0.0082908	0.291972	0.249575	0.0491676	0.0117447	0.013553	0.0061531
147	T	2.81154	0.00436536	0.0135492	0.0316116	0.0690858	0.0128085	0.00368544	0.0341631	0.0589081	0.0203714	0.00346941	0.0191759	0.0214657	0.0142429	0.0178293	0.038404	0.0100583	0.542568	0.0285193	0.0137511	0.0255376	0.0164297
148	Y	2.71283	0.00625985	0.0159024	0.0301017	0.00673342	0.0271064	0.00526052	0.0317883	0.0362675	0.00711391	0.00275617	0.0411693	0.0131255	0.017643	0.0160784	0.00566093	0.0394528	0.0165176	0.00562669	0.0209254	0.542882	0.111628
149	Q	2.35193	0.00292826	0.0806667	0.00240991	0.0033747	0.00716376	0.00670704	0.011318	0.0249772	0.0187308	0.0120792	0.0102486	0.00356732	0.0106233	0.276681	0.483048	0.00439583	0.0177188	0.00904367	0.0051755	0.00488939	0.00425272
150	R	2.53952	0.0172329	0.0143591	0.0157383	0.0185162	0.0174101	0.0412707	0.0280115	0.0104773	0.0243974	0.00730416	0.0146434	0.0139783	0.0154855	0.0497697	0.610209	0.00526847	0.0102548	0.00579211	0.052124	0.0117126	0.0160443
151	T	2.77614	0.00563455	0.00615914	0.043977	0.00713947	0.0074434	0.0157817	0.00418022	0.0026035	0.0469731	0.00320726	0.0142399	0.0133109	0.00385453	0.00621129	0.0644809	0.0877451	0.436045	0.00684402	0.0176306	0.00816027	0.198378
152	R	2.7464	0.00158217	0.00519442	0.0037549	0.0151174	0.131146	0.16883	0.00843776	0.0106585	0.0147783	0.00361281	0.0257144	0.00457246	0.0102715	0.0610139	0.427249	0.0121795	0.00217337	0.00314329	0.0789122	0.00293817	0.00872054
153	A	2.2923	0.648269	0.0111372	0.0382001	0.00789787	0.00520936	0.0256086	0.00550381	0.0110323	0.00947224	0.0374164	0.0220181	0.00614207	0.0215327	0.00913725	0.00159671	0.0419571	0.0143441	0.0122814	0.0041731	0.00825073	0.0588199
154	L	2.77728	0.00738652	0.00849511	0.00953136	0.0250134	0.0160732	0.00482964	0.0129554	0.114189	0.0134512	0.51528	0.0122161	0.0246455	0.00505737	0.0127495	0.0724411	0.0165272	0.0230829	0.00715899	0.0125272	0.0161895	0.0701994
155	V	2.84312	0.00794548	0.00690799	0.0126092	0.00899609	0.0277291	0.0182731	0.00683744	0.0130219	0.00993823	0.0160381	0.00623827	0.0116452	0.00370947	0.147681	0.0101538	0.347543	0.0141391	0.255208	0.00373221	0.00116514	0.0704883
156	R	3.00265	0.0104536	0.00848904	0.0147614	0.155531	0.0158621	0.038277	0.00330824	0.00147078	0.00779085	0.00564752	0.00344521	0.00302787	0.036947	0.00466554	0.413089	0.0405148	0.00287272	0.0532288	0.0669411	0.0423536	0.0713237
157	T	2.37552	0.0604365	0.0785233	0.000549129	0.000588817	0.000542747	0.00434822	0.00378412	0.551333	0.00771726	0.00247883	0.00547947	0.00464712	0.00122711	0.0288916	0.00773097	0.058691	0.13602	0.0196597	0.0180162	0.00444066	0.00489484
158	G	2.61093	0.0202772	0.00721424	0.00269566	0.0324631	0.00793671	0.396963	0.00572907	0.0297026	0.00707497	0.0096914	0.00422657	0.1812	0.00956216	0.0018344	0.0044571	0.023551	0.00957798	0.00313935	0.00613924	0.00227497	0.23429
159	M	2.74078	0.0423835	0.0237835	0.00622621	0.0268879	0.00262163	0.00347781	0.00585798	0.0263138	0.00328623	0.211283	0.44214	0.00296764	0.00901785	0.0142567	0.00567689	0.00819498	0.00693475	0.0983785	0.0115096	0.013109	0.0356924
160	D	2.55608	0.0106693	0.0179813	0.405805	0.0255807	0.00352882	0.0158671	0.00235118	0.00775393	0.00268001	0.00543173	0.247345	0.00508948	0.00313411	0.0139745	0.0124967	0.00410572	0.0121585	0.0115509	0.00620401	0.00776711	0.178525
161	P	1.12862	0.8405	0.00113966	0.00336308	0.00276681	0.000355809	0.028632	0.000115556	0.00687992	0.00477351	0.00278936	0.000915514	0.00702017	0.0563611	0.000494933	0.00405471	0.0177056	0.00482365	0.0121425	0.000537976	0.000876946	0.00375123
162	R	2.51367	0.0106271	0.0274729	0.00270291	0.0138115	0.0106339	0.047336	0.00206296	0.0119189	0.0889114	0.00509865	0.0354662	0.00440448	0.0100052	0.00219317	0.588285	0.0151856	0.0131713	0.00878337	0.0273866	0.0387957	0.0357468
163	M	3.17575	0.00108485	0.0693001	0.00265701	0.0101578	0.030456	0.0186494	0.00284763	0.162979	0.0129515	0.205293	0.261058	0.0109763	0.0017943	0.0490036	0.002936	0.0390178	0.00475184	0.0129604	0.0823739	0.00246947	0.0162821
164	C	1.46706	0.748987	0.0446495	0.000425471	0.00207042	0.00105987	0.0238932	0.000436172	0.00160263	0.0046326	0.0011754	0.00227034	0.118927	3.51233e-05	0.0049616	0.00186551	0.000390735	0.00205358	0.00676715	0.0193426	0.00812597	0.00632839
165	S	3.0589	0.164229	0.0148168	0.0242295	0.00327944	0.00871485	0.128759	0.0227146	0.00295171	0.00219591	0.0191197	0.0602762	0.0404293	0.0141041	0.00844167	0.00506479	0.383024	0.0237689	0.020766	0.00365459	0.0411177	0.00834302
166	L	2.81151	0.0544221	0.00509846	0.0255124	0.0304274	0.0130508	0.00679868	0.00364183	0.0106302	0.00315765	0.485459	0.0868358	0.00404494	0.007225	0.0995958	0.00686743	0.0105711	0.0651682	0.00293747	0.0192877	0.00391438	0.055354
167	M	2.68541	0.0293995	0.00685015	0.0194824	0.0211349	0.00519139	0.302099	0.00431874	0.0123592	0.00274426	0.0125389	0.401972	0.0684322	0.0167898	0.0261897	0.00165554	0.00387689	0.0111827	0.0166467	0.0123882	0.0116788	0.0130682
168	Q	2.96977	0.0891239	0.00407339	0.00619604	0.00919829	0.0785794	0.0044638	0.00896804	0.124159	0.0161069	0.0160153	0.0149344	0.0187036	0.00368275	0.421251	0.00951106	0.0305129	0.00358324	0.0993298	0.00485096	0.029466	0.00728985
169	G	2.69656	0.0682205	0.0183311	0.00881461	0.00500153	0.00866686	0.446128	0.0069503	0.0255589	0.251155	0.0247311	0.00802111	0.00405852	0.0170418	0.00751144	0.0168201	0.0110625	0.00875197	0.00639952	0.00648647	0.0201184	0.0301694
170	S	2.45284	0.0107079	0.00706431	0.0199511	0.00860362	0.0811839	0.00699839	0.0120195	0.00810435	0.0224735	0.0103862	0.0128624	0.0193312	0.0143625	0.00665576	0.0397042	0.614539	0.0193476	0.0050808	0.0388058	0.00659658	0.0352212
171	T	2.31664	0.00527208	0.0149633	0.00999523	0.027122	0.02305	0.00355218	0.00731286	0.0193121	0.00868114	0.0177411	0.0853115	0.0239817	0.00426259	0.0154824	0.00901184	0.00489959	0.640805	0.0125518	0.0169806	0.0101853	0.0395262
172	L	2.49423	0.0139335	0.0211901	0.020252	0.0260579	0.0113615	0.0134859	0.0297352	0.0777469	0.00735867	0.611694	0.031654	0.0081752	0.0197304	0.0236196	0.00675594	0.0140788	0.0305718	0.00518713	0.00468928	0.004575	0.0181475
173	P	2.64474	0.0725701	0.0289568	0.00771094	0.02043	0.0107551	0.0130223	0.0212222	0.00388192	0.0247419	0.0188512	0.00435738	0.0411257	0.578272	0.0128069	0.0125139	0.0158454	0.0498123	0.0294904	0.0106109	0.0049167	0.018106
174	R	2.73018	0.00815802	0.0085737	0.132226	0.0167554	0.0318767	0.0101789	0.00850523	0.00837936	0.0424271	0.00425076	0.0484173	0.0054591	0.00958644	0.0440278	0.520398	0.00413764	0.0259766	0.00977971	0.0319308	0.00297443	0.0259812
