#SITE	WT_AA	SITE_ENTROPY	PI_A	PI_C	PI_D	PI_E	PI_F	PI_G	PI_H	PI_I	PI_K	PI_L	PI_M	PI_N	PI_P	PI_Q	PI_R	PI_S	PI_T	PI_V	PI_W	PI_Y	PI_*
1	M	3.59434	0.0185451	0.0202248	0.0421815	0.0336824	0.0306981	0.0338529	0.133387	0.0158868	0.0258952	0.0160578	0.330734	0.0307264	0.0171515	0.0251369	0.0261664	0.0130357	0.019942	0.0169512	0.0702762	0.051451	0.0280167
2	A	1.28117	0.831839	0.00689324	0.00722106	0.0146797	0.00710397	0.00418882	0.00406643	0.00442229	0.0160257	0.0019473	0.0462599	0.00574239	0.00111919	0.00424573	0.00402784	0.00259652	0.00221971	0.00711967	0.0125095	0.00718794	0.00858446
3	S	2.56524	0.0174295	0.00296478	0.00490506	0.00209045	0.0217488	0.0028729	0.00400417	0.0403594	0.00586199	0.235689	0.0156695	0.00663773	0.00502077	0.0101952	0.00621983	0.230788	0.0185526	0.00308341	0.00371116	0.361237	0.000958315
4	Q	3.25414	0.0161548	0.0378326	0.00265083	0.049301	0.134881	0.00378792	0.00555277	0.0451358	0.00619163	0.287422	0.00854141	0.0506254	0.000113831	0.066054	0.000533665	0.020398	0.0169588	0.111401	0.000722553	0.134818	0.00092328
5	G	2.14666	0.00575314	0.00817877	0.039723	0.0147614	0.0101358	0.646451	0.00275081	0.00741586	0.0178798	0.0589555	0.0234322	0.0121029	0.00126451	0.00270188	0.00406102	0.105399	0.00604467	0.00373533	0.0166205	0.0044755	0.00815816
6	T	1.17257	0.00442067	0.00372163	0.00507907	0.00621899	0.00502366	0.00616949	0.0259101	0.00882999	0.00278893	0.00220556	0.00926648	0.0123186	0.00911083	0.0135314	0.00279482	0.00304109	0.855126	0.00426408	0.0139391	0.0034482	0.00279167
7	K	1.15639	0.00152137	0.00689759	0.00632403	0.010908	0.00435125	0.00278424	0.00280595	0.00589879	0.848562	0.00371484	0.0103421	0.0475529	0.00120523	0.0173764	0.0025589	0.00160387	0.00237912	0.00357295	0.00782376	0.00478762	0.00702873
8	R	1.5768	0.00273185	0.0227659	0.0074786	0.00787362	0.00792807	0.0303694	0.00274219	0.00414699	0.00426999	0.0117769	0.0116975	0.00476024	0.00463312	0.0254909	0.779523	0.00268084	0.00374295	0.00329451	0.0501443	0.00592949	0.00601956
9	S	2.32115	0.0124446	0.0124076	0.00361726	0.00366285	0.00867416	0.0036169	0.00577261	0.0494539	0.00665984	0.0876835	0.0406656	0.0771278	0.00164126	0.0307988	0.0018717	0.607533	0.00484005	0.0108772	0.00769779	0.00586501	0.0170887
10	Y	3.05108	0.33126	0.0164417	0.0279495	0.0163352	0.0598581	0.00248891	0.0903804	0.00785766	0.0088191	0.012852	0.0388352	0.0279264	0.00243899	0.00206159	0.000366505	0.0258164	0.00908438	0.0445409	0.00246486	0.250177	0.0220446
11	E	2.5207	0.006311	0.00616033	0.0623882	0.507136	0.00501025	0.00313565	0.00714108	0.0188435	0.0108426	0.00322439	0.0243957	0.0088221	0.00133954	0.0136917	0.0176394	0.0122226	0.006688	0.049463	0.209098	0.00562175	0.0208255
12	Q	2.72709	0.0601841	0.0315839	0.014663	0.00927213	0.0071775	0.000638335	0.0153306	0.0468978	0.509804	0.00568398	0.000607677	0.0319691	0.00129111	0.0778321	0.0117831	0.0946762	0.019718	0.00866958	0.00385525	0.000390926	0.0479717
13	M	2.73613	0.00422869	0.173556	0.0396763	0.00495576	0.00929658	0.00236042	0.0221896	0.0656368	0.00620476	0.00113029	0.478581	0.0550345	0.00749915	0.00428199	0.00614511	0.0043068	0.0270762	0.0184784	0.0145292	0.019487	0.0353456
14	E	2.20697	0.00879612	0.0109409	0.0705181	0.637037	0.00877022	0.0130481	0.0101396	0.00638891	0.0781162	0.0145798	0.013733	0.0086072	0.00159692	0.0129277	0.00269917	0.00210153	0.00305071	0.0101734	0.0126421	0.00523909	0.0688945
15	T	2.58628	0.00897644	0.039893	0.00565774	0.0195972	0.0108215	0.00454451	0.00739335	0.0586696	0.00463951	0.018856	0.0179841	0.0259953	0.00733265	0.0262625	0.000685592	0.0867783	0.564371	0.00386349	0.0649189	0.0106828	0.0120763
16	D	2.44993	0.017417	0.0134273	0.593272	0.113763	0.0113686	0.00357193	0.0148644	0.0162492	0.00901619	0.00356046	0.0525415	0.013792	0.00235522	0.00850091	0.00296873	0.0232334	0.00592857	0.0161015	0.0232095	0.0156985	0.0391598
17	G	2.21841	0.00639009	0.0212276	0.0101221	0.0139575	0.00676055	0.63678	0.0174425	0.00763649	0.0152328	0.00580359	0.014487	0.0298468	0.123294	0.00732144	0.00304572	0.0433738	0.00644159	0.00739861	0.0120874	0.00552265	0.00582771
18	E	3.24728	0.0327819	0.0229185	0.0193479	0.336562	0.012289	0.0318764	0.00343566	0.0105172	0.0382413	0.0398669	0.0119034	0.154927	0.0799367	0.0144447	0.00404015	0.0141564	0.00701527	0.00969819	0.00935475	0.13818	0.0085062
19	R	2.11819	0.0180302	0.0228068	0.0129383	0.0128214	0.019472	0.00350871	0.0570223	0.00587444	0.0064686	0.00524235	0.0177852	0.0307646	0.0172708	0.0131285	0.69179	0.00305529	0.0174585	0.00608088	0.0153631	0.0114524	0.0116651
20	Q	1.61968	0.000408934	0.000650265	0.000563485	0.00236563	0.00057382	0.000947877	0.00118314	0.00139647	0.00506889	0.00337205	0.00563153	0.000505931	0.158515	0.166801	0.00572261	0.632305	0.00576062	0.00128609	0.00160533	0.004347	0.00098914
21	N	0.731272	0.000216787	0.00106895	0.00144572	0.901196	0.000245069	0.0014278	0.00107279	0.000413941	0.0315034	0.000554648	0.000560496	0.0275855	0.00151245	0.000768225	0.00105553	0.0109278	0.0157953	0.000195912	0.000587	0.000460607	0.00140577
22	A	3.16368	0.228006	0.0272486	0.327854	0.00443943	0.0120236	0.00879129	0.0141984	0.0321185	0.0719318	0.00510553	0.0122497	0.00425353	0.00927669	0.0611239	0.0600377	0.0273132	0.0466669	0.03398	0.00252701	0.00210019	0.00875396
23	T	2.97921	0.0113265	0.00728562	0.00361779	0.0141226	0.00793403	0.00350542	0.063624	0.00256379	0.00398449	0.00731521	0.00759123	0.264041	0.00677363	0.242793	0.00873688	0.0622663	0.153875	0.00479632	0.114132	0.00810011	0.00161485
24	E	2.63789	0.00693758	0.00363196	0.0591349	0.547681	0.00781603	0.00346751	0.0417382	0.0104919	0.067681	0.0178808	0.00913001	0.0123463	0.00392798	0.0115347	0.0210558	0.0805525	0.0539885	0.00391969	0.00522182	0.0271679	0.00469346
25	I	2.76095	0.00576331	0.00382551	0.016434	0.0122891	0.00777098	0.0172437	0.00221995	0.391809	0.151797	0.0117117	0.0295093	0.00925418	0.0230179	0.232195	0.0323781	0.00302119	0.00450208	0.0162827	0.00376811	0.00222568	0.0229817
26	R	2.28955	0.0892006	0.00652912	0.00860946	0.00790425	0.00781617	0.00440992	0.00430391	0.0108258	0.0346159	0.0237917	0.0303723	0.00450286	0.00882085	0.00826347	0.629786	0.0695709	0.012965	0.00672686	0.00860034	0.00972535	0.0126598
27	A	2.55494	0.199839	0.00870899	0.00332834	0.001744	0.00128888	0.0202784	0.0553637	0.00474352	0.0261792	0.00421035	0.00645546	0.0294232	0.00114261	0.00461842	0.490492	0.00252819	0.0290802	0.00664998	0.0340731	0.00406557	0.0657873
28	S	2.6744	0.0517657	0.0337461	0.00227203	0.0126599	0.254227	0.0476907	0.0191612	0.00982668	0.0146182	0.00662401	0.045493	0.0211033	0.00523881	0.00357623	0.0113616	0.436278	0.00151728	0.00282786	0.00308249	0.00820117	0.00872863
29	V	2.52568	0.0027968	0.0355973	0.0136013	0.00535026	0.00648198	0.00109468	0.00221986	0.400676	0.00616556	0.00275363	0.0318025	0.00444896	0.0182816	0.00299359	0.0136996	0.0315825	0.00340186	0.322904	0.0157448	0.00544561	0.0729581
30	G	0.925381	0.0048999	0.00041348	0.000557863	0.00850158	0.000786398	0.0568389	0.0031415	0.000591663	0.000606302	0.00237174	0.00145933	0.00199199	0.00551189	0.864937	0.000685946	0.00541251	0.00220952	0.000301538	0.0375521	0.000889315	0.000340027
31	K	1.25936	0.00354754	0.00424881	0.00190199	0.799521	0.00309062	0.00154695	0.0021525	0.000754549	0.0910839	0.000204727	0.0262243	0.00361425	0.000182616	0.0146223	0.00810574	0.000474526	0.00259346	0.000554794	0.00212544	0.000931876	0.0325182
32	M	1.41926	0.000957154	7.70692e-05	0.00297714	0.000359934	0.000414759	6.18479e-05	0.000266916	0.0104358	0.000971464	0.000283494	0.0208735	0.0225203	0.00111721	0.000640437	9.78858e-05	0.403873	0.000578763	0.532482	0.000225091	0.000371256	0.000414329
33	I	1.00589	0.00155226	0.000622795	0.00441318	0.00146593	0.000438072	0.00228534	0.00206787	0.0516393	0.000181194	0.852834	0.00306341	0.000700454	0.000190459	0.000317475	0.00035215	0.00113116	0.0322884	0.0129739	0.0272423	0.00289395	0.00134671
34	D	3.28879	0.0597468	0.0105791	0.092935	0.172291	0.0684796	0.00811993	0.0135062	0.00834526	0.00746694	0.0119054	0.0132133	0.0102165	0.00217506	0.250165	0.0287053	0.146621	0.0802853	0.00195261	0.00911247	0.000485671	0.0036929
35	G	2.82164	0.00550369	0.0501636	0.0217527	0.0138728	0.0220078	0.514515	0.0030137	0.0627061	0.0063799	0.00330682	0.0150292	0.0653975	0.00589104	0.00350729	0.0205031	0.0526583	0.00777533	0.00413549	0.0645102	0.0233585	0.0340121
36	I	2.83289	0.00588311	0.0181697	0.0198568	0.0203847	0.0486857	0.0072324	0.173743	0.464697	0.00706757	0.00477821	0.0362978	0.0120103	0.00251334	0.0344028	0.0475833	0.00244029	0.00388523	0.0127838	0.0155556	0.00673632	0.0552933
37	G	2.64029	0.0105392	0.0105335	0.0217142	0.160987	0.0133762	0.534759	0.0282351	0.017695	0.020015	0.00363686	0.0159599	0.00487816	0.00305609	0.0365599	0.0160645	0.00840416	0.00530335	0.0196402	0.0232072	0.00984444	0.0355914
38	R	2.83739	0.0126578	0.0349667	0.00682252	0.0169527	0.0440696	0.0731185	0.00263672	0.00637202	0.00342403	0.0105548	0.0198047	0.0390334	0.00707312	0.0131299	0.397704	0.0172413	0.00189423	0.00827794	0.257749	0.0179615	0.00855484
39	F	2.27173	0.561517	0.0143917	0.00999679	0.00223835	0.220402	0.0312072	0.00118795	0.0112772	0.0119451	0.0185125	0.0223368	0.0176626	0.0110336	0.0057936	0.0132687	0.00398748	0.0244149	0.00202816	0.00756813	0.00750902	0.00172081
40	Y	2.20818	0.00232	0.0141295	0.00646456	0.00558437	0.0110087	0.00840083	0.14554	0.00697563	0.0148578	0.0134178	0.0112662	0.0120508	0.00749038	0.0337315	0.0142685	0.00989998	0.0127999	0.00285458	0.00542066	0.627453	0.0340643
41	I	3.24255	0.0102573	0.173575	0.00456901	0.0459449	0.00246283	0.0314383	0.0249501	0.160575	0.000524976	0.0895286	0.0571215	0.0057467	0.00102029	0.00566465	0.00573623	0.12507	0.223785	0.00373	0.0020246	0.0149015	0.0113733
42	Q	2.12418	0.0352448	0.00936594	0.0040378	0.00966132	0.00493403	0.00132456	0.026059	0.00386436	0.466017	0.00250472	0.00786835	0.0114304	0.002098	0.361404	0.00884879	0.00405499	0.00224802	0.00342578	0.0128355	0.00497874	0.0177938
43	M	3.05674	0.026429	0.0268885	0.00567756	0.00217372	0.00902335	0.00331861	0.0214274	0.026164	0.293369	0.137068	0.16526	0.00960256	0.00541538	0.00329299	0.103955	0.00429495	0.00501791	0.00402343	0.00423696	0.00266362	0.140699
44	C	3.03906	0.0127807	0.306988	0.0115378	0.00717394	0.0181818	0.0161217	0.00781225	0.0679527	0.319462	0.0343137	0.018757	0.0204615	0.00676975	0.0422869	0.00791056	0.0100273	0.00544871	0.0131851	0.0301264	0.024121	0.0185813
45	T	3.05686	0.00293778	0.112204	0.018095	0.0166068	0.0132486	0.0146376	0.0116905	0.0261163	0.0039023	0.101067	0.0382992	0.0179783	0.00290113	0.00620438	0.00699897	0.0350743	0.387655	0.150926	0.0131889	0.0168187	0.00344979
46	E	3.1645	0.0308353	0.086122	0.0380345	0.263161	0.0952034	0.00259412	0.0130667	0.0127216	0.0182317	0.00239511	0.00523472	0.0164978	0.00446717	0.01976	0.265554	0.00853179	0.00159486	0.00939905	0.0294595	0.00377128	0.073365
47	L	2.82883	0.00366266	0.0246377	0.0156514	0.0101451	0.0120051	0.00870231	0.0172435	0.00484174	0.19328	0.456443	0.0479233	0.0264272	0.0030925	0.00622311	0.0773995	0.00888081	0.0188486	0.0132514	0.0195581	0.018198	0.0135855
48	K	2.3591	0.555971	0.00975203	0.00187268	0.00604224	0.0151417	0.00270276	0.00365044	0.00806103	0.144729	0.00529944	0.016919	0.0213769	0.0116038	0.0214774	0.00113101	0.106046	0.0499364	0.00131293	0.00997817	0.0026355	0.00436065
49	L	2.25444	0.601747	0.00109619	0.000523392	0.00243429	0.0197791	0.0117058	0.00769443	0.00122634	0.00762042	0.0966282	0.0265994	0.00675132	0.00586668	0.00767009	0.100858	0.00239912	0.0233947	0.0138654	0.0522222	0.000497388	0.00942026
50	S	2.88868	0.0837023	0.00432124	0.0191042	0.255264	0.00073318	0.321935	0.0441751	0.00702117	0.00982549	0.00319904	0.00022861	0.0011348	0.00859832	0.0294934	0.0080225	0.0796751	0.100042	0.00267612	0.011924	0.00186289	0.00706135
51	D	3.21703	0.0278247	0.0153216	0.261767	0.0142553	0.00291311	0.218858	0.00285521	0.0580887	0.00359753	0.125858	0.0442358	0.00473972	0.115311	0.0248534	0.00519008	0.0237039	0.0199689	0.0152585	0.00291471	0.00449333	0.00799165
52	Y	2.43725	0.0194878	8.36117e-05	0.00702907	0.000474635	0.108503	0.00323923	0.0277541	0.00337573	0.000965344	0.00846942	0.0155104	0.00233733	0.00172887	0.000111132	0.00541852	0.408904	0.269585	0.000283859	0.015159	0.0990729	0.00250723
53	E	2.63943	0.0127491	0.0145764	0.0460434	0.418962	0.0132523	0.00403508	0.0117198	0.0023201	0.0200416	0.00518962	0.0199012	0.00614434	0.0042357	0.00655055	0.136263	0.00585208	0.00342971	0.0035839	0.0137134	0.0100041	0.241432
54	G	2.80316	0.0774185	0.0406538	0.00197795	0.0507788	0.00230546	0.196094	0.0220197	0.0042235	0.0043956	0.00389127	0.00266339	0.0261492	0.0135384	0.0173231	0.00984943	0.0726977	0.00460193	0.00862577	0.00813681	0.00384481	0.428811
55	R	3.19393	0.0138573	0.0704903	0.0656167	0.0188018	0.00337742	0.00871532	0.0461741	0.0287548	0.0285382	0.00468475	0.0166057	0.00830798	0.0131214	0.181893	0.318176	0.00647838	0.0108209	0.0066455	0.00521821	0.00529733	0.138425
56	L	2.79631	0.0154768	0.19122	0.0371391	0.00117218	0.00841525	0.00965362	0.00239969	0.00651996	0.00163899	0.131335	0.254012	0.270834	0.00507884	0.00515027	0.00394622	0.00267343	0.0261604	0.00963728	0.00144	0.0034131	0.0126841
57	I	1.43237	0.00403723	0.00189792	0.0649545	0.0084234	0.000297774	0.00282713	0.00165022	0.0888118	0.00392995	0.767004	0.0145599	0.000109113	0.00619016	0.000409713	0.00597676	0.00166865	0.00213743	0.0102352	0.000869015	0.0115269	0.00248338
58	Q	2.5447	0.0697865	0.00969578	0.00803468	0.0267733	0.00351531	0.00938203	0.0147698	0.0029095	0.00547549	0.0116116	0.00785432	0.0217245	0.0245884	0.582296	0.0683751	0.0608957	0.00252513	0.0189057	0.0165184	0.0257032	0.0086591
59	N	2.58728	0.0286021	0.0143337	0.0270947	0.0112566	0.0219222	0.0134944	0.00791457	0.00888146	0.0110373	0.0217517	0.0142316	0.443433	0.0033769	0.00214761	0.0372898	0.00452256	0.0110911	0.011088	0.0109538	0.00312714	0.292449
60	S	2.69044	0.00639073	0.0833042	0.00552402	0.011097	0.00631303	0.0181464	0.00648665	0.00942607	0.00683077	0.0383793	0.0394355	0.0700731	0.00837654	0.0142093	0.0216335	0.548594	0.0546565	0.0122549	0.0156989	0.0158161	0.00735401
61	L	3.01895	0.0109531	0.00755071	0.00170066	0.0104434	0.0356252	0.0145405	0.00191338	0.0186224	0.0140258	0.324845	0.00591209	0.0199994	0.01512	0.0116442	0.00238219	0.212671	0.117099	0.133878	0.00737371	0.00757756	0.0261223
62	T	0.464365	0.00106753	0.00141618	0.000732185	7.92981e-05	0.00195341	0.000819455	0.000516766	0.00326887	0.00313131	0.000355281	0.00658033	0.946844	0.0130467	0.00128149	0.000490452	0.00181351	0.0157151	0.00027484	0.000379463	0.000123852	0.000110453
63	I	2.70323	0.0098604	0.00361597	0.00375599	0.00845419	0.0117675	0.0155813	0.00179575	0.405928	0.0114833	0.0291381	0.00481848	0.00300126	0.214067	0.00720759	0.0459271	0.00467245	0.0424	0.00403298	0.0143056	0.00274135	0.155445
64	E	3.03458	0.0172395	0.00199586	0.0133641	0.305061	0.0379899	0.0106987	0.0216873	0.025726	0.00856429	0.0138259	0.0109881	0.0649862	0.0411779	0.00381019	0.0155656	0.00379668	0.0409315	0.00323697	0.0106491	0.0381051	0.3106
65	R	2.78373	0.0254626	0.0104974	0.00843444	0.120628	0.0196202	0.0137454	0.00810453	0.00611014	0.225234	0.00413544	0.0207165	0.0230574	0.00659269	0.0109488	0.423159	0.0196918	0.0110061	0.00605723	0.0106513	0.00510404	0.0210436
66	M	3.02089	0.0232362	0.0165331	0.0961169	0.0431392	0.0219271	0.019023	0.0144829	0.0181228	0.0180072	0.0120468	0.495261	0.0155854	0.00499803	0.0286847	0.0352845	0.00901426	0.0230745	0.0244022	0.048438	0.0124652	0.0201569
67	V	3.63499	0.0998824	0.0220524	0.0382627	0.0233419	0.0336274	0.0290104	0.031555	0.0376368	0.026175	0.022383	0.0711072	0.0392431	0.0112939	0.0323046	0.0191026	0.0307353	0.0233969	0.343731	0.0256504	0.019135	0.0203735
68	L	3.24731	0.0408848	0.0838	0.00871336	0.0391635	0.103929	0.00371912	0.0094526	0.17749	0.0169224	0.338496	0.0186296	0.0106731	0.0193655	0.00509267	0.0148206	0.00448503	0.0296308	0.00846826	0.0132074	0.0384384	0.0146174
69	S	3.03497	0.00980755	0.0278599	0.00487812	0.00259973	0.0188639	0.073084	0.0586207	0.146425	0.00729701	0.00491114	0.00932469	0.0136336	0.0343659	0.00503732	0.0072379	0.407061	0.0649267	0.0027059	0.00940249	0.0135047	0.0784525
70	A	2.57515	0.118079	0.00944451	0.262515	0.00802683	0.0101143	0.343647	0.0107367	0.00300495	0.00236998	0.00138022	0.0011124	0.0253669	0.000119837	0.00207546	0.0011873	0.0405248	0.00456449	0.000572817	0.00246808	0.00244031	0.15025
71	F	2.27545	0.0159855	0.00201467	0.0585125	0.00520406	0.102223	0.144133	0.00148649	0.00671594	0.0141958	0.000719595	0.00153884	0.00220806	0.0701307	0.00281605	0.000370442	0.00426932	0.000385409	0.0117273	0.00441502	0.546923	0.00402491
72	D	2.02574	0.00178085	0.000579131	0.164061	0.0761025	0.00174647	0.00515087	0.00227347	0.00156727	0.00385912	0.00547754	0.00492463	0.0250602	0.00379025	0.002906	0.0372662	0.00469767	0.0164063	0.00145174	0.61726	0.0101589	0.0134796
73	E	2.09376	0.0322035	0.0427016	0.00611393	0.0263907	0.00391296	0.000397709	0.0054333	0.00100153	0.0166614	0.000413288	0.00351307	0.000322591	0.000129216	0.00490248	0.00228807	0.00943821	0.0438476	0.520953	0.278466	0.000324375	0.000585436
74	R	2.97068	0.00928325	0.00586433	0.0054054	0.0284798	0.00365458	0.00475554	0.0160322	0.00634277	0.268258	0.130437	0.0357291	0.0147135	0.0110988	0.0158537	0.286514	0.0130655	0.0035202	0.012028	0.118261	0.00602935	0.00467519
75	R	2.98451	0.0470059	0.111101	0.00395198	0.00523917	0.0118699	0.00295824	0.0101496	0.00370236	0.069392	0.00162066	0.0203224	0.0534734	0.00248121	0.00527413	0.219186	0.00526233	0.328461	0.00473673	0.0141613	0.00145761	0.0781928
76	N	3.1949	0.0637638	0.0960502	0.00803388	0.114085	0.00609719	0.00351289	0.00423797	0.0256332	0.0280279	0.126278	0.00954977	0.359974	0.00167308	0.00907519	0.0465376	0.0199845	0.0208992	0.0186185	0.0243163	0.0103645	0.00328735
77	K	3.18248	0.00900418	0.196229	0.01269	0.0402786	0.00238547	0.00561852	0.0482526	0.0648587	0.0602641	0.0826931	0.000710765	0.0233228	0.021797	0.0138188	0.326005	0.0123608	0.000490314	0.0294643	0.000415343	0.000374256	0.0489659
78	Y	2.64179	0.0409418	0.080211	0.0278326	0.00681239	0.41883	0.00523624	0.00810609	0.0120586	0.00329363	0.0010486	0.00881892	0.0043491	0.00800823	0.00997254	0.0164437	0.00235405	0.0044435	0.00217759	0.00552921	0.248097	0.0854354
79	L	2.84448	0.0471769	0.0551953	0.011779	0.00357226	0.0121998	0.011885	0.00885971	0.0221094	0.0269926	0.527071	0.0331316	0.0112634	0.0125392	0.0871994	0.0209621	0.0254608	0.0173306	0.0133656	0.0334777	0.00222914	0.0161992
80	E	3.27944	0.00940215	0.00560264	0.0255147	0.299865	0.0121271	0.0133959	0.070128	0.0148258	0.0265186	0.0228137	0.0200979	0.117885	0.00250183	0.0113266	0.00381028	0.00466084	0.153768	0.126047	0.0139934	0.0429031	0.00281237
81	E	3.13827	0.011637	0.081484	0.0538466	0.448327	0.0296313	0.0356499	0.00956689	0.0118036	0.0469778	0.0437311	0.00399496	0.0191015	0.0185671	0.00343272	0.0335239	0.0392191	0.00644152	0.0660023	0.00424116	0.0141121	0.0187082
82	H	3.26284	0.0215428	0.000437028	0.00229684	0.00966856	0.0446508	0.00118242	0.096015	0.00438359	0.084298	0.00943253	0.0830417	0.0138711	0.00424935	0.312485	0.0402596	0.00524819	0.0208126	0.0169604	0.113976	0.112452	0.00273655
83	P	1.71145	0.0227638	0.011764	0.000844472	0.00167852	0.00326156	0.00637859	0.00144779	0.0439355	0.00444552	0.00760388	0.0413018	0.000690535	0.0841849	0.729078	0.0163541	0.0038658	0.0065258	0.00662934	0.000495681	0.00306334	0.00368719
84	S	2.65792	0.0130315	0.377492	0.00372215	0.000359777	0.000876788	0.104093	0.00317175	0.000425743	0.0027023	0.00365754	0.067319	0.0566427	0.00159669	0.0098782	0.00175947	0.0692278	0.251327	0.00970961	0.0148778	0.00207057	0.00605879
85	A	2.81371	0.135768	0.00460707	0.00904302	0.00138942	0.0123458	0.0262071	0.0160619	0.00710699	0.0249599	0.00383285	0.00190307	0.00860444	0.0174373	0.0111626	0.296034	0.116019	0.289652	0.00272775	0.00355314	0.00406642	0.00751811
86	G	2.69618	0.0219155	0.00843341	0.0016905	0.0136576	0.00776197	0.108821	0.359908	0.00247368	0.00947527	0.0322981	0.035432	0.306299	0.0283956	0.00565237	0.00536916	0.00915414	0.024246	0.000441098	0.00237545	0.000371595	0.015829
87	K	1.91295	0.00307212	0.00613041	0.0320607	0.00792154	0.00758594	0.00343179	0.00773056	0.00900632	0.725618	0.0117916	0.021505	0.00980542	0.021472	0.0111319	0.00859335	0.0160563	0.00363812	0.0226776	0.0109446	0.00406543	0.0557608
88	D	3.05129	0.00973279	0.019418	0.422366	0.023832	0.0068206	0.0497832	0.00353361	0.0391274	0.00378205	0.0194406	0.0540477	0.119048	0.00478665	0.00366257	0.00605737	0.0560704	0.0152044	0.0347842	0.00726106	0.00334383	0.0978978
89	P	2.83293	0.082381	0.0096121	0.00158108	0.00772068	0.262925	0.0292153	0.00452151	0.000549488	0.000948713	0.00626831	0.00589657	0.00327981	0.0982333	0.0073516	0.00946798	0.341658	0.00113209	0.0661149	0.00976104	0.02939	0.0219917
90	K	3.46115	0.0235336	0.00563975	0.0237628	0.0391579	0.000553102	0.0284343	0.249896	0.0225901	0.158901	0.0472646	0.0695052	0.0558439	0.00434422	0.00699996	0.0312063	0.100675	0.11145	0.00284328	0.00795298	0.00141414	0.00803266
91	K	1.79075	0.00670263	0.0080078	0.00455001	0.00809854	0.072377	0.00895828	0.0028599	0.00432715	0.740243	0.00650101	0.0114815	0.0267747	0.00582373	0.00672081	0.0261308	0.0186694	0.00601604	0.0152843	0.00795908	0.00455474	0.00795965
92	T	2.72914	0.0982892	0.0141321	0.00705934	0.00676441	0.00609012	0.0803151	0.00454044	0.00523156	0.00435014	0.0343284	0.0141033	0.0460162	0.0384622	0.00582922	0.00227138	0.0157675	0.510999	0.0167929	0.00868114	0.00491557	0.0750605
93	G	2.63643	0.00378583	0.0115308	0.0309399	0.0114116	0.00753156	0.513845	0.0059258	0.0064005	0.0377289	0.00305439	0.011976	0.00496348	0.171478	0.0459406	0.0189007	0.0266748	0.00906498	0.0053054	0.0535676	0.00709249	0.0128824
94	G	2.83285	0.0119701	0.0586738	0.00947559	0.0585475	0.0148136	0.534945	0.0690797	0.0183291	0.0157727	0.0123261	0.0422539	0.0138474	0.0206791	0.0158113	0.0191763	0.00735923	0.00665485	0.0115906	0.0124452	0.0338895	0.0123589
95	P	3.01166	0.00382962	0.0714602	0.0158852	0.0104305	0.0141185	0.0119254	0.0283039	0.0449859	0.124614	0.00243493	0.0225212	0.00657649	0.247773	0.0154	0.00289438	0.325759	0.01955	0.00330274	0.0116452	0.00521023	0.0113801
96	I	3.21109	0.0185357	0.0164441	0.127229	0.0128255	0.00885965	0.0102545	0.0108383	0.299098	0.0227894	0.192636	0.0238194	0.00885389	0.0116129	0.00711558	0.00390392	0.00821216	0.00401414	0.0412975	0.00738005	0.117464	0.0468162
97	Y	2.70496	0.0254264	0.175473	0.0111373	0.00516213	0.0100543	0.0418704	0.0261076	0.0171474	0.00513115	0.00253475	0.00746096	0.00894395	0.00513507	0.0284585	0.00722666	0.0121715	0.00803178	0.00485455	0.019267	0.483021	0.0953844
98	K	2.73676	0.00466287	0.0122872	0.00435693	0.0159096	0.0141992	0.00432484	0.0586008	0.00531478	0.393549	0.0111684	0.0158888	0.00714378	0.0151084	0.257118	0.0339503	0.00449357	0.0199793	0.0018009	0.00576052	0.00275894	0.111624
99	R	1.48584	0.000629651	0.013497	0.00220584	0.0042834	0.0118508	0.0181878	0.00320556	0.00286768	0.737486	0.000826152	0.00488497	0.00176994	0.00118803	0.00608543	0.153053	0.00459704	0.0206664	0.00200538	0.00639044	0.00315659	0.00116351
100	V	3.47884	0.0112519	0.0220488	0.035813	0.0408017	0.014262	0.00853856	0.069843	0.0343129	0.0226033	0.0926058	0.269864	0.00361393	0.13226	0.0107242	0.000611153	0.0201226	0.00653666	0.107675	0.0106887	0.0828586	0.0029636
101	D	2.99932	0.00870058	0.00678691	0.320829	0.0272509	0.00818063	0.00828081	0.019413	0.0131184	0.00641004	0.214249	0.0201035	0.05581	0.00641368	0.0710948	0.170811	0.00563742	0.00869546	0.0146019	0.00527396	0.0063991	0.00193936
102	R	2.92481	0.00350902	0.0112793	0.000843658	0.00612542	0.00462594	0.245807	0.00626491	0.00530062	0.214174	0.193318	0.00294119	0.00331969	0.00330245	0.00819232	0.154043	0.0696332	0.0112491	0.00128897	0.028043	0.0129561	0.0137833
103	K	3.17847	0.295389	0.00233767	0.00686505	0.0138985	0.00468572	0.0397189	0.0504092	0.0176606	0.168156	0.0162163	0.0475493	0.0135751	0.0102397	0.0372412	0.0301223	0.00124056	0.00897761	0.204797	0.0132249	0.00586149	0.0118338
104	W	2.84336	0.00968407	0.0201518	0.0186808	0.0351472	0.0564627	0.00531126	0.00232639	0.0289856	0.00576433	0.00406306	0.0107028	0.00294418	0.00604411	0.00295066	0.0635672	0.0723942	0.0028919	0.0164899	0.411281	0.00726251	0.216894
105	M	3.66636	0.0178045	0.0488193	0.0540515	0.034578	0.0988142	0.0174601	0.0395387	0.0957529	0.00252458	0.00816854	0.213233	0.0120216	0.147229	0.00893693	0.0708636	0.0114545	0.0179285	0.0685927	0.00525278	0.00699508	0.0199798
106	R	2.66698	0.048063	0.0194457	0.0147453	0.0588203	0.0393556	0.0132258	0.0120258	0.00738113	0.0143998	0.0123038	0.027718	0.0105219	0.00163059	0.0195694	0.578129	0.0439369	0.00842368	0.0112031	0.0292896	0.0142884	0.0155232
107	E	2.73926	0.0174106	0.0146335	0.110632	0.539051	0.0311937	0.00498679	0.025848	0.0353618	0.0110073	0.0548197	0.0176172	0.0100716	0.00515601	0.0226595	0.00431801	0.0072272	0.00587716	0.023686	0.0147435	0.0311252	0.0125748
108	L	3.16645	0.0183466	0.0522059	0.00683752	0.0076534	0.0401779	0.0690124	0.0133178	0.0173826	0.0106312	0.4144	0.0469175	0.00706565	0.0240286	0.143833	0.018768	0.0145169	0.0356437	0.0107673	0.0177248	0.0268888	0.00388055
109	V	2.90627	0.0611023	0.227584	0.0133982	0.0057264	0.0255437	0.0192706	0.0195725	0.0155224	0.0108455	0.00660278	0.016508	0.00770889	0.0160728	0.0212823	0.00637568	0.0544537	0.0112315	0.422101	0.00832019	0.0109809	0.0197966
110	L	2.4302	0.00265244	0.0123119	0.00494309	0.00928125	0.0106646	0.00676032	0.0386433	0.251562	0.0209648	0.501134	0.0123045	0.00963603	0.00829281	0.00392183	0.00791674	0.0100755	0.00981826	0.0564257	0.00580588	0.00642349	0.0104606
111	Y	0.448949	6.67967e-05	0.00146067	0.00187821	0.000763856	0.00111657	0.000201019	0.000180049	0.00422236	0.000513415	0.00164701	0.94748	0.0010978	0.000471802	0.000646458	0.000172393	0.000661656	0.00459475	0.00441304	0.00105765	0.0251366	0.00221841
112	D	2.56594	0.00527741	0.00294429	0.202938	0.0393711	0.00241307	0.000836077	0.00619457	0.00397252	0.00291225	0.075184	0.0121107	0.442067	0.0455954	0.00198276	0.00121898	0.0157108	0.00247611	0.00097573	0.116509	0.0028316	0.0164779
113	K	2.57474	0.00856336	0.00647081	0.00996803	0.0184382	0.00394447	0.00547221	0.0114536	0.00906581	0.550204	0.00478734	0.0139592	0.0223902	0.00163201	0.0924027	0.062161	0.00922462	0.0088398	0.00584796	0.0736722	0.0118377	0.0696648
114	E	3.28047	0.00674353	0.00613919	0.0972723	0.285893	0.046149	0.0164844	0.00313972	0.0437761	0.206983	0.0177365	0.00873597	0.0075235	0.0311874	0.0696491	0.00543352	0.00456315	0.0852251	0.00082523	0.0105809	0.0244859	0.0214731
115	E	2.72669	0.0509637	0.00738313	0.104794	0.531385	0.00946999	0.0045035	0.0576285	0.00914354	0.0554798	0.0087293	0.0125454	0.0189217	0.00960373	0.00830407	0.0195349	0.0106598	0.0365055	0.00590504	0.00683423	0.00780532	0.0238995
116	I	2.78197	0.00334773	0.0673183	0.00649696	0.0208877	0.0253162	0.00206687	0.00950388	0.463699	0.0483872	0.0046437	0.00472289	0.0584106	0.00371215	0.0127501	0.00526121	0.0118043	0.00229457	0.0300339	0.0464868	0.00516739	0.167689
117	R	3.1037	0.0421796	0.0682329	0.0264898	0.0371031	0.00430288	0.0114329	0.00415144	0.00323393	0.0108529	0.00479654	0.017234	0.00428066	0.0181604	0.0338435	0.422483	0.00836144	0.0196198	0.130519	0.0458964	0.0180392	0.0687866
118	R	2.98691	0.0106466	0.0236935	0.0245885	0.111654	0.00865481	0.00740055	0.00272353	0.00604251	0.0079616	0.00890157	0.043597	0.0110842	0.0179005	0.0184274	0.328829	0.00574174	0.0213997	0.00423175	0.277629	0.0397303	0.0191626
119	I	3.24384	0.00893277	0.0130005	0.0188171	0.0138106	0.0220989	0.0266612	0.0181749	0.432594	0.0113303	0.02955	0.0201998	0.0539749	0.0213002	0.0691344	0.0335122	0.0113391	0.0966571	0.0141664	0.0225139	0.0484854	0.0137465
120	W	2.88862	0.0114969	0.0516076	0.0600447	0.00894328	0.00966875	0.0115418	0.0119956	0.0451437	0.0106273	0.0111043	0.0315023	0.0113558	0.00635061	0.0162357	0.0294293	0.0401775	0.00938461	0.00468421	0.495046	0.00895377	0.114706
121	R	2.41782	0.0106059	0.00570674	0.00356272	0.00506235	0.00639333	0.00819689	0.0174201	0.0112335	0.0103727	0.0240696	0.00657866	0.0137667	0.00461001	0.00417988	0.284322	0.479282	0.0137157	0.0283331	0.00486193	0.00706823	0.0506588
122	Q	1.80228	0.000872355	0.0300862	0.000510699	0.000362247	0.583141	0.00179289	0.00700673	0.0688456	0.00127442	0.00353762	0.00339235	0.00136515	9.3933e-05	0.012129	0.000225855	0.000894989	0.0271728	0.254304	0.00102857	0.000770728	0.001193
123	A	2.87184	0.484307	0.0135974	0.00717626	0.0809902	0.013776	0.00776784	0.00562576	0.0288353	0.0061574	0.00175364	0.009888	0.00493966	0.0150604	0.00601465	0.0443495	0.0626724	0.031248	0.0926224	0.061335	0.00392329	0.0179597
124	N	2.93725	0.019368	0.0122976	0.00401765	0.00355428	0.0811235	0.11121	0.0352227	0.0130861	0.0176935	0.0145456	0.0144007	0.462904	0.00763449	0.0353013	0.00823706	0.0703638	0.00923007	0.00700301	0.0612225	0.00501012	0.00657379
125	N	3.24681	0.0312568	0.00554701	0.0164008	0.00873749	0.00888121	0.0634503	0.0566383	0.0126625	0.00918807	0.0876304	0.0159851	0.4188	0.0101283	0.0542182	0.0277703	0.0293569	0.023535	0.0138185	0.0285856	0.0683682	0.00904072
126	G	3.01608	0.0714742	0.006132	0.0108864	0.159778	0.00387394	0.226192	0.00158993	0.0205777	0.00151073	0.0228373	0.0167674	0.248611	0.000630443	0.0106697	0.0328266	0.141127	0.00431452	0.00281194	0.00551169	0.0085653	0.00331216
127	D	3.21985	0.00615815	0.00259564	0.0531285	0.0112808	0.188562	0.0029993	0.0148468	0.0110234	0.002058	0.027988	0.0129604	0.0302312	0.000819436	0.175441	0.0509413	0.00437357	0.17805	0.19025	0.0219558	0.00165873	0.0126784
128	D	3.31595	0.0322414	0.025583	0.0977739	0.0191195	0.00462821	0.0107863	0.0210941	0.0382709	0.0246763	0.0272876	0.00148647	0.26824	0.00959291	0.0616273	0.00487298	0.0361457	0.0508815	0.243621	0.00321663	0.00255924	0.0162947
129	A	3.38804	0.315422	0.0193592	0.00611666	0.040774	0.00579181	0.0955655	0.00332067	0.0149138	0.00521342	0.0804534	0.00824834	0.0539253	0.00399394	0.031565	0.0294196	0.127215	0.0875404	0.0219737	0.0109098	0.00502923	0.0332494
130	T	2.27474	0.00852065	0.00294485	0.00132617	0.000120014	0.00590446	0.00562153	0.00152953	0.000858523	0.0515108	0.00710322	0.164886	0.0526312	0.00307362	0.00254006	0.000929852	0.00211345	0.0477319	0.527615	0.1107	0.000229644	0.00211013
131	A	2.79928	0.547189	0.0498983	0.0224807	0.00695302	0.0115077	0.0339877	0.0552012	0.00569857	0.0339825	0.0172689	0.0279817	0.046421	0.01082	0.0219108	0.00481372	0.0412467	0.0117829	0.0185659	0.0194041	0.00705777	0.00582781
132	G	2.81674	0.00753501	0.0158097	0.0162177	0.00660646	0.00351432	0.457754	0.034097	0.149728	0.00718907	0.00991158	0.0115139	0.00590303	0.0122744	0.113875	0.00260746	0.0388018	0.00345468	0.0085969	0.0181656	0.0619167	0.0145273
133	L	2.84672	0.111155	0.00898921	0.0166872	0.0168538	0.0106332	0.0028824	0.0038267	0.193911	0.00465683	0.436431	0.032912	0.00946062	0.0211506	0.0290087	0.0144686	0.00362365	0.0234309	0.0189019	0.00698149	0.019937	0.014098
134	T	2.67775	0.0114532	0.0515373	0.00823062	0.0791836	0.00961299	0.00260559	0.0112057	0.00840641	0.00138689	0.014353	0.0160643	0.00648151	0.00236113	0.00401683	0.00598469	0.0731792	0.473888	0.176281	0.012037	0.00351667	0.0282142
135	H	2.86821	0.0487942	0.0673811	0.00642774	0.0197059	0.0651345	0.00154183	0.493891	0.0125278	0.0122089	0.010935	0.0186482	0.0172118	0.00838212	0.099545	0.00900612	0.0121206	0.0174803	0.00923024	0.00618526	0.00809575	0.0555465
136	M	2.2491	0.00542709	0.00309512	0.00327977	0.00547366	0.0591576	0.00805107	0.0139336	0.544168	0.00669458	0.0603095	0.212248	0.00362875	0.00290928	0.00452926	0.00214575	0.00133042	0.00191329	0.00665809	0.00454243	0.0172314	0.0332731
137	M	2.37284	0.00341944	0.0123461	0.0156498	0.00497595	0.0169311	0.00941525	0.0146953	0.0766073	0.0149987	0.0350356	0.623229	0.0161031	0.013301	0.0311195	0.00830831	0.00686322	0.0151593	0.00251609	0.0119345	0.0639462	0.00344534
138	I	1.42365	0.00901936	0.00161141	0.00128367	0.000881858	0.00858427	0.00658952	0.00275749	0.133727	0.00502056	0.020668	0.0237778	0.0036485	0.000621024	0.00105301	0.00102397	0.00199971	0.00189881	0.0102553	0.00388654	0.00395993	0.757732
139	W	2.41542	0.00719588	0.0247005	0.0132183	0.00817606	0.0248616	0.0347584	0.0145319	0.0226693	0.0183513	0.0261306	0.0124676	0.0126225	0.0188988	0.0066584	0.00756893	0.00803558	0.0108179	0.00722001	0.632858	0.0175127	0.0707453
140	H	2.75328	0.0172407	0.0118004	0.028322	0.0101618	0.0180473	0.0165352	0.566366	0.0383492	0.0154909	0.0185361	0.0174586	0.0148504	0.00798239	0.0400642	0.00632233	0.0144839	0.0262169	0.0144238	0.0705515	0.0275579	0.0192385
141	S	2.27214	0.00791337	0.0215872	0.0106849	0.00871691	0.0359384	0.0134187	0.0180941	0.0101191	0.0116565	0.0211863	0.023619	0.0198033	0.025026	0.018352	0.00419343	0.672964	0.0124731	0.00769199	0.0233669	0.02383	0.00936467
142	N	2.55815	0.00915494	0.00736675	0.0141207	0.0119306	0.00911684	0.0105483	0.00852922	0.00706722	0.0528819	0.0131607	0.0294443	0.462075	0.00746267	0.0201532	0.00931801	0.275706	0.00338615	0.0050584	0.0179983	0.0178259	0.00769444
143	L	2.41234	0.00744755	0.00774206	0.0123028	0.00932603	0.0320654	0.0168938	0.00607523	0.0165535	0.0057764	0.626103	0.0478231	0.0552137	0.0137672	0.00537864	0.00673592	0.00871494	0.0158417	0.0268884	0.0137691	0.0119831	0.0535988
144	N	2.7103	0.0468182	0.00968354	0.0115643	0.0233306	0.0124526	0.0122195	0.00867189	0.0221378	0.0157061	0.0187224	0.0144236	0.543991	0.00309056	0.0756217	0.00425813	0.0202534	0.0161196	0.0174913	0.0172596	0.00644125	0.0997427
145	D	2.47767	0.0319335	0.0110492	0.562484	0.158563	0.0118121	0.0175112	0.0153303	0.0089331	0.00601613	0.00353611	0.0229076	0.0151048	0.0030333	0.0142045	0.00736683	0.00305973	0.00519892	0.00439164	0.0256776	0.0237117	0.0481743
146	T	3.09498	0.069402	0.00488764	0.0844008	0.00449014	0.00949091	0.0107039	0.0102643	0.0199893	0.0406781	0.0108441	0.0359553	0.0158397	0.00756625	0.00523998	0.00505701	0.325151	0.249963	0.054553	0.0111506	0.0149431	0.00943061
147	T	2.70851	0.00445103	0.0195246	0.00972844	0.050687	0.0162696	0.0124376	0.0264506	0.0248194	0.0326817	0.00336388	0.0440343	0.0561808	0.00423543	0.0316645	0.0171086	0.00940033	0.566112	0.014756	0.0215576	0.0310015	0.00353469
148	Y	2.46933	0.00439524	0.0219018	0.0148834	0.0126284	0.0247612	0.00744269	0.0184379	0.082531	0.0111778	0.00682617	0.0138898	0.019723	0.0091896	0.0110765	0.00412023	0.0192058	0.0121582	0.00379141	0.0113467	0.590985	0.099528
149	Q	2.44557	0.00421439	0.0653804	0.00194289	0.0190951	0.00202278	0.00877506	0.00764417	0.0291417	0.0194251	0.00691762	0.01222	0.00401924	0.0183266	0.319973	0.431585	0.00326122	0.0221507	0.00299835	0.00691533	0.00813892	0.00585219
150	R	2.50618	0.0160402	0.0111006	0.0241083	0.00968133	0.00896431	0.063991	0.0271245	0.00994802	0.0140188	0.00984995	0.0184123	0.0242776	0.0177008	0.0691189	0.604205	0.00488154	0.0125182	0.00375135	0.0341322	0.00972479	0.00645068
151	T	2.60845	0.00413552	0.00710851	0.01906	0.0149559	0.022464	0.00811228	0.00557356	0.0122199	0.0517446	0.00274059	0.015088	0.0208586	0.0101792	0.0140906	0.0179774	0.0976737	0.559684	0.0102424	0.0183912	0.00786732	0.0798328
152	R	2.72925	0.00282214	0.0133737	0.0038534	0.0121796	0.100484	0.1693	0.0133907	0.00303594	0.00487411	0.00441922	0.025155	0.00219034	0.00677771	0.0706388	0.443797	0.0139236	0.00300823	0.0042862	0.0803746	0.00412577	0.0179905
153	A	2.14247	0.687805	0.017145	0.0304742	0.00578438	0.00976792	0.0248933	0.0104683	0.00777655	0.00840965	0.0405301	0.0149799	0.0116627	0.00920912	0.00933474	0.00585962	0.0201601	0.013408	0.0101435	0.00637797	0.00687905	0.048931
154	L	2.38299	0.00485956	0.00247362	0.00315137	0.00519727	0.0127618	0.0144502	0.00769047	0.116819	0.00201297	0.590996	0.0103225	0.0169773	0.00468706	0.00763443	0.0614258	0.0120519	0.0282109	0.00828943	0.0137829	0.0151945	0.0610111
155	V	2.71459	0.00275698	0.0054454	0.0397102	0.0107027	0.00829898	0.0192183	0.00155743	0.00914086	0.0073941	0.0108934	0.00518824	0.0163635	0.000572957	0.156364	0.0124812	0.358924	0.0150931	0.258943	0.00115051	0.00102758	0.0587723
156	R	2.82842	0.00293162	0.00647416	0.0165652	0.142406	0.0328821	0.0389592	0.00209093	0.00262555	0.00631405	0.00702196	0.00343163	0.00250554	0.0317744	0.00507044	0.449942	0.0232165	0.0013185	0.0279074	0.109821	0.0232664	0.063475
157	T	2.28903	0.060993	0.071707	0.00411119	0.000507928	0.000558783	0.00560487	0.00441521	0.572228	0.00465088	0.000965223	0.000642013	0.00317487	0.0010106	0.0291179	0.00445992	0.0448416	0.135773	0.0231871	0.0216098	0.0057873	0.00465429
158	G	2.59689	0.0142951	0.00545565	0.00568059	0.0236017	0.00785879	0.465173	0.0108689	0.0252343	0.0028362	0.0108027	0.00468698	0.159143	0.00924832	0.0086884	0.00451821	0.0199049	0.000770107	0.0021893	0.036098	0.00948861	0.173457
159	M	2.68707	0.0322269	0.00780213	0.00748366	0.0165242	0.00195455	0.00865926	0.00446416	0.032168	0.00606276	0.206433	0.459405	0.00805212	0.00465918	0.0213261	0.00970091	0.00914906	0.00343065	0.102858	0.00892242	0.0161812	0.0325374
160	D	2.44393	0.0104086	0.0283123	0.456107	0.0253965	0.00744949	0.00819315	0.00340384	0.00976408	0.00381418	0.00247583	0.231201	0.00575552	0.00242164	0.00726646	0.0109093	0.00253243	0.0113011	0.00682887	0.00634338	0.00567644	0.15444
161	P	0.989182	0.863975	0.00104261	0.00195682	0.00213269	0.000672842	0.0257124	0.00078301	0.00480476	0.00312903	0.00145191	0.000321542	0.00483946	0.051619	0.00108164	0.00275571	0.013403	0.00416942	0.00872499	0.000304251	0.00211598	0.00500358
162	R	2.3128	0.0149826	0.020127	0.00899046	0.0140914	0.00543558	0.0430138	0.00369957	0.0138638	0.0513147	0.0106035	0.035029	0.00364055	0.00329411	0.00510619	0.643876	0.0115586	0.0125599	0.00376181	0.0239286	0.0504334	0.02069
163	M	3.06236	0.000617892	0.0722702	0.00270119	0.0096579	0.0159355	0.0158674	0.00224986	0.165546	0.0107303	0.201484	0.274747	0.00983778	0.00141049	0.0348875	0.002564	0.0284369	0.00529788	0.00655459	0.116942	0.00619605	0.0160658
164	C	1.08243	0.823153	0.0371896	0.000125006	0.000888665	0.00225643	0.015236	0.000483906	0.000574535	0.00271643	0.00130718	0.000447619	0.0933079	0.000105818	0.00423107	0.00128882	0.000226578	0.00166006	0.00485685	0.000935499	0.00652195	0.00248667
165	S	2.95956	0.175059	0.0165423	0.0199736	0.00799833	0.0149101	0.108918	0.0202395	0.00214482	0.00222642	0.0150288	0.0423657	0.0430186	0.00582928	0.0174261	0.00248726	0.415972	0.02751	0.0164706	0.00423842	0.0356835	0.00595785
166	L	2.66748	0.0326607	0.00152468	0.048032	0.0197942	0.0121107	0.0113946	0.00913347	0.00985281	0.0060765	0.491699	0.0728894	0.00765703	0.00480807	0.16703	0.00562574	0.00935727	0.0560931	0.00203988	0.00257094	0.00384827	0.0258019
167	M	2.5551	0.0127842	0.0132136	0.039381	0.00633504	0.00439986	0.367347	0.00319317	0.0107506	0.00485987	0.00718961	0.352307	0.0881046	0.00478161	0.00949501	0.00532009	0.00135067	0.00725846	0.0221925	0.0184624	0.00908413	0.0121894
168	Q	2.9415	0.13346	0.00424707	0.0135081	0.00637044	0.0679188	0.00672284	0.00472513	0.125812	0.00759059	0.0130875	0.00720333	0.0185625	0.00267192	0.393131	0.002221	0.0302489	0.00726475	0.117124	0.009343	0.00688151	0.0219057
169	G	2.51815	0.0686974	0.0143368	0.0268945	0.0061159	0.00731427	0.474257	0.00597325	0.003413	0.254415	0.0364538	0.0088596	0.00419933	0.00471405	0.00880038	0.016279	0.0155295	0.0120744	0.0056233	0.00738166	0.0163494	0.00231839
170	S	2.37826	0.00928355	0.0167114	0.00764407	0.00734625	0.0689832	0.0133385	0.0042407	0.00759041	0.0324009	0.00526569	0.0124382	0.0305316	0.0127172	0.0102826	0.0246563	0.633009	0.0277654	0.00519649	0.0394932	0.00615908	0.0249461
171	T	2.29246	0.0044439	0.0207666	0.0399277	0.0167183	0.0309646	0.00350179	0.0126017	0.0111273	0.0219376	0.00729297	0.0342019	0.0265561	0.00399071	0.0281765	0.00533724	0.00427423	0.659818	0.0212922	0.0149622	0.0100814	0.022027
172	L	2.16819	0.0073753	0.0114984	0.0135325	0.0263216	0.0137158	0.010021	0.0146207	0.094155	0.00366044	0.664983	0.00459705	0.00826279	0.034258	0.01292	0.00464401	0.018306	0.0224459	0.00811164	0.00539412	0.00529191	0.0158846
173	P	2.33646	0.0630851	0.030576	0.00278307	0.0147156	0.0245829	0.0144903	0.0119393	0.00203971	0.00974675	0.00865017	0.00564754	0.0263728	0.643259	0.0165286	0.00686835	0.0155356	0.0413895	0.0304778	0.0124881	0.00725861	0.0115653
