#SITE	WT_AA	SITE_ENTROPY	PI_A	PI_C	PI_D	PI_E	PI_F	PI_G	PI_H	PI_I	PI_K	PI_L	PI_M	PI_N	PI_P	PI_Q	PI_R	PI_S	PI_T	PI_V	PI_W	PI_Y
1	M	3.52323	0.0284175	0.0337098	0.034776	0.0418847	0.0303047	0.0235083	0.0608632	0.0236635	0.0407761	0.0240464	0.388534	0.0341608	0.023024	0.0364742	0.0268771	0.019314	0.0288138	0.0217241	0.0454658	0.0336622
2	A	1.66043	0.765586	0.00915673	0.00864623	0.0175673	0.0116189	0.00738525	0.0059846	0.0084399	0.00910322	0.00331156	0.0344386	0.00768293	0.00193318	0.00803766	0.00881275	0.00433083	0.00459568	0.0563304	0.0185596	0.00847879
3	S	3.5495	0.0585905	0.00418953	0.00671072	0.00241999	0.117752	0.00129214	0.0472999	0.0467247	0.00587917	0.228784	0.0187596	0.101857	0.0010841	0.043643	0.0212678	0.0991353	0.0215303	0.0152556	0.0658004	0.0920247
4	Q	3.71428	0.0238461	0.0285352	0.00705161	0.0540616	0.112274	0.00852741	0.0254734	0.12369	0.0140838	0.0760769	0.0282759	0.129293	0.000326794	0.0314895	0.000545419	0.0634955	0.0403791	0.0129459	0.0538856	0.165743
5	G	3.35064	0.166801	0.0539251	0.00817415	0.00437719	0.0117515	0.185454	0.0198811	0.0119026	0.00502949	0.00276878	0.00950944	0.0396501	0.0381148	0.00250312	0.122634	0.160838	0.122869	0.00210287	0.0169264	0.0147867
6	T	1.45765	0.00623793	0.0147588	0.0100367	0.00905428	0.00861469	0.00425106	0.0226648	0.00864447	0.00719742	0.00359409	0.0165955	0.0111414	0.0117518	0.00787237	0.00498169	0.00405515	0.810913	0.00416538	0.026473	0.00699673
7	K	1.57764	0.00357956	0.0213067	0.00949896	0.010349	0.00993424	0.00327064	0.0148173	0.00846647	0.781485	0.00280057	0.00899918	0.0505139	0.00336811	0.0225401	0.00411057	0.00267767	0.00465788	0.0063784	0.0171756	0.0140705
8	R	2.09269	0.00563633	0.0244579	0.00981225	0.0081699	0.00807014	0.0173188	0.00646851	0.00557191	0.00679172	0.0253015	0.0177718	0.00636572	0.0424307	0.0656596	0.684115	0.00533603	0.0120723	0.0108729	0.0309984	0.00677866
9	S	3.23552	0.207298	0.00955796	0.00591008	0.0145318	0.0369254	0.00665788	0.00537884	0.0191514	0.0044627	0.132364	0.0990061	0.040598	0.0130556	0.0368191	0.00609513	0.281111	0.0192842	0.00936103	0.0389826	0.0134493
10	Y	3.60128	0.0274199	0.00846313	0.0355789	0.00380418	0.0488817	0.0135184	0.12612	0.122879	0.0278715	0.127655	0.0407279	0.010451	0.0198295	0.0306544	0.00202823	0.0146662	0.0302702	0.162169	0.0019719	0.145041
11	E	3.34145	0.0252811	0.0686667	0.0368405	0.411132	0.0134866	0.0384405	0.019733	0.0226506	0.0276024	0.0186364	0.0756907	0.0302651	0.0134744	0.0293286	0.0171681	0.0151742	0.0224169	0.0701576	0.0298234	0.0140314
12	Q	3.77091	0.0204101	0.0410308	0.0102664	0.00568509	0.0429569	0.0179088	0.155628	0.028897	0.0896708	0.0734567	0.0259418	0.132124	0.010215	0.0749044	0.144765	0.0530998	0.0326103	0.00742766	0.0228838	0.0101176
13	M	2.76712	0.0186917	0.0191743	0.241634	0.0424491	0.00934412	0.0269832	0.00475376	0.0232872	0.00770353	0.0168217	0.442113	0.0398514	0.00359245	0.0179659	0.00868406	0.00724218	0.00986881	0.0262817	0.0271003	0.00645765
14	E	2.99644	0.0108227	0.0338487	0.0544243	0.353877	0.0103413	0.00535557	0.00835969	0.023908	0.255798	0.0160341	0.0210199	0.0947742	0.00389917	0.0176004	0.0128213	0.0139277	0.00997621	0.0222429	0.023636	0.00733328
15	T	2.81676	0.00614359	0.0122166	0.00676344	0.0119434	0.0709318	0.00481002	0.0343422	0.0586313	0.0109946	0.341401	0.0110855	0.0316332	0.00262439	0.0183623	0.00688763	0.0181731	0.319933	0.0088525	0.0131408	0.0111294
16	D	3.10644	0.027108	0.012474	0.379396	0.0459363	0.0177254	0.159756	0.00689288	0.0121278	0.00958147	0.00763616	0.0561636	0.0510254	0.00523316	0.0071509	0.11946	0.0331398	0.00889009	0.0089035	0.0169665	0.0144325
17	G	3.48006	0.0781747	0.058345	0.0106476	0.0208864	0.00515444	0.283662	0.0151013	0.052736	0.0379381	0.00837343	0.0194314	0.0231921	0.113577	0.150497	0.0342767	0.0159424	0.0357381	0.0157922	0.0173517	0.00318208
18	E	3.67439	0.0221376	0.0185822	0.111234	0.203319	0.0341005	0.0157625	0.04969	0.0283306	0.0181233	0.167261	0.00787875	0.0125107	0.0444501	0.0176668	0.00515858	0.02186	0.0426449	0.112473	0.0234085	0.0434082
19	R	2.76598	0.0140017	0.0345618	0.0474969	0.0133772	0.0734852	0.00746813	0.0373077	0.0105889	0.0225187	0.00542315	0.0220476	0.0121402	0.00914671	0.0145318	0.548804	0.0115427	0.029664	0.0424403	0.0152333	0.0282205
20	Q	2.25779	0.00968469	0.0127496	0.00817695	0.0124356	0.00796448	0.0079253	0.0118195	0.0131606	0.00927127	0.0101823	0.0159184	0.00667466	0.0921434	0.641933	0.0501565	0.0441764	0.0154021	0.00744482	0.0114699	0.0113102
21	N	3.44737	0.0257848	0.00708092	0.0207345	0.00568665	0.00478046	0.0156168	0.0214131	0.0182423	0.0592251	0.121426	0.296253	0.157337	0.0231116	0.0151986	0.0462199	0.0588697	0.0342001	0.0355557	0.0151582	0.0181058
22	A	3.47122	0.153687	0.00803686	0.00630507	0.00655338	0.021549	0.00802701	0.041399	0.00765146	0.0960516	0.00813362	0.00276682	0.0224942	0.0439888	0.0215437	0.0890011	0.0663815	0.204753	0.162703	0.013328	0.0156457
23	T	3.66216	0.0797301	0.0231715	0.00165646	0.0130127	0.0643328	0.0555568	0.289958	0.0214576	0.0220746	0.044686	0.0163383	0.0180516	0.0145407	0.0575391	0.0709961	0.063159	0.0666993	0.0257798	0.0104651	0.0407943
24	E	3.26579	0.0336338	0.0204996	0.0184667	0.321721	0.00531947	0.00217988	0.0166834	0.0597934	0.0163232	0.0123417	0.0264847	0.00346418	0.0246478	0.218688	0.0604134	0.00969397	0.0495804	0.0450431	0.0127847	0.0422378
25	I	3.3041	0.0108305	0.00798858	0.00971982	0.0351265	0.0114586	0.0352714	0.0136912	0.270593	0.0747187	0.0361088	0.0264394	0.0087433	0.00918419	0.0322365	0.143316	0.0280156	0.00838662	0.213221	0.0195637	0.00538626
26	R	3.11892	0.0653958	0.00827335	0.0173833	0.0174795	0.00997508	0.0162075	0.0414998	0.020572	0.208214	0.0374911	0.0127421	0.00599418	0.0107536	0.0356788	0.380946	0.0103455	0.00993489	0.0209424	0.0255695	0.0446018
27	A	3.33711	0.0736043	0.00901186	0.00423891	0.00430795	0.00588063	0.0152345	0.0536268	0.0248696	0.00832473	0.0695158	0.138317	0.0258377	0.0249462	0.186518	0.0472368	0.00636247	0.0193838	0.264162	0.00656009	0.0120617
28	S	3.52639	0.048715	0.037411	0.00669037	0.00308534	0.0145567	0.140884	0.0246855	0.0115801	0.0802705	0.0238728	0.0286727	0.0874725	0.0050066	0.0999961	0.0532611	0.264201	0.0354736	0.00940553	0.0136769	0.0110828
29	V	3.01593	0.17521	0.0153213	0.0184704	0.0168054	0.0155664	0.00963789	0.00712934	0.0742808	0.00729921	0.018562	0.0181762	0.0100709	0.0131907	0.0226947	0.0548456	0.0253642	0.0465033	0.42563	0.0113605	0.0138812
30	G	3.2779	0.161918	0.0088735	0.0138871	0.0375651	0.00587947	0.312151	0.00546599	0.00870545	0.0364813	0.0113932	0.0335664	0.062297	0.0243019	0.160523	0.0232686	0.0313189	0.00670563	0.0164201	0.0290673	0.0102111
31	K	3.51613	0.0171941	0.0842013	0.00826768	0.0142501	0.0589797	0.181477	0.0210884	0.0377035	0.268649	0.0201337	0.0460317	0.021908	0.00894263	0.0303052	0.086602	0.0357922	0.0169024	0.0246041	0.0100023	0.00696571
32	M	3.18344	0.00994572	0.022595	0.0129112	0.014858	0.0442043	0.0187473	0.026925	0.0221406	0.0197692	0.0115695	0.39195	0.127085	0.028204	0.0114965	0.00643031	0.131446	0.0104269	0.0215157	0.0188762	0.0489034
33	I	3.11698	0.202516	0.120476	0.00905816	0.00502334	0.00411944	0.0062549	0.00109591	0.107313	0.00608035	0.0396363	0.268664	0.0233879	0.0149341	0.00398444	0.00337318	0.0234709	0.0971784	0.0592994	0.00220893	0.00192591
34	D	3.95746	0.054826	0.119783	0.0962308	0.115006	0.072448	0.0454938	0.0526272	0.0411007	0.00865039	0.0766773	0.0980186	0.0556563	0.00165958	0.0162313	0.022115	0.024984	0.0142368	0.028096	0.0187873	0.0373717
35	G	3.28164	0.0610752	0.0210664	0.00585654	0.0103564	0.0131099	0.222472	0.0619579	0.0169717	0.0294732	0.0236102	0.0278123	0.0206663	0.0108532	0.0144223	0.0244356	0.325629	0.0565267	0.0225374	0.00832477	0.0228432
36	I	3.40854	0.0853214	0.0157634	0.0133621	0.0070714	0.00289684	0.0409602	0.00231907	0.126607	0.0100196	0.0242165	0.222977	0.00386629	0.00418753	0.0622688	0.0278628	0.0372982	0.160821	0.128623	0.016422	0.00713542
37	G	3.47327	0.0134095	0.0522509	0.0430237	0.157201	0.0536134	0.186861	0.0100867	0.00415853	0.0138215	0.00496219	0.051277	0.0445959	0.0491512	0.0109486	0.0125572	0.225673	0.0178413	0.0151285	0.0273069	0.0061314
38	R	3.71638	0.0439007	0.0285768	0.0396712	0.0166131	0.0401484	0.0673383	0.0634242	0.0325895	0.0124565	0.172745	0.0177105	0.0151335	0.0403827	0.0497195	0.241026	0.0197486	0.0213173	0.00668645	0.0390118	0.0317992
39	F	3.81121	0.0895301	0.0671615	0.015792	0.0532629	0.226367	0.00981136	0.0104445	0.0221002	0.0157534	0.0336925	0.0568724	0.0336043	0.0285451	0.0226508	0.0168322	0.0695016	0.03384	0.0408113	0.031755	0.121672
40	Y	3.51177	0.121277	0.00872796	0.12433	0.0145534	0.0277206	0.0173377	0.0663693	0.0310201	0.00580786	0.0216605	0.0178798	0.00833918	0.0293055	0.047859	0.0172834	0.0211515	0.0362445	0.0369156	0.0400681	0.306149
41	I	4.00552	0.0340261	0.0626293	0.0560198	0.0756992	0.0180552	0.0839989	0.00845217	0.0549142	0.00467082	0.0315805	0.0155037	0.105992	0.0977114	0.0515841	0.0100231	0.0586897	0.0807676	0.0190776	0.0947237	0.0358814
42	Q	3.14202	0.0464297	0.0616063	0.0137054	0.0267246	0.0210797	0.0265551	0.0552399	0.0175767	0.0213781	0.015376	0.0187499	0.015656	0.062061	0.471314	0.0226793	0.0185049	0.0148475	0.0250177	0.0255995	0.0198989
43	M	3.57259	0.0814702	0.0449607	0.0160958	0.0164005	0.0137224	0.0195122	0.0216807	0.0539184	0.0352914	0.0401202	0.347433	0.0732061	0.0129693	0.0296524	0.0233364	0.0359452	0.0420915	0.0414941	0.0169351	0.033765
44	C	3.95026	0.04304	0.158646	0.00860558	0.0386458	0.0204034	0.0920276	0.0131276	0.0754708	0.0289615	0.0803068	0.0231385	0.103055	0.0159889	0.0192244	0.0957605	0.020986	0.0484858	0.0326395	0.0445846	0.0369018
45	T	3.37063	0.0373559	0.117987	0.0132921	0.00986569	0.0198436	0.0143897	0.010108	0.0129555	0.0118112	0.168882	0.0388593	0.0324723	0.0818269	0.011495	0.0224253	0.0334147	0.310036	0.0291693	0.0112598	0.0125514
46	E	3.42393	0.00976658	0.0160072	0.0413173	0.364547	0.016913	0.0246915	0.00997238	0.0375386	0.0162217	0.0156206	0.0464678	0.0889835	0.0814694	0.0483676	0.011311	0.0285533	0.0805355	0.0224687	0.0263553	0.012892
47	L	3.48051	0.00500969	0.0260289	0.00831269	0.0199552	0.00795339	0.109324	0.015615	0.0634392	0.013936	0.207547	0.0554988	0.0225739	0.0224004	0.00994103	0.00946213	0.013353	0.0577294	0.202969	0.0102141	0.118738
48	K	3.62276	0.0489169	0.0451565	0.047638	0.0158641	0.0338348	0.00763766	0.0464687	0.0409558	0.297523	0.0357623	0.0336844	0.0556021	0.0167274	0.0341843	0.0186871	0.010839	0.139423	0.0444905	0.0189087	0.007696
49	L	3.64499	0.030439	0.0426006	0.0178257	0.0170688	0.0335655	0.0185614	0.0179288	0.0595024	0.0125821	0.194762	0.0595977	0.0378349	0.0209164	0.0175405	0.0116386	0.0234181	0.0218355	0.131675	0.021095	0.209611
50	S	3.91313	0.14911	0.0218478	0.0263594	0.0557235	0.107549	0.102465	0.0414433	0.00986122	0.0273689	0.0465901	0.0524488	0.0419102	0.119531	0.0222214	0.0147377	0.0725055	0.0381914	0.0256281	0.00259602	0.0219124
51	D	3.26639	0.0594443	0.00767009	0.0566597	0.0154703	0.0102862	0.0149978	0.0191779	0.0311172	0.00546919	0.0299766	0.00715744	0.274012	0.015547	0.132094	0.0212742	0.0270014	0.223646	0.0438858	0.00278078	0.00233234
52	Y	3.43862	0.094505	0.00932202	0.0168201	0.0112577	0.0171577	0.0784401	0.0112585	0.0182569	0.0363575	0.00853049	0.0230958	0.10098	0.00362464	0.00441865	0.0342275	0.0528449	0.290798	0.0197285	0.0264356	0.14194
53	E	3.53664	0.183638	0.038996	0.0662953	0.143118	0.0311647	0.010884	0.0288222	0.0203491	0.00388136	0.00951414	0.016652	0.0198873	0.00681449	0.0655815	0.0134047	0.0758097	0.0490407	0.00730096	0.00620613	0.20264
54	G	3.72038	0.0723187	0.0286714	0.0432297	0.0577714	0.0116853	0.26607	0.0214907	0.0194891	0.00798477	0.0134283	0.0382176	0.0595851	0.0539704	0.0753198	0.0150254	0.103173	0.0523568	0.00886221	0.022215	0.0291348
55	R	3.87324	0.0228618	0.0732866	0.0192726	0.0104326	0.0482744	0.00830741	0.0732706	0.0413494	0.150102	0.133756	0.035261	0.0127127	0.0344336	0.035585	0.116411	0.0251307	0.0182646	0.061453	0.00653725	0.0732975
56	L	3.69761	0.0451142	0.0430463	0.00924305	0.00543257	0.0179031	0.0393302	0.109607	0.0687902	0.0148644	0.0943809	0.0420857	0.229151	0.0141331	0.00841069	0.00548359	0.0733247	0.0828964	0.0665116	0.0151524	0.0151395
57	I	3.56642	0.054309	0.0377607	0.0152357	0.0160114	0.0148632	0.104705	0.00911465	0.211617	0.0064213	0.0772898	0.0204437	0.0234468	0.0245902	0.0888683	0.0250418	0.017578	0.0291317	0.20244	0.00984804	0.0112845
58	Q	3.55243	0.0329409	0.00500904	0.0296982	0.060541	0.027074	0.025235	0.125464	0.0104225	0.058783	0.0241773	0.0103274	0.169871	0.0252096	0.262837	0.0235979	0.0215968	0.0244911	0.0203767	0.013309	0.0290385
59	N	3.52889	0.0190582	0.0123667	0.084022	0.0273119	0.0178465	0.0378566	0.0853898	0.0124352	0.10863	0.0164125	0.0205006	0.299244	0.0181486	0.0164929	0.021342	0.0132489	0.108758	0.0481875	0.0218969	0.0108509
60	S	3.45631	0.0517429	0.0563011	0.0198094	0.0131473	0.00831856	0.208559	0.00761134	0.0725701	0.00763351	0.0261361	0.00665482	0.140513	0.00657571	0.0264638	0.00780141	0.16782	0.12829	0.0252939	0.0116191	0.00713982
61	L	3.75897	0.0360619	0.00648665	0.00868851	0.0159906	0.0196578	0.0678511	0.0396749	0.0679547	0.0201481	0.199283	0.0219278	0.0717521	0.0146003	0.0567033	0.0164289	0.0598647	0.0874647	0.154874	0.0140292	0.0205582
62	T	3.17545	0.0279953	0.0364684	0.00515037	0.00477207	0.00721875	0.052906	0.00755214	0.00592531	0.00446653	0.0207195	0.0131103	0.279894	0.015233	0.00955791	0.0463715	0.257072	0.119875	0.0275029	0.0147888	0.0434202
63	I	3.59108	0.137304	0.0975215	0.0209016	0.00930049	0.0411062	0.00932566	0.0147033	0.20374	0.0365355	0.164333	0.0543348	0.010718	0.0143713	0.0161494	0.0619726	0.0271201	0.0542964	0.00769904	0.0117454	0.006822
64	E	3.66334	0.0188219	0.0229749	0.06463	0.326535	0.0254743	0.0520897	0.0479883	0.0503052	0.0133588	0.0522187	0.0175777	0.0215902	0.0361852	0.0156487	0.0453337	0.0414045	0.042241	0.0159738	0.0247942	0.0648545
65	R	3.34785	0.0210044	0.0261774	0.0158231	0.046728	0.0146414	0.0344168	0.011225	0.0104079	0.0646894	0.0290655	0.0152116	0.0670025	0.0394905	0.0398877	0.41434	0.0246523	0.0439711	0.0417567	0.0269463	0.0125631
66	M	3.72378	0.0473998	0.0839272	0.0393616	0.0198226	0.178011	0.0208777	0.0236664	0.0499073	0.0622992	0.020021	0.211083	0.0178897	0.00809627	0.0858599	0.0226438	0.0182702	0.0371236	0.0214987	0.0195909	0.01265
67	V	3.83637	0.13191	0.0356828	0.0277705	0.039642	0.0302938	0.0421201	0.0388239	0.0345467	0.0348271	0.0205464	0.109316	0.0316559	0.010118	0.0281007	0.0216765	0.0477037	0.0130893	0.217545	0.0175216	0.0671102
68	L	3.68561	0.0293343	0.0333375	0.00718997	0.0186849	0.0396503	0.0561246	0.17068	0.130632	0.0189606	0.172562	0.0143517	0.0715785	0.0160995	0.0418144	0.0123751	0.104522	0.0134184	0.00924923	0.0272991	0.0121352
69	S	3.24734	0.0543165	0.0558733	0.031456	0.0261215	0.0161528	0.0758703	0.0122288	0.0111684	0.0067001	0.0203944	0.0368833	0.022697	0.0563841	0.0150588	0.0152743	0.432735	0.0413714	0.0344979	0.0184008	0.0164153
70	A	3.2555	0.234551	0.0184374	0.0288105	0.0149103	0.0107227	0.184436	0.0061986	0.0083072	0.0133296	0.0119239	0.00819216	0.0330521	0.0112546	0.0151919	0.0142366	0.191861	0.134238	0.0116367	0.0093102	0.039399
71	F	3.81499	0.0679003	0.0150145	0.0828002	0.00793095	0.181524	0.0125487	0.0131752	0.00602396	0.104655	0.0267881	0.00399756	0.049698	0.022415	0.0568116	0.104714	0.0277761	0.0392147	0.0525007	0.0330504	0.0914612
72	D	3.24509	0.020444	0.0361309	0.417506	0.0347469	0.0203429	0.0248453	0.0143295	0.0126491	0.0101288	0.0293367	0.0789484	0.0271956	0.0160774	0.0230374	0.107723	0.0209929	0.0497556	0.0373616	0.00777051	0.0106781
73	E	3.71773	0.0206478	0.0167713	0.0347768	0.0679008	0.0399899	0.0220846	0.0264948	0.203307	0.114364	0.136885	0.0153259	0.03019	0.0036453	0.0229504	0.026812	0.0563677	0.0429718	0.104755	0.00858204	0.00517854
74	R	3.4144	0.0447902	0.0111269	0.0111442	0.0295207	0.0364705	0.0168658	0.0191333	0.012455	0.082488	0.0987463	0.0358823	0.02623	0.0115895	0.0107815	0.3573	0.0702295	0.0178635	0.0751566	0.0171135	0.0151125
75	R	3.09146	0.0354357	0.0215575	0.0559429	0.0162611	0.0196502	0.0378815	0.0448371	0.0120774	0.145771	0.00874039	0.0265634	0.0170307	0.0107676	0.0136671	0.440876	0.00960167	0.0142748	0.0166769	0.0313983	0.0209881
76	N	3.12692	0.0166428	0.0110134	0.0128795	0.0402106	0.0122594	0.00556746	0.00772504	0.0571684	0.0210552	0.056863	0.0137421	0.120271	0.00592303	0.202229	0.00668984	0.0158819	0.0116542	0.018831	0.344283	0.0191101
77	K	3.67848	0.0957565	0.0586024	0.00470768	0.00523496	0.00748043	0.0589461	0.00977234	0.0387738	0.0521251	0.0268348	0.14969	0.0984336	0.00330207	0.0425064	0.179562	0.0871892	0.0378878	0.0302909	0.00938796	0.00351629
78	Y	3.18284	0.0127333	0.0167495	0.00850829	0.012072	0.127906	0.0336818	0.149383	0.0715153	0.0154506	0.00347001	0.0160787	0.0275929	0.00549027	0.0128178	0.0296044	0.0130098	0.00835648	0.0511125	0.0219592	0.362508
79	L	3.15234	0.00604809	0.0567778	0.00823996	0.0335801	0.0512905	0.0120555	0.0210314	0.105399	0.0144443	0.424382	0.0955126	0.0124166	0.0230701	0.0121089	0.0153219	0.0187835	0.0172333	0.0219501	0.0111675	0.039186
80	E	3.61712	0.0296954	0.0180308	0.0466075	0.316514	0.0924861	0.0179521	0.0264039	0.0469793	0.0329787	0.0300861	0.00776577	0.0669073	0.00395025	0.029981	0.0106543	0.0397932	0.0775698	0.0294141	0.0373233	0.0389071
81	E	3.62595	0.0114928	0.0348772	0.087513	0.313147	0.0586323	0.0568515	0.0221682	0.0414872	0.0293275	0.0428448	0.0136525	0.0733373	0.00948652	0.0109806	0.0228258	0.0265848	0.0365504	0.0505295	0.00676306	0.0509484
82	H	3.67892	0.0132262	0.110458	0.00254579	0.00345538	0.0641294	0.00530942	0.0988679	0.013583	0.0181929	0.0245466	0.152933	0.0392437	0.001836	0.169725	0.0381824	0.0443266	0.0271563	0.0242523	0.0900701	0.0579607
83	P	3.28385	0.0469989	0.021013	0.00832167	0.0228281	0.0113599	0.0381291	0.0466763	0.0200082	0.00899832	0.0104937	0.00764966	0.0415157	0.152063	0.384189	0.0139703	0.0478379	0.0302199	0.0435809	0.0262013	0.0179454
84	S	3.50185	0.210812	0.067927	0.00291325	0.00862801	0.00514708	0.0527938	0.0144543	0.0439983	0.00625316	0.0327276	0.0336651	0.198281	0.0144677	0.0137119	0.00803945	0.0811546	0.0981582	0.0186719	0.0830278	0.00516776
85	A	3.82745	0.12326	0.0589057	0.00939758	0.0271991	0.0114294	0.0605648	0.0316031	0.031925	0.0155213	0.0362253	0.0248763	0.182131	0.0347737	0.154107	0.0315761	0.0267015	0.0588271	0.0402297	0.00945295	0.0312934
86	G	3.63379	0.0679263	0.0133978	0.00681241	0.0138364	0.00715208	0.133364	0.099902	0.0130747	0.0236592	0.0960433	0.00721345	0.215283	0.0528641	0.0315561	0.0296514	0.104354	0.0417549	0.0117404	0.00932891	0.0210856
87	K	2.65489	0.0143103	0.0323681	0.00733496	0.0491227	0.00829934	0.0111434	0.0206696	0.022429	0.581372	0.00824452	0.0458368	0.0125966	0.0272402	0.00937516	0.0422589	0.0292009	0.0132688	0.0309083	0.00855586	0.0254646
88	D	3.0399	0.00635301	0.268486	0.327865	0.0374492	0.0209381	0.0309401	0.0169443	0.0391258	0.00526352	0.0157829	0.00864272	0.0845042	0.0169331	0.0147029	0.00736729	0.0625684	0.0154777	0.0100786	0.00762597	0.00295156
89	P	3.69349	0.106529	0.067755	0.00926608	0.0089883	0.0635711	0.0494966	0.0253814	0.0104669	0.0118064	0.0469634	0.0203125	0.00918698	0.176235	0.00742225	0.0113314	0.0492881	0.0200101	0.128952	0.147462	0.0295755
90	K	3.64852	0.0181299	0.0213852	0.0118506	0.00371219	0.00696293	0.0269571	0.0464852	0.148387	0.0881483	0.0280085	0.00787733	0.155948	0.00197826	0.0477676	0.0642343	0.0317379	0.183888	0.0575373	0.0261887	0.0228164
91	K	2.80417	0.0205322	0.0603951	0.0106861	0.0158731	0.0176988	0.00783385	0.029012	0.0140176	0.486138	0.00819678	0.032509	0.0257829	0.0164401	0.0155479	0.173567	0.0109088	0.011817	0.00643987	0.0270697	0.00953394
92	T	3.27813	0.02849	0.0273754	0.030889	0.0114329	0.0554137	0.0765139	0.0520203	0.0271522	0.0159448	0.0172918	0.0166238	0.124676	0.0105009	0.0251396	0.0131548	0.0329436	0.39566	0.0121768	0.0203865	0.00621364
93	G	3.19924	0.0135235	0.0114248	0.00726494	0.0251343	0.0110741	0.409833	0.0430529	0.0206082	0.00855834	0.0241253	0.0753473	0.0187459	0.0281479	0.0902425	0.0259722	0.0788261	0.0146375	0.00522292	0.0773966	0.0108616
94	G	3.2447	0.0191619	0.0346529	0.0857336	0.0504131	0.0144624	0.428166	0.0171013	0.0585889	0.0630249	0.040828	0.0189898	0.0386709	0.0259694	0.0173024	0.0136528	0.0111002	0.0129873	0.0105729	0.0239426	0.0146788
95	P	3.48491	0.156053	0.0110728	0.0296192	0.0109086	0.012106	0.206438	0.0306585	0.0101961	0.014569	0.00801979	0.0182574	0.0510739	0.232666	0.0339318	0.023022	0.033945	0.0176262	0.0427443	0.0321911	0.024901
96	I	3.4994	0.0102684	0.0178519	0.0121251	0.00387791	0.0884478	0.00879022	0.0173612	0.244539	0.0167699	0.12739	0.0452861	0.0266459	0.0123685	0.00745142	0.012874	0.0328622	0.106371	0.141759	0.0166353	0.050325
97	Y	3.52811	0.0338509	0.0464562	0.0149023	0.052248	0.0710552	0.0141833	0.00552435	0.0295362	0.257025	0.0290299	0.0106049	0.00790367	0.0120974	0.0350971	0.0736887	0.0167107	0.0184343	0.0488212	0.0189742	0.203857
98	K	3.83733	0.0515812	0.0493176	0.00498156	0.00848283	0.0251094	0.0143454	0.0700459	0.0136614	0.153091	0.0571079	0.0450484	0.126455	0.0122581	0.0212029	0.118881	0.0711536	0.0885326	0.0388363	0.0203276	0.00958106
99	R	3.62173	0.0193461	0.0179867	0.0256302	0.0269821	0.0112467	0.0192446	0.028537	0.0116714	0.0961925	0.0456245	0.014547	0.0495992	0.00827527	0.0496198	0.28534	0.0139172	0.103805	0.0481869	0.0289427	0.0953059
100	V	3.94554	0.075957	0.0248381	0.0124901	0.0412047	0.0255515	0.0326277	0.0370718	0.0685639	0.00951627	0.19676	0.0235823	0.0326323	0.0755602	0.057826	0.0590983	0.0558937	0.0222581	0.0951832	0.015614	0.0377711
101	D	3.64521	0.0486214	0.0260307	0.264067	0.0746164	0.00721022	0.0272003	0.0123561	0.0560981	0.0147379	0.0410607	0.0120025	0.0902412	0.114418	0.0255272	0.0121881	0.0421894	0.0797835	0.0358246	0.00761198	0.0082152
102	R	3.66557	0.0151676	0.0373694	0.0110507	0.0105109	0.143995	0.0243807	0.0166295	0.0129063	0.0755335	0.0631326	0.0214755	0.0266064	0.0136349	0.0157401	0.194518	0.0831874	0.0155474	0.0112796	0.148581	0.0587532
103	K	3.69699	0.0384328	0.0178836	0.0161007	0.0272028	0.00689957	0.0267635	0.132289	0.0296094	0.115031	0.0411051	0.0268088	0.136339	0.00800306	0.02036	0.0517398	0.047733	0.0365242	0.200978	0.0157952	0.00440206
104	W	3.35479	0.0153916	0.0138342	0.0122111	0.00870032	0.216439	0.0159101	0.0111765	0.123148	0.0114333	0.0305201	0.0140439	0.0139406	0.0195289	0.0113736	0.021336	0.0229201	0.0357177	0.119642	0.25169	0.0310432
105	M	3.9174	0.0154135	0.0503757	0.0825121	0.0272894	0.139774	0.0154562	0.0682809	0.0326925	0.0084376	0.0298406	0.178617	0.0445525	0.011858	0.0343116	0.0273318	0.0491314	0.0542602	0.0352659	0.0269587	0.0676406
106	R	3.37126	0.0339963	0.0207173	0.0191887	0.0327569	0.0172354	0.0273688	0.0250841	0.0227304	0.05523	0.0697942	0.0206197	0.0394429	0.0127173	0.0216169	0.416471	0.0157798	0.0271569	0.0473077	0.0263776	0.0484081
107	E	3.4465	0.0627627	0.0258329	0.0808546	0.321547	0.0171894	0.0107081	0.16764	0.00923953	0.0271548	0.0367341	0.0204135	0.0399661	0.0255865	0.0154734	0.0095363	0.0440446	0.022765	0.0294328	0.0220704	0.011049
108	L	3.62794	0.0209681	0.00624331	0.00903057	0.0110766	0.0457716	0.0611563	0.0344462	0.0286043	0.0359823	0.290496	0.0432436	0.0145726	0.141337	0.0357506	0.0213569	0.0507662	0.0497407	0.0557829	0.0142087	0.029466
109	V	3.73644	0.0263965	0.107578	0.00760598	0.104598	0.0559366	0.020487	0.0145693	0.114543	0.0732925	0.0222094	0.0328566	0.0103036	0.0212464	0.0519354	0.0263874	0.0220559	0.0410419	0.220135	0.0164744	0.010347
110	L	3.03349	0.0131682	0.0224196	0.0447041	0.0119894	0.0347439	0.01014	0.0266575	0.0825986	0.030365	0.494522	0.019316	0.0126153	0.0203798	0.020722	0.0151865	0.0151291	0.0215402	0.0372236	0.0402584	0.0263207
111	Y	3.63171	0.0196091	0.0101994	0.0117055	0.136223	0.0227742	0.00979325	0.0825681	0.0428441	0.00668591	0.0478554	0.0766061	0.0365628	0.0150423	0.0246075	0.0178563	0.0724795	0.228674	0.0190799	0.00424463	0.114589
112	D	3.56157	0.0363385	0.0672993	0.244914	0.0302933	0.014386	0.0406442	0.0492651	0.0133262	0.0158001	0.0597046	0.0193239	0.194298	0.0225404	0.0129075	0.0754272	0.0117068	0.0179532	0.00250632	0.00870154	0.062664
113	K	3.05856	0.00733317	0.0171004	0.0181037	0.0249597	0.0467244	0.00853925	0.050258	0.00659566	0.46883	0.0258559	0.0252236	0.0291474	0.00946779	0.0904961	0.0243064	0.0637393	0.041324	0.012886	0.0188815	0.0102272
114	E	3.71545	0.0514858	0.0286456	0.0614867	0.197082	0.0578995	0.013831	0.0190656	0.0336022	0.0830998	0.00766121	0.0332527	0.137545	0.0103265	0.0507646	0.0146466	0.0084276	0.0121613	0.00478258	0.127577	0.0466566
115	E	3.29284	0.0227782	0.0268732	0.0845253	0.426954	0.0147894	0.0202296	0.0140252	0.0406988	0.037906	0.0398966	0.0479928	0.0388936	0.016305	0.0474448	0.0329431	0.0311	0.0212074	0.0121105	0.010108	0.0132184
116	I	3.20176	0.0266715	0.166679	0.00939382	0.00650711	0.0113053	0.038448	0.00560614	0.221605	0.0167363	0.0201698	0.00294663	0.0283874	0.0172942	0.0128084	0.0128043	0.0088899	0.095121	0.262021	0.0242449	0.01236
117	R	3.67824	0.0130155	0.0870215	0.00658728	0.0138067	0.011078	0.0161037	0.0561762	0.0275632	0.0341062	0.11896	0.246236	0.00758927	0.00490022	0.039874	0.0647814	0.0596372	0.0539693	0.0690933	0.0127781	0.0567235
118	R	3.73062	0.0202162	0.0344532	0.011048	0.0732605	0.0132835	0.0366525	0.03647	0.0566662	0.0749484	0.0939867	0.0166329	0.00849115	0.0297015	0.0629253	0.271964	0.0194638	0.0148682	0.0492818	0.0237321	0.0519543
119	I	3.29629	0.0119931	0.0181468	0.0412217	0.0274317	0.0229856	0.0247253	0.0297846	0.416287	0.0213566	0.022733	0.0356149	0.0329499	0.0190613	0.025283	0.0144067	0.0272602	0.0379783	0.126107	0.0272156	0.0174575
120	W	3.28848	0.0196904	0.014363	0.00895396	0.0149624	0.0921324	0.0393301	0.0425659	0.0244763	0.0196538	0.0194166	0.0575624	0.0173133	0.0122396	0.0206455	0.00632185	0.0224536	0.00490595	0.0269808	0.304722	0.231311
121	R	3.63604	0.0162752	0.0365956	0.0254482	0.0132041	0.0103375	0.0109864	0.0297287	0.0387241	0.00954413	0.156938	0.0350566	0.101123	0.0124515	0.0156614	0.232173	0.112649	0.0509692	0.0264262	0.0183215	0.0473856
122	Q	3.6144	0.0157291	0.0678094	0.00412579	0.0246181	0.0125401	0.0107614	0.0598362	0.215209	0.0266817	0.125818	0.0741323	0.0327864	0.00724893	0.162816	0.0403805	0.0184443	0.02193	0.0586326	0.00982552	0.0106746
123	A	3.61846	0.295537	0.0700516	0.0159881	0.0133138	0.0143643	0.0702196	0.0174656	0.0345489	0.0118568	0.0580032	0.0180513	0.0229873	0.039599	0.0357306	0.0602098	0.111895	0.0587856	0.032882	0.00858029	0.00993024
124	N	3.76922	0.0246891	0.0586615	0.0181604	0.0521573	0.0873433	0.0184758	0.0324202	0.0269128	0.0188042	0.0184507	0.0698984	0.253086	0.04257	0.0357782	0.0222533	0.12385	0.0139195	0.0197768	0.0354895	0.0273029
125	N	3.87991	0.0315786	0.0437745	0.00624866	0.0115936	0.0907635	0.044924	0.0174825	0.0487856	0.011563	0.0947722	0.0381642	0.175247	0.0180864	0.101811	0.0305678	0.0834465	0.0279198	0.0349889	0.00913576	0.0791455
126	G	3.58454	0.106648	0.0329306	0.0195458	0.013476	0.00550653	0.170668	0.0243405	0.00769547	0.0131089	0.239198	0.0657005	0.0176255	0.00777216	0.0315124	0.0519789	0.053975	0.0770293	0.0250204	0.0239728	0.0122948
127	D	3.98335	0.0979771	0.0280678	0.0589992	0.0584388	0.0149545	0.0660961	0.0165081	0.0517891	0.0426485	0.132236	0.0343478	0.0316307	0.0201151	0.147781	0.0341771	0.0268825	0.0246781	0.0732008	0.013829	0.025642
128	D	3.88192	0.076878	0.0251549	0.0834418	0.0325593	0.188158	0.0233563	0.0807498	0.0200673	0.0140444	0.0814018	0.0148674	0.0322299	0.0319184	0.0169201	0.0284385	0.0372878	0.0584965	0.0391004	0.00382098	0.111108
129	A	3.90057	0.168316	0.0234887	0.0100453	0.0217844	0.0259245	0.0733181	0.0244423	0.0329965	0.128941	0.0577496	0.0474048	0.0289583	0.014224	0.0508045	0.0760689	0.0320926	0.0698191	0.090943	0.00556641	0.0171123
130	T	3.6536	0.0239772	0.112174	0.016778	0.0202285	0.0115168	0.0104002	0.0948583	0.00921509	0.190543	0.0247072	0.0380311	0.0183594	0.0395659	0.0388125	0.0655548	0.0410844	0.190835	0.0374974	0.00742089	0.00844029
131	A	3.12349	0.115091	0.0256734	0.0101161	0.024741	0.00616434	0.0118976	0.0452295	0.00446081	0.00615849	0.00512872	0.0675721	0.0496294	0.395794	0.0732884	0.00215868	0.098623	0.015308	0.0146493	0.0151623	0.0131545
132	G	3.41426	0.0574212	0.0254725	0.0472893	0.0090993	0.0109479	0.289765	0.0238413	0.127803	0.00740359	0.0260525	0.0628836	0.0268327	0.0169414	0.0264719	0.00938135	0.173031	0.0225113	0.0104332	0.016196	0.0102215
133	L	3.25891	0.00867687	0.0192729	0.16611	0.0162651	0.0256901	0.00654234	0.00899997	0.242208	0.0604722	0.225944	0.0620121	0.0084164	0.0130551	0.0212238	0.00682467	0.0121481	0.0135276	0.064168	0.013044	0.00539885
134	T	3.20152	0.0482601	0.0749828	0.0567237	0.0102047	0.0381013	0.0177572	0.0153491	0.016857	0.00452332	0.00733753	0.0413139	0.0192186	0.0195209	0.0211209	0.00480151	0.0877739	0.415543	0.0727135	0.0158498	0.0120475
135	H	3.39708	0.0175418	0.0108442	0.00775335	0.0257258	0.0524329	0.0311417	0.35011	0.0230097	0.0353166	0.0179824	0.17333	0.0226416	0.0292197	0.0485418	0.0352545	0.0328607	0.0212405	0.0130305	0.0182626	0.0337603
136	M	3.44729	0.0861296	0.130706	0.00905195	0.0309775	0.0198563	0.0140828	0.0087514	0.218305	0.0020898	0.0460668	0.0990926	0.00929799	0.00432987	0.14278	0.00712375	0.0195707	0.0245384	0.112329	0.00767117	0.00724925
137	M	3.04365	0.0245649	0.0234851	0.00572674	0.0145742	0.0809805	0.00816067	0.0316288	0.0578008	0.0229146	0.0553907	0.477229	0.00718063	0.0336856	0.0272678	0.0100248	0.00928909	0.0430592	0.0312249	0.0113116	0.0245008
138	I	2.94302	0.0494724	0.0117438	0.01112	0.0106677	0.0225035	0.0193169	0.00924765	0.506333	0.0130838	0.0612668	0.0561048	0.0294947	0.0470845	0.0126119	0.0117197	0.0168899	0.0168224	0.0209473	0.0594872	0.0140819
139	W	3.68065	0.0132077	0.0350079	0.00967916	0.0223483	0.136608	0.0218042	0.0633895	0.0299014	0.0191068	0.156031	0.0479998	0.0134707	0.0159049	0.046763	0.0204987	0.0162417	0.0118163	0.0214297	0.197924	0.100867
140	H	3.68783	0.0198523	0.0165541	0.0193265	0.1458	0.0188306	0.0458193	0.251636	0.0571075	0.00914228	0.019985	0.0297163	0.0604548	0.016415	0.0924717	0.00601718	0.0564685	0.0365233	0.0435063	0.0190872	0.0352868
141	S	3.44198	0.0165475	0.0472414	0.0230632	0.0249437	0.0234044	0.0721874	0.0167569	0.0493034	0.0175761	0.0159983	0.0186467	0.0286048	0.0470781	0.0164585	0.0136056	0.383435	0.0663806	0.0628359	0.0170301	0.0389026
142	N	3.5143	0.0284642	0.0290053	0.0149751	0.00650123	0.0772449	0.0530012	0.0402794	0.0148338	0.0221402	0.0461031	0.0464259	0.363846	0.052976	0.0270668	0.00990493	0.0377797	0.0134069	0.0273922	0.0512035	0.0374501
143	L	3.45086	0.0227838	0.130546	0.00872064	0.0110558	0.0144819	0.0523924	0.0460998	0.239911	0.0115398	0.223313	0.0321455	0.0137918	0.0119783	0.0152969	0.00755979	0.0239345	0.0242931	0.0350723	0.0505952	0.024488
144	N	3.45221	0.055982	0.068877	0.019162	0.0164707	0.021198	0.0659589	0.00738133	0.0251521	0.0242492	0.0135832	0.135082	0.336559	0.0341535	0.0268602	0.00329003	0.0197624	0.0333795	0.0559082	0.0255239	0.0114664
145	D	3.34629	0.0351519	0.0207915	0.369739	0.0245488	0.0133615	0.0905463	0.110954	0.0315317	0.0745615	0.0145819	0.0256052	0.0153329	0.0153493	0.00814498	0.013086	0.0297571	0.0649096	0.0116448	0.0139722	0.0164304
146	T	3.31314	0.0374888	0.0132451	0.0128694	0.0137001	0.0137888	0.0370615	0.0149468	0.008269	0.0294193	0.0161837	0.00870207	0.239041	0.0139673	0.0345157	0.0121664	0.0980121	0.27888	0.079858	0.0135273	0.0243577
147	T	3.29299	0.0155861	0.120359	0.0152267	0.01404	0.0238638	0.0179236	0.0463499	0.0428456	0.0235603	0.01923	0.0271463	0.032855	0.00961197	0.0639644	0.0125089	0.0188538	0.39593	0.0717227	0.0111572	0.0172645
148	Y	2.79101	0.00823686	0.0200464	0.025422	0.010996	0.0151395	0.0139891	0.0293955	0.0590133	0.0141419	0.0179709	0.0246198	0.0310729	0.0125951	0.0191345	0.0115744	0.0270608	0.0531362	0.0360694	0.0158033	0.554582
149	Q	2.80251	0.0127836	0.0177453	0.0106253	0.020345	0.0364104	0.0285601	0.019204	0.0279952	0.0245157	0.0123042	0.0184533	0.013662	0.0099223	0.55602	0.0234679	0.0212607	0.0398953	0.0241034	0.0628065	0.0199199
150	R	3.25316	0.00770694	0.0258327	0.0370892	0.0276068	0.0117649	0.00780206	0.0303924	0.0137356	0.0909092	0.0913072	0.0287897	0.0120872	0.0348459	0.0304481	0.41343	0.0461645	0.0112515	0.00863476	0.0447213	0.0254804
151	T	3.03723	0.0285033	0.00991127	0.0180255	0.0199743	0.0257469	0.0199194	0.029955	0.00895024	0.108172	0.0573028	0.0335361	0.00706674	0.00914799	0.0155156	0.00488736	0.0975988	0.451928	0.0232065	0.0173895	0.0132634
152	R	2.86829	0.019292	0.00731675	0.00387288	0.0323359	0.00565782	0.0017796	0.0795669	0.00680657	0.105868	0.00688276	0.0190115	0.0261969	0.0212794	0.0788312	0.474904	0.0294081	0.00666034	0.0133599	0.00802958	0.0529406
153	A	3.03566	0.492655	0.0375239	0.0130437	0.0231715	0.0219334	0.0212557	0.00578936	0.0219666	0.0127048	0.013405	0.0118157	0.016309	0.0254346	0.0540975	0.0272577	0.0539477	0.0654514	0.0282489	0.0383477	0.0156413
154	L	2.90823	0.0133598	0.0531702	0.00944267	0.0206465	0.00665137	0.00949222	0.00552727	0.275678	0.0152869	0.337506	0.0317404	0.0121335	0.0114548	0.00546071	0.00956854	0.0147392	0.0127111	0.127038	0.01908	0.00931294
155	V	3.06675	0.0297458	0.0355337	0.0245375	0.010073	0.0218597	0.0407222	0.0167867	0.0693163	0.0329516	0.021035	0.0193818	0.0248304	0.0113777	0.00790492	0.0264199	0.0572498	0.0271128	0.488561	0.0127064	0.0218942
156	R	2.71009	0.0286826	0.0209466	0.00952472	0.0124227	0.00525061	0.0138772	0.040125	0.0313471	0.037808	0.0117156	0.00912104	0.0240691	0.017618	0.0109792	0.567623	0.0594729	0.0390005	0.0292564	0.00647991	0.0246802
157	T	3.15779	0.027524	0.0606856	0.0297373	0.0035668	0.00335262	0.0121369	0.00901583	0.18851	0.00930512	0.00811538	0.00916719	0.0306967	0.00466704	0.0245245	0.00549712	0.280609	0.17464	0.094607	0.0150342	0.00860689
158	G	3.50438	0.0647098	0.0408327	0.0129501	0.0169396	0.00334528	0.220286	0.0711349	0.00730607	0.0027607	0.0941365	0.174126	0.0702665	0.00590446	0.0251086	0.00961011	0.0990878	0.047639	0.00888108	0.00649973	0.0184754
159	M	2.8813	0.0200909	0.0300138	0.0135976	0.00494843	0.0151906	0.0136238	0.0159674	0.0765581	0.0197012	0.287851	0.369976	0.0283236	0.0107016	0.0216164	0.00993166	0.0125193	0.00462751	0.023814	0.0153142	0.00563334
160	D	2.97164	0.00912377	0.0332258	0.454423	0.153242	0.0241896	0.0199511	0.0175108	0.0297821	0.00776874	0.0110051	0.00961854	0.0725605	0.0156508	0.0375352	0.012047	0.00790158	0.0387404	0.0185903	0.0211516	0.00598203
161	P	3.38762	0.0948017	0.026431	0.0132743	0.0110656	0.0177966	0.121967	0.00815561	0.015992	0.0435313	0.0229161	0.0216247	0.0133817	0.340173	0.0437121	0.0288424	0.100769	0.0314038	0.0264688	0.0122859	0.00540728
162	R	3.00599	0.060818	0.00983191	0.015184	0.0435656	0.0314157	0.0114007	0.0152703	0.0372729	0.0293885	0.0294599	0.0164165	0.0214752	0.0406871	0.0236864	0.507186	0.0244126	0.00847133	0.0165643	0.0209565	0.0365366
163	M	3.14325	0.020816	0.0442777	0.00834373	0.0136234	0.0456768	0.0117768	0.0132565	0.282096	0.00265306	0.0154076	0.103484	0.00401841	0.00190557	0.0174959	0.00256126	0.0135576	0.15309	0.205956	0.0324978	0.00750677
164	C	3.50655	0.155635	0.202304	0.0108847	0.00481617	0.00324726	0.00853927	0.00677283	0.0444712	0.0277655	0.0203482	0.0871108	0.0543571	0.0301191	0.0392947	0.00860693	0.0900549	0.0170298	0.164693	0.00832188	0.015628
165	S	3.25365	0.192624	0.0399347	0.0100162	0.0116881	0.0317973	0.0490181	0.0139414	0.0264903	0.00502833	0.0116778	0.0294073	0.0554665	0.0476107	0.0232205	0.00415748	0.322668	0.105131	0.00320789	0.00603674	0.0108769
166	L	2.99217	0.024935	0.0104274	0.0289665	0.117597	0.00474773	0.00991985	0.0173286	0.0186959	0.0206267	0.151448	0.0664143	0.0171928	0.00298703	0.390785	0.00240101	0.0873962	0.00869382	0.0107465	0.00629852	0.00239247
167	M	3.2807	0.0185676	0.0568581	0.0173384	0.0122919	0.0254683	0.016238	0.013213	0.0442828	0.0144116	0.112887	0.408374	0.00994701	0.0161454	0.0355817	0.0193847	0.0499865	0.0299335	0.0275182	0.0585716	0.013001
168	Q	3.45041	0.0873029	0.0366466	0.0121303	0.0164173	0.0197038	0.0158551	0.0182635	0.0225276	0.0303612	0.0224072	0.068547	0.0326181	0.0857156	0.351013	0.0407685	0.0868641	0.0154511	0.0143339	0.0141867	0.00888654
169	G	3.35224	0.0892644	0.0208917	0.0113013	0.158502	0.0296262	0.345505	0.0537361	0.0467429	0.0274265	0.0218769	0.0114573	0.057727	0.00687156	0.0100361	0.0138723	0.0238542	0.0172597	0.0193729	0.0220218	0.012654
170	S	3.14276	0.0224043	0.0214287	0.0252514	0.0226402	0.0458137	0.0497453	0.0456894	0.0226413	0.0201174	0.0246268	0.0124021	0.0158792	0.0196598	0.0321255	0.0213603	0.480223	0.0453581	0.0266488	0.0357605	0.0102235
171	T	3.31233	0.00992071	0.0908808	0.0838483	0.0239176	0.0166244	0.0407674	0.0194603	0.0238829	0.0228797	0.0134086	0.126813	0.0349397	0.0106846	0.0245628	0.0148584	0.0136147	0.369949	0.03799	0.00728331	0.0137138
172	L	3.18407	0.170642	0.0308107	0.00376006	0.0118305	0.0194153	0.00505808	0.0114939	0.221715	0.00856683	0.213874	0.00587361	0.0101614	0.01398	0.159431	0.0157278	0.0283173	0.0170009	0.0339499	0.00711597	0.0112765
173	P	3.44369	0.0553464	0.0183493	0.00894766	0.0427785	0.0183123	0.026544	0.0509251	0.0145949	0.140333	0.0151233	0.00756132	0.0154415	0.254011	0.193956	0.0100683	0.0582982	0.0221445	0.0221874	0.00593584	0.0191408
174	R	2.62008	0.00436899	0.00917638	0.0103847	0.0202729	0.00408597	0.0364969	0.00864228	0.0206437	0.0281682	0.0115372	0.0363778	0.106005	0.0258944	0.0204246	0.569498	0.0164581	0.0140962	0.0163949	0.0259788	0.0150951
175	R	2.78843	0.00930316	0.0167566	0.0233264	0.0414289	0.0122968	0.00780383	0.0147495	0.00813064	0.085539	0.02089	0.0259872	0.0448118	0.0120708	0.0071635	0.536287	0.0581012	0.0207759	0.0158963	0.0283306	0.0103507
176	S	3.13432	0.0802026	0.0217645	0.0113631	0.0139118	0.0262224	0.137485	0.0264675	0.0629169	0.00785678	0.0104886	0.0136962	0.00888452	0.0115436	0.0286956	0.0240047	0.421719	0.030203	0.0270013	0.0117001	0.0238721
177	G	2.53605	0.0138393	0.0239747	0.0105776	0.0493778	0.0638233	0.604578	0.0257209	0.0364291	0.0119046	0.0195021	0.0200143	0.0143756	0.00662053	0.0152937	0.0239149	0.0109094	0.0117642	0.00826491	0.0195149	0.00960007
178	A	3.54591	0.310594	0.0268169	0.0589713	0.0160448	0.00596965	0.0307759	0.0295532	0.0298994	0.0372778	0.0272452	0.00831374	0.164037	0.0311502	0.0409947	0.0215938	0.0529209	0.0233213	0.0425207	0.0164686	0.0255309
179	A	2.93769	0.506757	0.0635949	0.00853013	0.0136938	0.0541646	0.0372186	0.0154598	0.0127186	0.0242639	0.053726	0.0450092	0.0124937	0.0113517	0.0254712	0.0122653	0.0494846	0.00661323	0.0175631	0.0183458	0.0112745
180	G	2.59254	0.0289017	0.016072	0.0484194	0.0205618	0.0716363	0.590215	0.010582	0.00933068	0.0230087	0.00961671	0.0284708	0.0173124	0.00901793	0.0340644	0.0129183	0.00696547	0.0100039	0.0133335	0.0221428	0.0174257
181	A	3.61623	0.194216	0.0624347	0.00592468	0.0453957	0.19506	0.0330343	0.0702028	0.00345534	0.0399522	0.0679072	0.0341737	0.0174843	0.00195418	0.10882	0.0209903	0.0366476	0.0158415	0.00959711	0.0269225	0.00998606
182	A	3.298	0.360578	0.0282253	0.0148953	0.00658636	0.0376081	0.032039	0.0474404	0.0132082	0.00689762	0.0232665	0.0243257	0.176031	0.0175782	0.0267516	0.0101717	0.040259	0.0104657	0.015672	0.0401042	0.0678961
183	V	3.19297	0.0630422	0.0328379	0.0379154	0.0144781	0.00945374	0.0156801	0.0425104	0.142937	0.0222646	0.018583	0.0309534	0.0106822	0.0190641	0.0146678	0.0161028	0.0276799	0.0364891	0.415767	0.00526763	0.0236242
184	K	3.1166	0.028485	0.0270273	0.00529698	0.0165506	0.0136117	0.0926052	0.0571853	0.0246372	0.467236	0.0260971	0.0135307	0.0175252	0.0212363	0.0225361	0.0251735	0.0157473	0.0173645	0.0420478	0.0414847	0.0246216
185	G	3.12659	0.0873357	0.019521	0.0289344	0.101627	0.00991614	0.434172	0.0498662	0.0123687	0.00382974	0.0240323	0.0180139	0.0374637	0.0097723	0.0471378	0.00791929	0.0251126	0.0200832	0.0103688	0.00879007	0.0437352
186	V	3.20763	0.0138185	0.0160116	0.00366405	0.00548278	0.150918	0.00581765	0.195652	0.0201939	0.0360389	0.0754326	0.01116	0.0439649	0.00673426	0.253001	0.00330044	0.0090522	0.02491	0.115775	0.00398796	0.00508351
187	G	3.44124	0.120299	0.0635604	0.0238313	0.0209651	0.0146535	0.343566	0.0160617	0.0780216	0.0265018	0.00627771	0.0264865	0.00882151	0.0244419	0.0092586	0.0414021	0.0797545	0.0226392	0.0277705	0.02626	0.0194273
