#SITE	WT_AA	SITE_ENTROPY	PI_A	PI_C	PI_D	PI_E	PI_F	PI_G	PI_H	PI_I	PI_K	PI_L	PI_M	PI_N	PI_P	PI_Q	PI_R	PI_S	PI_T	PI_V	PI_W	PI_Y
1	M	3.48665	0.0208631	0.0315431	0.0296757	0.0313365	0.0331369	0.025738	0.0678395	0.0192005	0.0415611	0.027911	0.392296	0.038178	0.0195533	0.0403216	0.0237277	0.0186638	0.0282469	0.0195907	0.0567325	0.0338844
2	A	1.44896	0.806078	0.00844037	0.0108034	0.0158878	0.00916584	0.00927426	0.00386007	0.00837476	0.00891036	0.00248549	0.0365197	0.00631977	0.0016546	0.00732866	0.00399552	0.00335841	0.00437607	0.0316183	0.0134048	0.008144
3	S	3.44813	0.0594085	0.00174771	0.00280201	0.00153582	0.081839	0.00216615	0.0429968	0.0353658	0.00452586	0.187876	0.0512283	0.0625335	0.00232138	0.0223948	0.0123385	0.147926	0.0269031	0.011584	0.0479067	0.194601
4	Q	3.7535	0.0179186	0.0221814	0.00528065	0.0284297	0.159886	0.00812569	0.0266183	0.0776647	0.0153035	0.119845	0.0252687	0.111829	0.000236851	0.0334534	0.0272597	0.0965547	0.032969	0.0275347	0.0356242	0.128016
5	G	3.35972	0.142042	0.0737357	0.0200718	0.00622575	0.00469105	0.260901	0.0117404	0.00515002	0.0169601	0.00863156	0.0103723	0.027882	0.0432865	0.00240403	0.0866037	0.128215	0.0396591	0.00265767	0.101703	0.00706743
6	T	1.3125	0.00593349	0.00710602	0.00734347	0.00779155	0.006223	0.00419033	0.0176283	0.0100582	0.00713841	0.00885155	0.0144969	0.0108822	0.0143344	0.00829123	0.00694313	0.00338308	0.836655	0.00441778	0.0142183	0.00411301
7	K	1.34118	0.00237843	0.0140199	0.00634827	0.0106947	0.00635139	0.00385106	0.00456339	0.00841934	0.814785	0.00223464	0.0106268	0.0620612	0.0022173	0.0161691	0.00397162	0.00215778	0.00469911	0.00447332	0.0141217	0.00585639
8	R	2.00822	0.00363556	0.019633	0.00926153	0.00715702	0.00759434	0.0299219	0.00550126	0.00446659	0.00492242	0.0222922	0.0114563	0.00586503	0.0148838	0.115126	0.673974	0.0032576	0.00654659	0.00692595	0.0403833	0.00719607
9	S	3.02297	0.138167	0.00954918	0.00422131	0.00546498	0.0181407	0.00363303	0.00373376	0.0197134	0.00380895	0.135039	0.0412568	0.158495	0.00551677	0.0177376	0.00250287	0.340356	0.0200932	0.00705469	0.0318378	0.0336786
10	Y	3.62935	0.131793	0.0119575	0.0211116	0.00403223	0.0362605	0.00635375	0.118409	0.076854	0.111348	0.0701615	0.037765	0.0243636	0.0156621	0.0217036	0.00164925	0.0118162	0.0205413	0.0889651	0.005059	0.184194
11	E	3.11061	0.013585	0.03729	0.0503345	0.474497	0.00967419	0.0146787	0.0208585	0.0201004	0.0308836	0.0163481	0.0357981	0.0219044	0.00603647	0.0163058	0.0367815	0.0658487	0.0168702	0.0553865	0.0372606	0.019558
12	Q	3.44238	0.0194544	0.0298201	0.00766112	0.00611853	0.0199571	0.00989383	0.136673	0.021338	0.277159	0.0444538	0.0192083	0.0913422	0.00388242	0.0727214	0.132925	0.0462953	0.0288483	0.0124334	0.0132829	0.00653201
13	M	2.51228	0.0168122	0.0345241	0.161482	0.0320399	0.00891483	0.0134086	0.00718658	0.0445899	0.0130622	0.0111567	0.553984	0.0247024	0.00323425	0.00694689	0.00660828	0.0088432	0.0116469	0.0126404	0.0205675	0.00764819
14	E	2.68864	0.0106753	0.0366491	0.0613298	0.503575	0.0178123	0.0226773	0.00759523	0.0111479	0.174168	0.00907688	0.0147636	0.0314791	0.00161519	0.0214771	0.00773961	0.00671495	0.0240361	0.00859444	0.0204978	0.00837634
15	T	3.00209	0.00394835	0.0194012	0.0114727	0.0392241	0.0274709	0.00481377	0.0486541	0.102482	0.00996152	0.184412	0.015424	0.0593395	0.00296156	0.00844109	0.0031658	0.0207701	0.392937	0.0204753	0.0166979	0.00794759
16	D	3.05057	0.0127464	0.0172462	0.415575	0.109595	0.0105695	0.136305	0.0347841	0.0145871	0.00775662	0.00815711	0.0397639	0.0342008	0.00499476	0.0258186	0.0701236	0.0127825	0.00779518	0.00827428	0.0128812	0.0160428
17	G	3.24273	0.0365597	0.139097	0.00517639	0.0122839	0.00475791	0.32104	0.00989382	0.0285591	0.024768	0.00296327	0.128502	0.013951	0.0998133	0.0865324	0.0149001	0.0185135	0.0177197	0.017465	0.0127547	0.00475035
18	E	3.72249	0.0243367	0.0167876	0.103875	0.221177	0.022111	0.0238367	0.0414154	0.036352	0.0169265	0.0881783	0.0111644	0.042397	0.0539445	0.0135152	0.00657761	0.023652	0.0492551	0.15118	0.0150025	0.0383153
19	R	2.50438	0.0165102	0.0316422	0.0512916	0.0135958	0.0347374	0.00898088	0.0469141	0.00844835	0.00894863	0.00350625	0.0278234	0.0179685	0.00596945	0.0239801	0.610217	0.00926992	0.019575	0.0344949	0.0135242	0.012602
20	Q	2.23942	0.010273	0.00578755	0.00406649	0.00982652	0.00654141	0.00282797	0.00690145	0.00570212	0.00723229	0.00515063	0.0126564	0.00893115	0.269304	0.496436	0.018336	0.1061	0.00576811	0.00389158	0.00799475	0.00627358
21	N	3.78579	0.010247	0.04326	0.0142069	0.118234	0.0127854	0.0099575	0.0215256	0.0157882	0.0775539	0.0587059	0.152151	0.151977	0.0727035	0.0150955	0.0428355	0.0795714	0.059097	0.0223529	0.0126913	0.00926114
22	A	3.48159	0.172744	0.00959501	0.044305	0.00829085	0.0105883	0.0168626	0.0221324	0.0092919	0.120425	0.00840549	0.00532923	0.0133497	0.0212196	0.0195082	0.117608	0.105539	0.130311	0.152185	0.00500647	0.00730245
23	T	3.72074	0.0617078	0.0568946	0.00376473	0.00870739	0.0330718	0.0299418	0.210896	0.0156107	0.0188243	0.0789579	0.0107796	0.0467181	0.00898735	0.0981721	0.0404774	0.13043	0.0908754	0.0149014	0.0212263	0.0190562
24	E	3.15345	0.017128	0.0133508	0.0201869	0.362953	0.00618259	0.00672315	0.0289826	0.039907	0.0379915	0.014716	0.0184091	0.0081857	0.0113798	0.222575	0.0521006	0.0198118	0.040294	0.0395448	0.0047288	0.0348488
25	I	3.25831	0.00645764	0.00385818	0.00680016	0.00773505	0.00957648	0.145614	0.00660202	0.207866	0.0370958	0.0245997	0.139794	0.00847485	0.00605066	0.158528	0.0851681	0.00932106	0.00277103	0.118032	0.0110384	0.00461768
26	R	2.96733	0.0449704	0.0137236	0.00863681	0.0192712	0.0401125	0.00663629	0.0236446	0.00964464	0.173691	0.0280629	0.0175491	0.00607419	0.00535614	0.0145194	0.408662	0.127362	0.0100602	0.00803174	0.0116809	0.0223105
27	A	3.65909	0.143546	0.00630923	0.0032679	0.00745946	0.00697226	0.0111598	0.0890138	0.0150409	0.120892	0.0375684	0.0671325	0.0374067	0.0247728	0.109035	0.10439	0.0354386	0.0226859	0.143087	0.00786614	0.00695557
28	S	3.4823	0.109011	0.0260017	0.00431672	0.00652909	0.052748	0.0895676	0.0214778	0.00708097	0.0451283	0.00839117	0.0220328	0.102881	0.00467761	0.133063	0.0479732	0.252949	0.0129412	0.00336983	0.00818771	0.0416718
29	V	3.09025	0.0799078	0.0147943	0.0330737	0.0100007	0.027331	0.0103244	0.00474625	0.216236	0.00794669	0.00999527	0.0451396	0.00808699	0.00749418	0.0139144	0.0347221	0.0506416	0.0282713	0.368525	0.0187616	0.0100872
30	G	3.36747	0.106359	0.0405209	0.00775488	0.0310124	0.059938	0.274593	0.00442347	0.00950692	0.0373088	0.00785995	0.0216822	0.0351006	0.0133255	0.209825	0.0127896	0.0181241	0.0698747	0.0084175	0.0231208	0.00846106
31	K	3.44574	0.0133673	0.0409291	0.00733341	0.127771	0.0235102	0.0983013	0.0141577	0.019822	0.296207	0.0103271	0.0354814	0.0620282	0.0438955	0.0124791	0.121844	0.0188983	0.0240757	0.0137465	0.00966741	0.00615876
32	M	3.06111	0.00678697	0.010617	0.00741957	0.00872003	0.0121125	0.026284	0.00708551	0.0256968	0.0231321	0.00342231	0.340193	0.214909	0.0148369	0.00456215	0.00769902	0.121798	0.0464345	0.0779503	0.020704	0.0196371
33	I	3.33852	0.126443	0.0593671	0.0109877	0.041234	0.0105473	0.0416906	0.00230461	0.232609	0.0044777	0.124505	0.189518	0.0143098	0.00546466	0.00520546	0.00445383	0.0185189	0.04053	0.0531114	0.0104735	0.00424742
34	D	3.95837	0.0993339	0.0773255	0.0995345	0.112167	0.0425715	0.0371957	0.0313997	0.0761211	0.00498491	0.0600683	0.110084	0.0360092	0.00123248	0.0429834	0.0150333	0.0433965	0.0205084	0.0548227	0.0116223	0.0236052
35	G	3.16831	0.0628779	0.0346874	0.00857735	0.0111865	0.0296919	0.393927	0.0345982	0.0214116	0.0225817	0.0106727	0.0219143	0.0217343	0.0104005	0.00888505	0.0220805	0.185968	0.0424418	0.014617	0.0240589	0.0176875
36	I	3.50799	0.0751263	0.0108746	0.0208019	0.0180123	0.128986	0.0106518	0.0267083	0.263372	0.00644201	0.0211862	0.127401	0.00651968	0.00522877	0.0539899	0.030561	0.0204018	0.0830884	0.0659116	0.0155799	0.00915606
37	G	3.4424	0.0212351	0.0254733	0.0337653	0.122925	0.0440953	0.308505	0.0143639	0.0150604	0.00987457	0.0178147	0.0286964	0.023429	0.0275958	0.0136198	0.0104395	0.112516	0.0103966	0.118792	0.0308259	0.0105773
38	R	3.6088	0.0288129	0.0274645	0.0304921	0.0119627	0.0201696	0.0528266	0.0435279	0.0144733	0.041331	0.0961091	0.0317767	0.0173674	0.0376713	0.109418	0.304397	0.0253907	0.0133389	0.00925947	0.0672742	0.0169357
39	F	3.46998	0.12594	0.0491284	0.0077938	0.032914	0.219158	0.00805749	0.00684261	0.0140588	0.00816305	0.0158057	0.0353753	0.110348	0.0204727	0.00896345	0.0120283	0.030736	0.0185615	0.0203116	0.202336	0.0530055
40	Y	3.07269	0.059025	0.0120366	0.0862355	0.00592918	0.0167547	0.0102942	0.152973	0.0123967	0.00595398	0.0140195	0.010335	0.00878739	0.0147377	0.0378352	0.119348	0.00688691	0.0117791	0.0113081	0.0229833	0.380381
41	I	4.0602	0.0257109	0.0616335	0.028383	0.0510613	0.0429337	0.0673429	0.0129678	0.0957927	0.00182061	0.046379	0.0412143	0.0666344	0.0694696	0.054031	0.0180829	0.127866	0.0834267	0.0301746	0.0523726	0.0227024
42	Q	2.80383	0.0289257	0.0310469	0.0138502	0.0303501	0.010796	0.0274812	0.0406161	0.00974877	0.0780804	0.0130766	0.0155657	0.0151283	0.0315772	0.548006	0.0190481	0.0188464	0.00792728	0.0234601	0.0213662	0.0151027
43	M	3.59941	0.0374856	0.0243781	0.0248951	0.0359263	0.0407073	0.0236056	0.0599226	0.0477628	0.0645202	0.0675021	0.335352	0.0731562	0.0107891	0.0100332	0.0227352	0.0163914	0.044544	0.0274322	0.0173206	0.01554
44	C	3.79706	0.046504	0.223536	0.00948042	0.0507667	0.0139589	0.0598371	0.0130661	0.134784	0.0624214	0.0621813	0.0200132	0.0498401	0.00829247	0.0189678	0.0702315	0.0433584	0.0305352	0.0130138	0.0448464	0.0243652
45	T	3.37417	0.0164112	0.0931687	0.0174089	0.0110296	0.0104967	0.0159025	0.0108757	0.0262017	0.0164631	0.0957473	0.0330303	0.0369148	0.036015	0.0111751	0.0134338	0.201638	0.286725	0.0475759	0.0107183	0.00906894
46	E	3.47156	0.0108878	0.0767961	0.0360557	0.328937	0.0938625	0.0177108	0.00980005	0.0374448	0.0150051	0.0119009	0.0226076	0.0482533	0.122945	0.0192351	0.0417616	0.0138023	0.0410694	0.0220901	0.0193237	0.0105118
47	L	3.65673	0.00640687	0.0372038	0.0280438	0.0181317	0.010363	0.0656361	0.0225258	0.0490244	0.0330946	0.29864	0.028036	0.0175466	0.0798244	0.00929873	0.0406958	0.0397445	0.0431722	0.0656609	0.0161108	0.0908399
48	K	3.68267	0.107686	0.0207082	0.0306313	0.0175288	0.0195932	0.0468401	0.0469331	0.0256057	0.286447	0.0396724	0.070537	0.0436127	0.00942201	0.0812246	0.0176233	0.0241818	0.0534063	0.03216	0.0187494	0.00743723
49	L	3.69183	0.0912762	0.0182721	0.0097054	0.00704958	0.13055	0.0114619	0.0073087	0.0301095	0.0063612	0.182092	0.0649082	0.0243053	0.0277751	0.0213233	0.0307663	0.016824	0.111329	0.0761923	0.0182833	0.114107
50	S	3.79421	0.172556	0.0229732	0.0164466	0.0608412	0.0525672	0.14393	0.038584	0.00568763	0.0243089	0.0317159	0.0293691	0.0241623	0.071759	0.123883	0.0236078	0.0760554	0.0509906	0.0175897	0.0050167	0.00795558
51	D	3.69221	0.0317115	0.0212047	0.104861	0.0264568	0.00450681	0.122914	0.0156183	0.0409729	0.00254224	0.0631699	0.0350726	0.159684	0.0331303	0.0708017	0.0151613	0.0257986	0.156958	0.0637953	0.00305998	0.0025787
52	Y	3.57296	0.140712	0.0119969	0.0125761	0.0363849	0.0315843	0.0437803	0.0186738	0.0160806	0.0147828	0.00952925	0.0279496	0.0623693	0.0032913	0.00550649	0.0285455	0.0863368	0.202713	0.043857	0.0178432	0.185486
53	E	3.48204	0.120668	0.0267339	0.0593152	0.310612	0.0190432	0.0219042	0.0177862	0.0139838	0.0103395	0.0111956	0.0219698	0.012964	0.00841878	0.0445134	0.036306	0.0514164	0.025264	0.00555599	0.0655752	0.116434
54	G	3.59	0.120771	0.0287764	0.036303	0.0485467	0.00927126	0.291736	0.0685218	0.00900684	0.00780766	0.00781133	0.0191409	0.039251	0.0328858	0.0422621	0.0264054	0.0934133	0.0635195	0.0215631	0.0138465	0.0191597
55	R	3.62636	0.0103363	0.0453523	0.0337799	0.0160819	0.0226616	0.00477264	0.053426	0.0429163	0.200143	0.066322	0.0135232	0.00988598	0.0714024	0.0787995	0.219741	0.0147959	0.0235537	0.0287668	0.0115305	0.0322079
56	L	3.67329	0.0284404	0.0544455	0.0099541	0.0400442	0.0104678	0.045325	0.0458752	0.0483521	0.00708438	0.130282	0.0644751	0.253933	0.0410082	0.0157088	0.00615162	0.0391929	0.0934002	0.0451419	0.010162	0.0105557
57	I	3.39905	0.0274556	0.0158337	0.0185725	0.0452371	0.00941979	0.0690342	0.00721181	0.215567	0.0184363	0.205269	0.0123112	0.0232193	0.0223228	0.0482063	0.0298141	0.0100504	0.0152624	0.188779	0.00417081	0.0138262
58	Q	3.29687	0.0309533	0.00823335	0.0319899	0.0514039	0.0152028	0.015063	0.0525168	0.0105193	0.029613	0.0147394	0.011398	0.138309	0.032035	0.390352	0.0553074	0.0276914	0.0175625	0.012196	0.0170209	0.0378932
59	N	3.27445	0.0325028	0.0103315	0.112443	0.013498	0.0177221	0.151919	0.0332496	0.00741154	0.0697776	0.010821	0.0170118	0.329224	0.013281	0.0100553	0.0173763	0.00519141	0.0937062	0.031309	0.0188026	0.00436632
60	S	3.50518	0.0297629	0.0716388	0.0167111	0.0130567	0.0076472	0.108169	0.00737434	0.0554265	0.010493	0.0469005	0.0316598	0.0919454	0.00499425	0.022603	0.0535268	0.304022	0.0802758	0.0201602	0.0102941	0.0133382
61	L	3.52525	0.0210679	0.0228745	0.112047	0.0121927	0.0263338	0.0330314	0.0237826	0.0476081	0.0131517	0.222327	0.0130229	0.0475203	0.00756299	0.0263283	0.00840397	0.0588232	0.0686318	0.216612	0.00846445	0.0102137
62	T	3.25118	0.0283147	0.0309949	0.00902418	0.0901993	0.0112317	0.0406436	0.0120646	0.00473104	0.00751881	0.0122735	0.00539036	0.292086	0.0250771	0.0122968	0.0295632	0.155478	0.184177	0.0185719	0.00676604	0.0235971
63	I	3.50738	0.167391	0.0600124	0.0159296	0.00954925	0.0195002	0.00867081	0.00880926	0.260125	0.0190206	0.0903596	0.0766818	0.0059205	0.0835888	0.0113636	0.0420768	0.0114553	0.0373981	0.0428058	0.019384	0.00995767
64	E	3.42553	0.0135841	0.0162352	0.0439467	0.372971	0.0255181	0.109558	0.0239107	0.0607645	0.0140397	0.0314101	0.0371249	0.0276554	0.0357577	0.00583881	0.0411851	0.0253738	0.0318733	0.00782745	0.0185247	0.0569006
65	R	3.12987	0.0196047	0.01602	0.014659	0.0417	0.0185908	0.0369017	0.0138963	0.0118841	0.0945425	0.0189033	0.0195011	0.0438816	0.029137	0.0251817	0.461735	0.056793	0.0254912	0.0196457	0.0257639	0.0061678
66	M	3.76228	0.0445934	0.0489943	0.04452	0.0229502	0.110887	0.0616814	0.016758	0.0462633	0.0280335	0.0130848	0.265826	0.0494704	0.00706157	0.0393327	0.0226259	0.0770581	0.0232932	0.0362174	0.0265598	0.0147899
67	V	3.75151	0.0848189	0.0256521	0.0235315	0.0310223	0.0287194	0.0364243	0.0288666	0.0451464	0.0269922	0.0163618	0.110643	0.123315	0.0161562	0.0339397	0.0133395	0.0306799	0.0171094	0.247428	0.0237527	0.0361001
68	L	3.7949	0.0194495	0.0415724	0.017045	0.0251992	0.0466113	0.0252696	0.0910573	0.135068	0.0182652	0.243437	0.0396227	0.04635	0.023585	0.0491374	0.0402235	0.0477838	0.0193805	0.0113668	0.0289855	0.0305912
69	S	2.95845	0.0394545	0.0400571	0.0114864	0.0173662	0.0155067	0.0560491	0.0330172	0.0281048	0.00915834	0.0187807	0.0187962	0.0381436	0.0409299	0.0137333	0.0149008	0.518273	0.0376682	0.0184209	0.0138914	0.0162614
70	A	3.17819	0.250588	0.0261028	0.128553	0.0109947	0.00933137	0.172374	0.00527678	0.0158406	0.0128118	0.00800442	0.0118566	0.0133851	0.00779085	0.0132924	0.00719708	0.190651	0.0796649	0.00492788	0.0103152	0.0210418
71	F	3.60537	0.0653094	0.0102746	0.0614602	0.0147551	0.25969	0.0278082	0.0193709	0.00805495	0.0450808	0.0146477	0.0067634	0.0252119	0.076454	0.0324781	0.0552254	0.0284721	0.0238466	0.0358916	0.0157919	0.173414
72	D	3.1638	0.0239273	0.0287768	0.446237	0.0519244	0.0296784	0.0308215	0.0103092	0.0147352	0.0344056	0.0114878	0.0307714	0.0189728	0.00720666	0.014042	0.068106	0.0137076	0.0451187	0.0144464	0.0908945	0.0144307
73	E	3.75278	0.028029	0.0145789	0.0417929	0.0497406	0.0481511	0.0192471	0.0156633	0.126313	0.0720482	0.141829	0.0208974	0.0138614	0.00117344	0.0380082	0.0134623	0.0348043	0.141499	0.133934	0.0424443	0.00252295
74	R	3.26818	0.0252259	0.0125939	0.110054	0.0208259	0.00989916	0.00510684	0.0121319	0.0116215	0.123207	0.0571631	0.0233422	0.0222842	0.00690857	0.0544923	0.371996	0.0371162	0.0103414	0.0449517	0.0315146	0.00922329
75	R	2.87146	0.023934	0.0297781	0.0287614	0.0137267	0.0132631	0.0161517	0.0195234	0.00709621	0.265263	0.00435462	0.0171413	0.0225435	0.00982743	0.00914882	0.40162	0.00593021	0.0488356	0.00767027	0.0260872	0.0293429
76	N	3.44769	0.0225317	0.0230023	0.00848553	0.0825907	0.00987462	0.0135197	0.00312912	0.149708	0.0308928	0.0439295	0.0561316	0.177889	0.00440974	0.0960991	0.00969075	0.0149965	0.0120547	0.0104618	0.215699	0.0149036
77	K	3.80943	0.0538977	0.0587469	0.00468781	0.0105715	0.00629877	0.0559872	0.0804906	0.0889766	0.0812246	0.0338595	0.0829064	0.0639451	0.00740051	0.0459241	0.198435	0.0512476	0.0380926	0.0244116	0.00615732	0.0067383
78	Y	3.00983	0.0141129	0.0291621	0.0141683	0.0417676	0.245242	0.015202	0.0767301	0.0253544	0.00690886	0.00586525	0.0134154	0.0227434	0.0122231	0.00949474	0.0232322	0.00548314	0.00659087	0.0435819	0.0177879	0.370934
79	L	2.90999	0.0170739	0.0342727	0.01383	0.0132577	0.0132818	0.0183907	0.0153691	0.0737009	0.0142295	0.521901	0.0681159	0.0228915	0.0145545	0.0253879	0.0201206	0.0191767	0.0165153	0.0345172	0.0179224	0.0254907
80	E	3.52231	0.0230768	0.0314451	0.0380038	0.361598	0.0414935	0.0216297	0.0243119	0.0452254	0.0498905	0.0198106	0.0199541	0.0512796	0.00275712	0.0412445	0.00934772	0.0275057	0.0750068	0.0426263	0.0164912	0.0573012
81	E	3.51521	0.0114242	0.0392852	0.0893995	0.350999	0.0551495	0.0319118	0.0186632	0.0567418	0.0253046	0.0312269	0.0241218	0.0460291	0.00654224	0.0117015	0.0205629	0.0523032	0.0238727	0.0648365	0.00873999	0.0311844
82	H	3.62547	0.0108936	0.0826385	0.0044008	0.00439466	0.158959	0.00180841	0.0988559	0.0111481	0.0304454	0.0136784	0.0916823	0.0398824	0.00190839	0.181652	0.0272321	0.0456534	0.0242808	0.0174874	0.0709895	0.0820091
83	P	3.19679	0.048461	0.0399444	0.00439056	0.0131581	0.0108769	0.0383494	0.0261434	0.015283	0.00862703	0.00792209	0.050146	0.0561659	0.151748	0.399157	0.0182936	0.0308543	0.0224917	0.0378033	0.0103348	0.00985029
84	S	3.3065	0.266483	0.0940921	0.00239092	0.00358258	0.00307454	0.0459111	0.00595329	0.0182837	0.00359779	0.0555219	0.0554904	0.179383	0.0101401	0.0181817	0.00388641	0.0814749	0.0931569	0.00713864	0.0482106	0.00404712
85	A	3.92624	0.137013	0.0480399	0.00624118	0.0161084	0.0126658	0.06251	0.0194139	0.0359956	0.0199462	0.0289162	0.0148947	0.107235	0.101359	0.0889488	0.0674186	0.0647224	0.0873558	0.0367575	0.00656358	0.0378941
86	G	3.43031	0.0505471	0.00949251	0.00595882	0.00889204	0.00751354	0.170612	0.124059	0.0072422	0.0323625	0.0647104	0.0100546	0.266841	0.0479886	0.030493	0.058729	0.0545708	0.0226916	0.00565757	0.00931793	0.0122664
87	K	2.31622	0.00836024	0.0234235	0.0110188	0.0487083	0.00737648	0.00964412	0.00843897	0.0244317	0.656533	0.00876631	0.0353969	0.0139496	0.0174519	0.0142987	0.0259994	0.0183174	0.0181489	0.0214068	0.00876668	0.0195623
88	D	2.88267	0.00456275	0.128927	0.297088	0.0228585	0.0221133	0.0173256	0.00868331	0.0277323	0.0051094	0.0128559	0.0176113	0.318144	0.00991951	0.0235907	0.00364688	0.0488376	0.0122588	0.0107113	0.00448676	0.00353634
89	P	3.61758	0.124728	0.11587	0.0110321	0.0069064	0.06602	0.0368906	0.00919239	0.0199614	0.00812797	0.0490742	0.00938511	0.0120483	0.175688	0.00706099	0.00824197	0.0846236	0.0135297	0.143145	0.075246	0.0232282
90	K	3.68074	0.0160599	0.00992231	0.00749098	0.00814357	0.00376594	0.019916	0.0650736	0.071712	0.123742	0.0218424	0.0710612	0.0961764	0.00180459	0.153167	0.0811088	0.0407889	0.149726	0.0315426	0.0123478	0.0146082
91	K	2.35339	0.0095792	0.0357983	0.0119263	0.00829482	0.0164173	0.00808944	0.013364	0.00803889	0.57414	0.0052073	0.0117292	0.0225425	0.00707814	0.016298	0.185823	0.0100496	0.00819319	0.00776125	0.0297775	0.00989338
92	T	2.91395	0.0422124	0.0114582	0.0259694	0.00989169	0.038772	0.0436847	0.0273784	0.011237	0.0157658	0.0247587	0.0314857	0.0991421	0.015137	0.0161668	0.0127902	0.0228867	0.510525	0.0118794	0.0206368	0.00822247
93	G	2.87398	0.0224411	0.00981188	0.022775	0.0275449	0.0181606	0.52398	0.0165143	0.0118059	0.0222463	0.00939312	0.0296672	0.00891423	0.0361907	0.052698	0.0123625	0.0717298	0.0231173	0.00693123	0.0584597	0.0152557
94	G	3.06175	0.013031	0.0325916	0.0523069	0.0481121	0.0149637	0.49695	0.0251417	0.0417204	0.0365482	0.0208542	0.0381733	0.0376115	0.016361	0.0255409	0.01673	0.0131382	0.0161056	0.0121975	0.0202886	0.0216336
95	P	3.54408	0.0923434	0.0322779	0.0375856	0.0124023	0.017331	0.0838688	0.0529392	0.0208037	0.0335912	0.0105765	0.0240539	0.03191	0.332032	0.0190448	0.0135945	0.0821462	0.0152618	0.0352056	0.0401669	0.0128648
96	I	3.45996	0.0142326	0.0317112	0.0237409	0.0306169	0.0376081	0.00933145	0.0134227	0.28333	0.0118207	0.184915	0.0445018	0.0182643	0.0144083	0.0068444	0.0115432	0.0214519	0.0506617	0.106751	0.0197598	0.0650835
97	Y	3.42058	0.0231309	0.04523	0.0155036	0.0512116	0.0441836	0.0376346	0.0173693	0.030247	0.123089	0.0226015	0.0113207	0.0280548	0.0104747	0.0486907	0.0351556	0.0139286	0.0141506	0.0314405	0.022748	0.373835
98	K	3.66367	0.025716	0.0290624	0.00714596	0.0110291	0.0123409	0.0141368	0.0608015	0.0137104	0.263209	0.0589574	0.0285543	0.0648033	0.0140943	0.06947	0.131974	0.0588364	0.0680061	0.0308853	0.0230611	0.0142048
99	R	3.19844	0.0175849	0.0354788	0.0125387	0.022491	0.0113918	0.0429512	0.0314205	0.0113598	0.155349	0.020201	0.0155239	0.0264817	0.00553084	0.0240865	0.407673	0.0108319	0.0623294	0.0271798	0.0240228	0.0355735
100	V	3.9225	0.168694	0.0151894	0.0100764	0.0207972	0.0179225	0.0282274	0.110959	0.0367674	0.0173762	0.124537	0.053325	0.041868	0.0629581	0.0455542	0.0387552	0.039509	0.0241951	0.0873222	0.0240214	0.031945
101	D	3.49059	0.042808	0.0185566	0.321812	0.0456768	0.00801165	0.0267638	0.0131224	0.0332267	0.0144388	0.0547712	0.0121201	0.0989644	0.0894912	0.0233504	0.0298175	0.0268034	0.103046	0.0231173	0.00762678	0.00647459
102	R	3.58306	0.013056	0.0316087	0.00588073	0.00777412	0.0787363	0.0486797	0.0359141	0.00829107	0.0865583	0.0810477	0.0267033	0.0154094	0.00853589	0.0155956	0.24725	0.0434254	0.0138029	0.00668173	0.135304	0.0897452
103	K	3.5481	0.0585247	0.012276	0.00783503	0.0252307	0.00692353	0.0192031	0.070926	0.0266109	0.242106	0.0302356	0.0364084	0.116346	0.00765497	0.0225786	0.0408292	0.0352411	0.0383065	0.184074	0.0129206	0.00576842
104	W	3.00232	0.0171833	0.013811	0.0184435	0.0198561	0.196441	0.00860215	0.00797615	0.0968856	0.00880929	0.0169417	0.0146154	0.0119014	0.0073046	0.00533176	0.0193059	0.0237885	0.0178632	0.0720055	0.397636	0.0252987
105	M	3.85582	0.0220403	0.124581	0.0483147	0.022638	0.106607	0.0123745	0.0434016	0.0298097	0.0335816	0.101161	0.197256	0.0582972	0.0238111	0.0162919	0.028201	0.0199876	0.0315276	0.0286863	0.0175935	0.0338391
106	R	2.94827	0.0208389	0.0170087	0.0314499	0.049168	0.019318	0.0184863	0.0202006	0.0159222	0.0336305	0.0247318	0.0298578	0.0281058	0.0115313	0.0208241	0.530007	0.0167975	0.0159302	0.0213272	0.0383818	0.036483
107	E	3.28374	0.0252986	0.0246639	0.194202	0.351058	0.015669	0.0113241	0.0884349	0.0201384	0.0210838	0.0400993	0.0236963	0.0470563	0.0155611	0.0170985	0.014454	0.024923	0.0203217	0.0202427	0.0124378	0.0122356
108	L	3.42235	0.0180399	0.0232211	0.0155353	0.0133519	0.0319996	0.0453605	0.0357961	0.0226939	0.0320637	0.388872	0.034876	0.00938139	0.0864438	0.0672144	0.01775	0.0325469	0.0542893	0.0332146	0.0188356	0.0185142
109	V	3.35917	0.0342606	0.262924	0.0160587	0.047079	0.0364296	0.0151889	0.0131261	0.0562337	0.0453262	0.0488021	0.0247231	0.00966973	0.0140007	0.0232816	0.0154312	0.0271293	0.0234784	0.27203	0.00674516	0.00808201
110	L	2.91022	0.00847008	0.0153221	0.0450887	0.0108349	0.0272519	0.00687491	0.0205759	0.0854351	0.039048	0.5117	0.0176739	0.0207172	0.0525627	0.0081099	0.0174066	0.0137245	0.0194655	0.0419118	0.0258168	0.0120093
111	Y	3.58698	0.0155831	0.00757043	0.0190798	0.0644629	0.0927608	0.00660677	0.0610878	0.0357465	0.00854616	0.0223762	0.197772	0.022662	0.00832743	0.0238167	0.0110448	0.0504951	0.186926	0.0222639	0.0164174	0.126454
112	D	3.20898	0.0238332	0.0298593	0.281197	0.052817	0.0123275	0.0327248	0.0344254	0.012051	0.00675155	0.0383092	0.0149803	0.303202	0.0169816	0.00937053	0.0365344	0.0112854	0.0112124	0.013087	0.0279459	0.0311052
113	K	2.65175	0.00589505	0.0129001	0.0179186	0.0287886	0.0243389	0.00491441	0.026044	0.0102923	0.573249	0.015614	0.0208541	0.0263627	0.00722946	0.0837219	0.0278085	0.0428939	0.0242551	0.00824183	0.0255577	0.0131197
114	E	3.62681	0.0298418	0.0186467	0.0833362	0.240204	0.0521962	0.0215454	0.0237165	0.0253985	0.136871	0.0113734	0.0174943	0.0642965	0.0110395	0.0652849	0.00749351	0.007312	0.0151915	0.00499789	0.100827	0.0629333
115	E	2.93678	0.0231925	0.0187833	0.0714844	0.520582	0.0480673	0.0161096	0.0272404	0.0223335	0.041144	0.0150587	0.0262435	0.0307169	0.00998697	0.0292123	0.0260876	0.017497	0.0211746	0.0111934	0.0123757	0.0115158
116	I	2.96164	0.0136776	0.11378	0.0199661	0.00963132	0.0119874	0.0146516	0.0093921	0.302075	0.0259416	0.0170084	0.00893387	0.0390638	0.00846826	0.00813403	0.00690026	0.00559734	0.0508743	0.307294	0.0173125	0.00931116
117	R	3.64991	0.0141627	0.057995	0.0114735	0.0199813	0.0140236	0.0117027	0.0306558	0.0232369	0.0272935	0.0642243	0.145942	0.00956924	0.00715167	0.151793	0.21664	0.0453614	0.0412928	0.0610901	0.0178425	0.0285673
118	R	3.57868	0.0276923	0.0319888	0.0202302	0.0522732	0.016505	0.0185307	0.0276442	0.0570872	0.0705249	0.0465412	0.0249515	0.0116058	0.0170315	0.0520735	0.350587	0.0159047	0.0412983	0.0318851	0.0608608	0.0247838
119	I	3.42054	0.0166121	0.0670734	0.0282471	0.0186996	0.0181479	0.0382356	0.0244682	0.366497	0.0120285	0.0193298	0.0595652	0.0464099	0.0188555	0.0292891	0.0134551	0.0176682	0.0332282	0.128746	0.0255102	0.0179333
120	W	3.11767	0.0207598	0.0306901	0.0240389	0.0220739	0.0410284	0.0227831	0.0135759	0.0247728	0.0219905	0.0162768	0.0411466	0.0461114	0.0157431	0.0225862	0.0181153	0.0185648	0.0076287	0.0165801	0.460563	0.114971
121	R	3.59224	0.0141272	0.051917	0.0109738	0.0107288	0.0215166	0.0167337	0.0472444	0.0203914	0.06161	0.108519	0.0369108	0.051541	0.00970414	0.0158694	0.290874	0.122404	0.0339953	0.021245	0.0340875	0.0196071
122	Q	3.59344	0.0078701	0.0495387	0.00148284	0.00699638	0.0810201	0.00741707	0.0717324	0.127321	0.0191891	0.0859099	0.0570186	0.0255884	0.042571	0.121982	0.024561	0.0152007	0.0181511	0.221888	0.00674818	0.0078139
123	A	3.30616	0.376066	0.0830261	0.0139919	0.0208738	0.0122312	0.126165	0.0132135	0.021213	0.00750572	0.0297562	0.0271036	0.0225197	0.0161475	0.0172406	0.0364775	0.0779724	0.0344099	0.0446027	0.014971	0.0045129
124	N	3.49477	0.0120875	0.0398489	0.0167568	0.025531	0.0729701	0.0704948	0.0332338	0.0285831	0.0221852	0.0120103	0.0341815	0.359611	0.0341393	0.0433465	0.0104802	0.0743572	0.0117817	0.00938372	0.0393635	0.0496532
125	N	3.80817	0.0243182	0.109721	0.0224364	0.0135731	0.0687656	0.0350672	0.025428	0.0267936	0.0221994	0.0822526	0.0734741	0.240916	0.0113221	0.0586728	0.0282562	0.0542371	0.027297	0.0184611	0.018284	0.038525
126	G	3.60117	0.0986106	0.0680638	0.0209316	0.0252898	0.00860679	0.217277	0.0157321	0.0092733	0.0165098	0.199215	0.0542012	0.0455012	0.00570468	0.0292573	0.0543681	0.047511	0.0433731	0.0212541	0.0136572	0.00566139
127	D	4.08321	0.0843643	0.0161821	0.0652574	0.0353676	0.0416205	0.0430144	0.0488007	0.0364968	0.0439733	0.130913	0.0386635	0.0334491	0.0141341	0.100495	0.0308429	0.0345458	0.0709024	0.0882159	0.0262568	0.0165041
128	D	3.85187	0.106244	0.0140315	0.0666993	0.0172663	0.0797343	0.0188493	0.188442	0.0189575	0.011651	0.0559385	0.0125242	0.0994136	0.0536702	0.0191057	0.0198268	0.0348612	0.0684449	0.0515845	0.00605138	0.0567046
129	A	3.69812	0.189335	0.0552194	0.00414372	0.0215091	0.0170742	0.163915	0.0126448	0.0174668	0.124226	0.0459734	0.0241397	0.0198151	0.0104343	0.0277158	0.0739312	0.0476937	0.0701004	0.0541486	0.0105431	0.00997067
130	T	3.62248	0.0114801	0.0628849	0.0110624	0.0116864	0.0122699	0.00660045	0.0814731	0.00867216	0.100425	0.045678	0.0557463	0.02221	0.023644	0.026464	0.0484839	0.0331975	0.240305	0.157238	0.0263541	0.0141251
131	A	3.28116	0.242463	0.0297218	0.0114615	0.0298557	0.0079497	0.0106978	0.0578096	0.00734035	0.00946515	0.00574708	0.0438113	0.04445	0.28372	0.0407609	0.00621645	0.0957351	0.0157843	0.025826	0.0184376	0.0127465
132	G	3.11969	0.0297269	0.020141	0.0271838	0.019285	0.00925238	0.416995	0.0186894	0.152275	0.0164122	0.0144715	0.0265489	0.0248039	0.013805	0.0327276	0.00879266	0.101703	0.0140871	0.0190203	0.0177621	0.0163176
133	L	3.10266	0.0309468	0.0133349	0.0703128	0.012527	0.0213963	0.0129218	0.0097787	0.280095	0.0360089	0.315547	0.0650769	0.0166997	0.0109725	0.0199183	0.00816893	0.010935	0.0126014	0.0338536	0.010164	0.00874112
134	T	2.87921	0.0425979	0.0534893	0.0235578	0.0196919	0.0184854	0.0173164	0.00789937	0.0111819	0.00809432	0.0117354	0.0282793	0.0291712	0.012029	0.0103454	0.00895286	0.0960054	0.506205	0.067767	0.0150943	0.0121015
135	H	2.93219	0.0254258	0.0217337	0.0109187	0.0264688	0.0377962	0.0196601	0.510273	0.0113534	0.0158959	0.0146166	0.0765398	0.019446	0.0264191	0.0765621	0.0160618	0.0212007	0.0188898	0.0079283	0.0118538	0.0309557
136	M	3.43315	0.0479557	0.0766256	0.00613807	0.0232586	0.0236913	0.0156925	0.0249518	0.223097	0.00593204	0.078136	0.227654	0.0125591	0.00716722	0.0708124	0.00459196	0.0172973	0.0199163	0.0915723	0.00823693	0.0147148
137	M	2.79877	0.00752369	0.0173801	0.0179608	0.0245901	0.0564275	0.00636428	0.0150614	0.0794665	0.0507167	0.0284947	0.539954	0.0117773	0.0169925	0.0212215	0.00917486	0.0130384	0.0259987	0.0202732	0.014481	0.0231025
138	I	2.80296	0.02816	0.0186036	0.0236717	0.0107036	0.0212311	0.0134287	0.0107059	0.535344	0.0229208	0.0835147	0.062946	0.027436	0.0312994	0.00996306	0.00557761	0.00950167	0.0125657	0.0205489	0.0416109	0.0102664
139	W	3.30241	0.0133041	0.0222743	0.0193374	0.0102947	0.0921969	0.053435	0.0434626	0.0356886	0.0116799	0.0978974	0.0273478	0.0117562	0.0107812	0.0197203	0.0164879	0.0165482	0.0275107	0.0147217	0.393782	0.0617725
140	H	3.32312	0.0247913	0.0184366	0.0325528	0.0731563	0.0132031	0.0224142	0.407215	0.0398751	0.0143088	0.0143921	0.0311962	0.027286	0.00989015	0.0976191	0.00783171	0.0283872	0.0256016	0.0289995	0.0331581	0.0496849
141	S	2.97544	0.0218617	0.0347152	0.0241873	0.0225238	0.0388581	0.0375688	0.0223213	0.0274662	0.0136848	0.00973087	0.0273158	0.0172936	0.0254869	0.0146228	0.0129298	0.523699	0.0380956	0.0402893	0.0221553	0.0251936
142	N	3.05447	0.0195844	0.0251875	0.0217402	0.0113684	0.0411583	0.0299114	0.0282713	0.0127128	0.0487737	0.0197117	0.0421665	0.497258	0.0234591	0.0212067	0.0161471	0.0548684	0.0110468	0.0108292	0.0381991	0.0263995
143	L	3.20202	0.0107761	0.0675647	0.00980929	0.00712211	0.02238	0.0211836	0.0406257	0.145984	0.012981	0.401057	0.034604	0.022516	0.0194242	0.00790162	0.0101826	0.0650651	0.0192909	0.0329203	0.0326072	0.0160055
144	N	3.1102	0.0600271	0.0387588	0.0179892	0.0197965	0.0116489	0.0489508	0.0167596	0.0327544	0.0255913	0.00863677	0.0963166	0.459444	0.0113407	0.0235028	0.0043546	0.0144245	0.0339927	0.0339696	0.0267512	0.0149903
145	D	2.89289	0.0334332	0.0184751	0.524492	0.0647156	0.0116162	0.0556957	0.0442227	0.0236011	0.022707	0.0141265	0.0393676	0.0131737	0.0125837	0.0122603	0.0133341	0.0133562	0.0379771	0.00651708	0.0206061	0.0177389
146	T	3.15837	0.196778	0.0179101	0.0176104	0.0107926	0.00802102	0.0179939	0.0100283	0.0101438	0.0204292	0.00709177	0.0137983	0.122338	0.00875272	0.018336	0.00539178	0.21038	0.245132	0.0298657	0.0107623	0.0184446
147	T	3.05595	0.0104492	0.0712268	0.0138585	0.0171476	0.0208769	0.00737654	0.0468669	0.057976	0.0294635	0.0102155	0.0228865	0.0517793	0.0148777	0.0388383	0.00972933	0.0123189	0.478127	0.0471134	0.0163217	0.0225502
148	Y	2.54198	0.00976181	0.0153249	0.0241698	0.0111316	0.0227981	0.00842461	0.0314475	0.0608295	0.0098577	0.0123931	0.0251011	0.0223399	0.03482	0.0156632	0.00669368	0.0203639	0.0240126	0.0194008	0.0162716	0.609195
149	Q	2.6221	0.0151848	0.0180192	0.0106713	0.0183153	0.0193312	0.0141334	0.0171374	0.0285823	0.0210991	0.00697143	0.0285371	0.0115617	0.0228551	0.592199	0.0702074	0.021469	0.0321951	0.0139673	0.0251347	0.0124271
150	R	2.93165	0.0193671	0.0183545	0.0317384	0.0243781	0.0117572	0.0235033	0.0238973	0.0127225	0.0499701	0.0424547	0.0258118	0.0144553	0.0245389	0.0255918	0.531159	0.0304828	0.0198614	0.00878517	0.0390725	0.0220985
151	T	2.61091	0.0151357	0.0121538	0.0147811	0.0266878	0.0160954	0.0196819	0.0167357	0.0108624	0.0718362	0.0282219	0.0238288	0.0156696	0.0109989	0.0211949	0.0125047	0.0527494	0.589496	0.00929478	0.018882	0.0131891
152	R	2.61688	0.00920536	0.0129283	0.0122862	0.0202451	0.0222654	0.0243956	0.0276918	0.00510781	0.0993998	0.010363	0.0272565	0.0178794	0.0163731	0.057732	0.570715	0.0157038	0.00684561	0.00790148	0.0206467	0.0150588
153	A	2.62458	0.598166	0.023546	0.0112563	0.0104917	0.0285172	0.0238701	0.00975393	0.011736	0.0150369	0.017236	0.0175958	0.0138131	0.0146902	0.0350826	0.0192617	0.0270675	0.0473187	0.0300458	0.0175875	0.0279275
154	L	2.50088	0.00677354	0.0335883	0.00645058	0.0104458	0.0108632	0.00794663	0.00565245	0.372862	0.0179919	0.378074	0.0172538	0.00644872	0.00690483	0.0044677	0.013069	0.00957741	0.0135016	0.0548014	0.0170791	0.00624863
155	V	2.78904	0.0152253	0.0234222	0.0271232	0.0058608	0.0144475	0.0313059	0.0074886	0.0462391	0.0269467	0.0161646	0.0159144	0.0147615	0.00628383	0.0278519	0.0201084	0.0918011	0.0555371	0.534479	0.00759939	0.011439
156	R	2.57038	0.0157056	0.015198	0.0103851	0.0307462	0.0165268	0.0142464	0.0253104	0.0141657	0.0237836	0.00742173	0.0132834	0.0105587	0.0165611	0.0601887	0.606059	0.0316123	0.0197105	0.0261275	0.0213476	0.021061
157	T	3.2099	0.0925784	0.0607525	0.0119457	0.00404324	0.00385818	0.0127742	0.00663429	0.191408	0.0119487	0.0076348	0.0093959	0.0243836	0.00395327	0.0215894	0.0100484	0.205255	0.217151	0.0823413	0.0186749	0.00362896
158	G	3.13452	0.0365776	0.0306027	0.0099313	0.0152981	0.0102749	0.433856	0.043874	0.0204141	0.00493023	0.0554508	0.0904061	0.0742749	0.010237	0.0191676	0.00529144	0.0698165	0.0301275	0.0108321	0.0155026	0.0131347
159	M	2.59444	0.0149252	0.0185599	0.0144677	0.00613087	0.00673574	0.00916344	0.00993391	0.0589924	0.0139858	0.259034	0.464987	0.0146999	0.0059139	0.0139433	0.0129538	0.0103018	0.0068794	0.0256658	0.0245776	0.00814915
160	D	2.71503	0.00749081	0.0353414	0.556544	0.078303	0.0144008	0.0157887	0.0170799	0.0183101	0.00742764	0.00688757	0.0414546	0.0349042	0.0118441	0.0283574	0.0116794	0.00522643	0.0171389	0.0298061	0.0484292	0.0135851
161	P	2.90871	0.300318	0.0155683	0.00859813	0.00393072	0.00383495	0.0818732	0.00590735	0.00860453	0.0187985	0.00806532	0.01351	0.00598672	0.276025	0.0264861	0.023795	0.151597	0.0196756	0.017037	0.00607798	0.00431012
162	R	2.58599	0.0237748	0.00945143	0.0153814	0.0488932	0.0311252	0.0312136	0.0140848	0.0181274	0.0360673	0.0137318	0.0228976	0.0143739	0.0241652	0.015373	0.604286	0.01171	0.00772747	0.0108994	0.0260827	0.0206336
163	M	3.2921	0.0113559	0.0858996	0.00446898	0.0088491	0.0231236	0.00969999	0.0104507	0.20602	0.00655702	0.0487912	0.225168	0.00570878	0.00225238	0.0189203	0.00378262	0.0140138	0.0946729	0.141375	0.066871	0.0120182
164	C	3.07803	0.363291	0.190296	0.00654148	0.00300472	0.00443526	0.00670885	0.00712894	0.0555822	0.0192131	0.00992819	0.0422458	0.0540725	0.0167671	0.0126482	0.0056833	0.0571038	0.0120308	0.101069	0.0109987	0.0212514
165	S	3.11063	0.167724	0.046303	0.0108769	0.00669183	0.0189177	0.0413024	0.00770187	0.009696	0.00424142	0.0145942	0.0286226	0.127373	0.0482537	0.0146163	0.00331157	0.361517	0.0609379	0.00943337	0.00820114	0.00968336
166	L	2.95991	0.014225	0.00525117	0.0294027	0.0867075	0.00663582	0.00721944	0.0177641	0.0154192	0.018232	0.340568	0.12252	0.011055	0.00525589	0.234329	0.00504932	0.0452922	0.0138482	0.0121419	0.00387515	0.00520708
167	M	3.05065	0.0118877	0.0310007	0.0147908	0.00934943	0.0196862	0.054311	0.0230978	0.0460235	0.0102659	0.115715	0.468686	0.0328298	0.0105482	0.0310797	0.012944	0.0294516	0.0180241	0.0162999	0.0305689	0.0134395
168	Q	3.19928	0.142931	0.0228305	0.0292664	0.00950344	0.0184679	0.00818663	0.0216632	0.0305605	0.0187694	0.0121658	0.0365469	0.0235653	0.0555805	0.405402	0.0191038	0.0816988	0.0169539	0.0262547	0.00874528	0.0118042
169	G	2.8974	0.0629629	0.0151718	0.0223547	0.0959635	0.0144852	0.506679	0.0489834	0.0272263	0.0472938	0.0188252	0.00908108	0.0230701	0.0100549	0.01014	0.00919272	0.0131553	0.0172792	0.0188501	0.0184518	0.010779
170	S	2.62864	0.0263427	0.0209143	0.0227084	0.011442	0.0410162	0.0261593	0.0248518	0.0169798	0.0201955	0.0215842	0.0172758	0.0158763	0.0123327	0.019446	0.0203594	0.599308	0.0202242	0.0121597	0.042569	0.00825429
171	T	2.96246	0.00724382	0.100667	0.0568151	0.0227958	0.0125996	0.0257096	0.01371	0.0157474	0.00952496	0.020582	0.0882655	0.03178	0.00568585	0.029393	0.011806	0.0141032	0.476411	0.0349866	0.0114512	0.0107222
172	L	2.91678	0.0895401	0.0405332	0.00505478	0.014395	0.017875	0.00800774	0.00751026	0.17607	0.0101604	0.420963	0.00790225	0.0220116	0.0165754	0.0891556	0.00808712	0.0190672	0.0127989	0.0207728	0.00655695	0.00696179
173	P	3.20022	0.0628491	0.0175548	0.0116587	0.0287904	0.0147178	0.0189981	0.0464528	0.0113276	0.0597005	0.0197827	0.0133707	0.0230581	0.421	0.116566	0.0153351	0.0499297	0.0288933	0.0234328	0.00710004	0.00948063
174	R	2.31117	0.00482119	0.0142108	0.0246269	0.0153898	0.0125656	0.0190931	0.00800196	0.0124208	0.0262978	0.00942497	0.0294012	0.051724	0.016062	0.0127479	0.650953	0.00773862	0.0443388	0.00472481	0.0272392	0.0082174
175	R	2.6865	0.0130748	0.0137282	0.0232345	0.02394	0.0151597	0.0135936	0.0110423	0.00838551	0.162961	0.0115086	0.019095	0.0238174	0.012804	0.0134321	0.528552	0.0295529	0.0119986	0.00978855	0.0355784	0.0187523
176	S	2.78253	0.208132	0.0172617	0.00850512	0.0268784	0.0106856	0.0737341	0.0321688	0.0252966	0.00777523	0.00797607	0.00838657	0.00697613	0.00755925	0.00991807	0.0095345	0.457969	0.0291223	0.0179122	0.0161713	0.0180369
177	G	2.34691	0.012171	0.0167583	0.0127013	0.0650731	0.034959	0.643512	0.0114888	0.0143258	0.00998461	0.0150136	0.0138065	0.0112618	0.00847191	0.0160607	0.0150676	0.0157008	0.00942773	0.0460649	0.0184295	0.00972026
178	A	3.49719	0.366387	0.0148968	0.0292932	0.0111361	0.00617035	0.0212099	0.0271209	0.0293009	0.034804	0.02484	0.0317261	0.0889719	0.0643931	0.0292611	0.0311988	0.0422338	0.0441163	0.03913	0.0116671	0.052143
179	A	2.64996	0.590605	0.0328589	0.0141688	0.0452457	0.0259945	0.027061	0.0143385	0.00824964	0.0301869	0.0284159	0.0232563	0.00995127	0.012878	0.0140972	0.0157662	0.0361597	0.0107332	0.0275995	0.0231241	0.0093101
180	G	2.70159	0.0415664	0.0128404	0.0551881	0.0216976	0.0353125	0.573468	0.0168232	0.0126751	0.0335975	0.00851639	0.0225214	0.0194039	0.00754054	0.0356091	0.0112992	0.0107687	0.0171329	0.011713	0.0356875	0.016639
181	A	3.6412	0.225555	0.0388199	0.00723984	0.0202347	0.117711	0.0625355	0.0403532	0.00948224	0.0266106	0.0377428	0.136968	0.0135105	0.00305263	0.106992	0.0201961	0.0535788	0.018129	0.00939041	0.0216002	0.0302981
182	A	3.03739	0.472505	0.0176892	0.00773218	0.0107294	0.0251267	0.0355331	0.073266	0.00803356	0.009441	0.0155213	0.0198605	0.0885177	0.00784344	0.0244699	0.00658846	0.0363079	0.0375429	0.0341668	0.0252988	0.0438256
183	V	2.91139	0.0487556	0.0219338	0.0301813	0.0161499	0.0194369	0.00998198	0.0124354	0.155578	0.01718	0.0163257	0.0204836	0.0144709	0.0127809	0.0207121	0.00963738	0.0220639	0.0501608	0.478463	0.00787201	0.015397
184	K	2.51515	0.0232426	0.0190967	0.00644238	0.0203931	0.0189326	0.0325486	0.0196613	0.0213112	0.625034	0.0201676	0.017937	0.0287668	0.023301	0.0282545	0.026506	0.00938997	0.0153832	0.0100856	0.0185439	0.0150028
185	G	2.54083	0.0408888	0.0162883	0.017086	0.113388	0.00789913	0.583106	0.0309937	0.00929278	0.00488018	0.0125116	0.0156955	0.0256922	0.013715	0.0251863	0.0166632	0.0117724	0.0129481	0.0124858	0.00686508	0.0226425
186	V	3.32937	0.00987568	0.0273092	0.00928099	0.00968734	0.0839524	0.00339153	0.108761	0.159556	0.0149552	0.0639563	0.0115435	0.0213467	0.0129763	0.15615	0.010527	0.00735299	0.0201891	0.250088	0.00440677	0.0146952
187	G	3.0179	0.0822292	0.02528	0.0460428	0.0276417	0.0189068	0.493315	0.00675874	0.0392873	0.0289465	0.0148202	0.0199033	0.0091242	0.0348155	0.00950808	0.0127474	0.0467808	0.0149849	0.0261856	0.0245103	0.0182118
