#SITE	WT_AA	SITE_ENTROPY	PI_A	PI_C	PI_D	PI_E	PI_F	PI_G	PI_H	PI_I	PI_K	PI_L	PI_M	PI_N	PI_P	PI_Q	PI_R	PI_S	PI_T	PI_V	PI_W	PI_Y
1	M	3.49963	0.0250231	0.0343362	0.0391237	0.0242077	0.0391318	0.0215872	0.0570262	0.0232053	0.0362858	0.0239631	0.395272	0.0354108	0.0305057	0.0296735	0.0292459	0.0168802	0.0361706	0.0213057	0.0459009	0.0357442
2	A	1.65049	0.741286	0.00715224	0.00719662	0.012895	0.00758278	0.0119866	0.00739662	0.00383908	0.00747384	0.00251489	0.0402994	0.00540895	0.00153388	0.00667255	0.00444073	0.00329417	0.00446138	0.104368	0.0130741	0.00712291
3	S	3.41513	0.0594254	0.00186804	0.00427775	0.00932378	0.12179	0.00438935	0.0511511	0.0205297	0.00743533	0.116455	0.080049	0.0370118	0.00692484	0.00961683	0.00684405	0.134501	0.02251	0.00728581	0.0484907	0.25012
4	Q	3.71666	0.0165838	0.0308834	0.00529331	0.0201771	0.193758	0.0124464	0.0245614	0.038667	0.0213762	0.141295	0.0157528	0.10057	0.00075255	0.0274734	0.0385971	0.107798	0.0179132	0.0516478	0.0440539	0.0903993
5	G	3.36204	0.0618392	0.0955932	0.0111344	0.00387307	0.00318046	0.24245	0.0136922	0.00291482	0.00381954	0.0366606	0.0135449	0.0391576	0.097228	0.00157604	0.110122	0.0843831	0.0131046	0.00221268	0.151758	0.0117553
6	T	1.43008	0.00577352	0.00639644	0.00549246	0.00581199	0.00548493	0.00761324	0.0219391	0.0537422	0.00460501	0.00839914	0.0146627	0.00923515	0.008094	0.00620537	0.00382832	0.00377238	0.806294	0.0042647	0.0133968	0.00498823
7	K	1.32404	0.00284656	0.0144395	0.0128444	0.011662	0.00628544	0.00697356	0.00484536	0.00773459	0.828265	0.002378	0.0106689	0.0355198	0.0017496	0.00832719	0.00489257	0.00232657	0.00711769	0.00506362	0.0174191	0.0086405
8	R	2.10782	0.00389493	0.0182774	0.00779355	0.00732167	0.00705361	0.0242217	0.00389907	0.0034751	0.00422517	0.0510154	0.011915	0.00633645	0.0123473	0.161624	0.622974	0.00329936	0.00964712	0.00410166	0.0310704	0.0055071
9	S	3.03545	0.0911043	0.00590426	0.00181134	0.0023583	0.0439557	0.00912471	0.0047543	0.0239135	0.00660463	0.130068	0.0473329	0.309041	0.00124022	0.0244193	0.00185237	0.211866	0.0129259	0.00877629	0.00516636	0.0577805
10	Y	3.44529	0.250925	0.0185838	0.00911944	0.00500115	0.0224957	0.00628566	0.0537273	0.0808823	0.158301	0.0453991	0.0303623	0.0471432	0.0195572	0.024929	0.00196647	0.0104397	0.0244776	0.0315092	0.00351423	0.155381
11	E	3.45858	0.0175333	0.0160154	0.0738569	0.317029	0.0139702	0.009886	0.00869055	0.0407208	0.032561	0.0138793	0.0234598	0.0149498	0.00658253	0.0265629	0.0486763	0.134784	0.0195473	0.0602922	0.0996171	0.0213855
12	Q	3.02802	0.0259319	0.020886	0.00641598	0.0035717	0.00763517	0.0049913	0.101611	0.0225125	0.416457	0.0207601	0.0089804	0.0476601	0.00244838	0.0519549	0.13782	0.0518873	0.0282066	0.0260997	0.0122403	0.00192972
13	M	2.63422	0.0239719	0.0565618	0.0597841	0.00836693	0.0209683	0.0147622	0.0211671	0.0729983	0.024619	0.00885825	0.572099	0.0227335	0.011553	0.00859949	0.00744085	0.0150077	0.0141645	0.00793749	0.0165889	0.0118176
14	E	3.10985	0.0150306	0.0689653	0.0472813	0.450961	0.0581213	0.0193751	0.00788371	0.0215009	0.0547446	0.01078	0.017543	0.0165973	0.00211499	0.0500667	0.0146371	0.00813936	0.0736691	0.0144041	0.0298156	0.0183694
15	T	3.11417	0.00766327	0.0267801	0.0141743	0.0977025	0.00850856	0.0110322	0.0698664	0.20894	0.00672555	0.0173041	0.0152223	0.0299551	0.00683809	0.0148204	0.00685762	0.0305717	0.356534	0.0394411	0.0196895	0.011373
16	D	3.25602	0.0312757	0.0209689	0.394695	0.115321	0.0145495	0.0935533	0.0395574	0.0227246	0.00766767	0.00678444	0.0417384	0.0213979	0.0111267	0.0657757	0.00807373	0.016944	0.0200933	0.0146832	0.0198323	0.0332364
17	G	3.00183	0.00766818	0.222658	0.00280657	0.0058155	0.00743208	0.250635	0.00707888	0.0191172	0.0363814	0.00336763	0.199787	0.00964317	0.133105	0.0142976	0.0103973	0.030845	0.0148264	0.00602232	0.00814392	0.00997154
18	E	3.8398	0.0356682	0.0271344	0.0592392	0.196159	0.0151076	0.0294113	0.067998	0.0316087	0.0182887	0.020615	0.00681695	0.0516424	0.068137	0.023567	0.0154198	0.026141	0.0592975	0.163868	0.0320797	0.0518008
19	R	2.26892	0.0197861	0.035127	0.0116119	0.013357	0.0150992	0.00646574	0.0409654	0.0108673	0.0143297	0.00366591	0.0303541	0.0282907	0.012232	0.0249969	0.66517	0.00822045	0.0150574	0.00809507	0.0146407	0.0216674
20	Q	2.45062	0.00530939	0.0101938	0.00265765	0.00524599	0.00813727	0.00498203	0.00668226	0.00258679	0.00545587	0.015593	0.0106679	0.0142074	0.24818	0.399688	0.0150028	0.211917	0.00826135	0.00942918	0.00674908	0.00905438
21	N	3.42893	0.00336157	0.0713412	0.00834155	0.216851	0.00322904	0.00275378	0.00926619	0.016361	0.171069	0.016203	0.0285958	0.106542	0.103058	0.010771	0.0501884	0.0919788	0.06718	0.00352863	0.0118147	0.00756563
22	A	3.54562	0.183513	0.012253	0.0624737	0.0296794	0.0143383	0.0187375	0.0138117	0.0186675	0.153192	0.0107103	0.00808957	0.00748813	0.021251	0.028221	0.0892368	0.145384	0.0354053	0.132892	0.0115458	0.00311028
23	T	3.56203	0.0445658	0.0533195	0.00662967	0.00662989	0.00882183	0.00998804	0.157208	0.0107663	0.0128459	0.0961464	0.00969206	0.0711595	0.00428088	0.148286	0.0269952	0.169818	0.103976	0.0162568	0.0316486	0.0109653
24	E	3.26346	0.0106542	0.0261153	0.0194595	0.344934	0.0116749	0.00916947	0.0639216	0.0405869	0.0412943	0.0262049	0.0084705	0.017126	0.00629576	0.195973	0.0192492	0.0293455	0.0215195	0.0781023	0.0101244	0.019779
25	I	2.64757	0.00539878	0.000976091	0.00257639	0.0013606	0.00316039	0.244309	0.00306728	0.0953457	0.0384283	0.00623247	0.222835	0.00134215	0.0111681	0.295332	0.0429866	0.00121401	0.0022425	0.0141461	0.00470805	0.00317006
26	R	2.85992	0.0521101	0.0110011	0.0100054	0.0271147	0.0906418	0.00914021	0.0129186	0.0090854	0.0250566	0.00891196	0.019698	0.00363679	0.00970003	0.0131348	0.383193	0.260623	0.0254606	0.0126432	0.00375352	0.0121717
27	A	3.35957	0.178952	0.00815431	0.00793231	0.0264925	0.00452719	0.0113461	0.138623	0.00625693	0.217065	0.0197942	0.0216856	0.0362431	0.010911	0.0125309	0.154396	0.0696486	0.0462034	0.0137313	0.0104393	0.00506727
28	S	3.31368	0.156322	0.0424115	0.00529069	0.00956977	0.0619607	0.0362442	0.0346604	0.00510576	0.0228223	0.00618438	0.00998854	0.11079	0.00451199	0.195097	0.0549424	0.220073	0.0029983	0.00591067	0.00586342	0.00925228
29	V	3.19225	0.00751061	0.0330878	0.105941	0.0165044	0.0298489	0.0151214	0.00421206	0.247437	0.0131853	0.00732896	0.0571704	0.00853733	0.0216356	0.0100565	0.0144996	0.0594879	0.0137627	0.297146	0.027061	0.0104661
30	G	3.43671	0.0694198	0.0816997	0.00443587	0.0226451	0.114661	0.172784	0.00250969	0.00515352	0.0319502	0.00747872	0.0178308	0.0144625	0.00845029	0.252248	0.0141347	0.0374015	0.0845941	0.0180438	0.0212288	0.0188667
31	K	3.21413	0.0182997	0.0110342	0.00466449	0.20946	0.00223346	0.0100135	0.00949673	0.0331392	0.219306	0.00915467	0.0312829	0.058102	0.087714	0.013943	0.214813	0.0126656	0.0193902	0.00953363	0.0209822	0.00477189
32	M	3.08515	0.00637405	0.00494864	0.0198907	0.00781297	0.0138339	0.0212145	0.00708028	0.0153787	0.0114964	0.00241043	0.247493	0.278304	0.0166399	0.00547244	0.0197759	0.112018	0.051417	0.128262	0.0239273	0.00624966
33	I	3.30161	0.00971585	0.0375331	0.0121923	0.0532339	0.0254467	0.13336	0.00513757	0.291158	0.00769084	0.198435	0.0395482	0.0159197	0.00379184	0.00850074	0.00671536	0.0219316	0.0279247	0.0592333	0.0191776	0.0233536
34	D	3.7479	0.143914	0.037754	0.080166	0.0894475	0.0211298	0.0205462	0.0137075	0.125073	0.00611688	0.0344777	0.115169	0.00481639	0.00314897	0.0836278	0.0187044	0.0634895	0.0312219	0.0932221	0.00828206	0.00598498
35	G	3.30822	0.0511552	0.0531388	0.0175215	0.0157647	0.0471014	0.433543	0.0422256	0.0351799	0.0216746	0.0180007	0.0167492	0.0358387	0.021501	0.0088689	0.019728	0.0437255	0.02252	0.0167668	0.0408933	0.0381031
36	I	3.31862	0.00956362	0.019074	0.0352802	0.0263419	0.279117	0.0076473	0.0394538	0.274267	0.0109617	0.0331936	0.0279109	0.00837903	0.0152078	0.0482039	0.0421548	0.0328702	0.0347634	0.0202125	0.0275086	0.00788838
37	G	3.37536	0.0506641	0.0254607	0.0322026	0.0682867	0.0177395	0.353501	0.0227558	0.022982	0.020967	0.0526686	0.015262	0.00510714	0.0140098	0.0237939	0.00709801	0.0221072	0.0115439	0.150134	0.0594529	0.0242624
38	R	3.70792	0.0135127	0.0310379	0.0381358	0.0247541	0.0203977	0.0568818	0.0366915	0.00717811	0.0829424	0.00788276	0.0459074	0.0354998	0.0610091	0.0676546	0.288851	0.0392334	0.0293778	0.0226837	0.0763931	0.0139756
39	F	3.06167	0.162351	0.0335402	0.0054052	0.00656797	0.132901	0.0164588	0.0125215	0.00921304	0.0137445	0.00723739	0.0158912	0.12899	0.0204862	0.0102909	0.0274763	0.00587965	0.015041	0.0157852	0.351409	0.00880985
40	Y	2.7503	0.0270166	0.0084629	0.013331	0.00474746	0.0079595	0.0101292	0.31947	0.00961904	0.0105683	0.0118078	0.0125016	0.00906754	0.0083728	0.0301705	0.161438	0.00348248	0.0117244	0.0081472	0.0202129	0.311771
41	I	3.83798	0.0271685	0.0529892	0.00650552	0.0321951	0.0939527	0.0534848	0.0174317	0.142106	0.00510305	0.0629512	0.0350208	0.0149185	0.00862178	0.065075	0.0309935	0.169177	0.0853537	0.0580854	0.0180431	0.0208226
42	Q	3.11477	0.0162947	0.0255781	0.0161673	0.0497588	0.00999308	0.0580305	0.033246	0.00741023	0.175882	0.0121089	0.0221757	0.0110721	0.0271134	0.414312	0.0152562	0.0269945	0.0131209	0.0136427	0.0207295	0.0311131
43	M	3.80368	0.032282	0.0260184	0.0396345	0.0373473	0.0700119	0.0151604	0.106178	0.0263386	0.103248	0.101135	0.186012	0.0546353	0.0103472	0.0109797	0.0315947	0.0112541	0.0961953	0.012369	0.0106829	0.018575
44	C	3.49653	0.076572	0.204894	0.0111354	0.0943592	0.0119592	0.012875	0.0316686	0.235272	0.0937561	0.0497867	0.018763	0.0230813	0.00545791	0.023095	0.0129737	0.0244419	0.0183346	0.0106658	0.031099	0.00980922
45	T	3.34181	0.0107439	0.0513419	0.0178481	0.0209877	0.015174	0.0198001	0.015371	0.0245647	0.0313431	0.0484792	0.0340984	0.0859372	0.00889934	0.00982485	0.0140212	0.273583	0.247759	0.0514443	0.014879	0.00390047
46	E	3.46788	0.0161701	0.0958645	0.0268959	0.211561	0.124888	0.0134451	0.0305879	0.0344754	0.0182301	0.0120918	0.0076752	0.0142736	0.196285	0.0118229	0.11078	0.00540031	0.0228945	0.0164857	0.0219095	0.00826348
47	L	3.47767	0.00779874	0.0617345	0.0858556	0.0271006	0.0108237	0.0081513	0.018694	0.0313426	0.0448345	0.265816	0.025093	0.0155048	0.138601	0.00768781	0.145818	0.0442427	0.0319761	0.00837354	0.0143338	0.00621782
48	K	3.57214	0.143673	0.0133341	0.00765132	0.00747892	0.00839685	0.0423241	0.0665194	0.0365518	0.149509	0.0458376	0.10907	0.0195236	0.0138946	0.212914	0.0127031	0.0459961	0.0255368	0.0180981	0.013919	0.00706942
49	L	3.51274	0.143372	0.0123582	0.00926463	0.00590215	0.196789	0.0138909	0.00717743	0.00844792	0.00778303	0.139347	0.0604077	0.0207205	0.0521995	0.0435632	0.0611306	0.0145245	0.147156	0.012899	0.0385039	0.00456265
50	S	3.53157	0.179808	0.0223562	0.0115479	0.070724	0.00484554	0.135364	0.0451659	0.00376695	0.0242591	0.0144149	0.0224793	0.0121982	0.0352725	0.212023	0.0461786	0.0725787	0.0626156	0.0118325	0.00903125	0.00353777
51	D	3.72772	0.0271804	0.0405257	0.142908	0.0441454	0.00322093	0.18597	0.00221593	0.0549087	0.00480311	0.105702	0.0583976	0.0384424	0.0483127	0.00912037	0.0386277	0.0252932	0.0761912	0.0774626	0.00797458	0.00859753
52	Y	3.42239	0.263389	0.017753	0.00947631	0.109022	0.0303157	0.0107307	0.0286122	0.0138095	0.00159368	0.0118831	0.0300389	0.0352178	0.00357601	0.00684732	0.0102444	0.0634653	0.127253	0.048184	0.0235497	0.155037
53	E	3.37985	0.061026	0.0201726	0.0679732	0.362508	0.00593634	0.0129356	0.0121344	0.0168478	0.0104252	0.0205843	0.0464053	0.0188452	0.0153356	0.0205124	0.0544612	0.05478	0.0253547	0.0180084	0.1284	0.0273529
54	G	3.63109	0.0708414	0.029532	0.0463445	0.0317236	0.0127235	0.270533	0.120339	0.0134141	0.0139932	0.013007	0.0209316	0.0229184	0.0322607	0.0113058	0.0483259	0.0907313	0.0963901	0.0256102	0.015168	0.0139069
55	R	3.31461	0.019232	0.0320357	0.0514719	0.023131	0.00721082	0.00762535	0.0593182	0.0166206	0.236466	0.00950945	0.0132166	0.0181674	0.0609326	0.0672092	0.292707	0.0160063	0.0259805	0.00736283	0.0270812	0.00871527
56	L	3.74629	0.024496	0.0937721	0.0161546	0.0570886	0.0148978	0.0404725	0.0111587	0.0238683	0.00999789	0.160747	0.0826707	0.179389	0.0642208	0.0221315	0.0202767	0.0248561	0.10142	0.0201612	0.00556272	0.0266577
57	I	3.39879	0.0367985	0.00604187	0.0311185	0.0250532	0.0123056	0.0292791	0.0096962	0.169915	0.0374386	0.309231	0.0354035	0.0300485	0.0314239	0.00724012	0.0353093	0.0164028	0.0222256	0.129327	0.00917009	0.0165713
58	Q	3.57554	0.0321493	0.0239246	0.0304316	0.035144	0.0156962	0.0250885	0.0124529	0.0247029	0.0503111	0.0171307	0.00964861	0.0747143	0.0495652	0.326233	0.0751484	0.041332	0.0115346	0.0198005	0.0250719	0.0999198
59	N	3.15212	0.0369074	0.0208856	0.0816447	0.0184319	0.0136231	0.257424	0.0147879	0.00627574	0.0209143	0.0149787	0.0230852	0.331218	0.0277941	0.0126221	0.0403867	0.00879787	0.0228549	0.0241415	0.0137941	0.00943165
60	S	3.56547	0.00875095	0.0912162	0.01448	0.0209637	0.013391	0.0196857	0.00737038	0.0730392	0.0212796	0.0499165	0.0694214	0.0244646	0.0162196	0.0293353	0.0623032	0.318292	0.0720347	0.0439399	0.014087	0.0298094
61	L	3.16249	0.00914894	0.056315	0.226764	0.00219958	0.0353724	0.00586956	0.0163621	0.0182129	0.00474106	0.176112	0.0146096	0.0125828	0.0257698	0.00938782	0.0053719	0.0573015	0.0373214	0.265439	0.00857314	0.0125455
62	T	3.44089	0.0485781	0.0227788	0.0205615	0.109189	0.0200371	0.0540058	0.0351904	0.00912837	0.0116823	0.0112623	0.00576374	0.248787	0.0454106	0.0155536	0.00478933	0.0775917	0.211218	0.0202526	0.0185137	0.00970586
63	I	3.52124	0.178596	0.0532928	0.00685025	0.00757402	0.0162516	0.00870403	0.018848	0.207296	0.0142637	0.0265354	0.0865608	0.00462403	0.126029	0.0315302	0.0179908	0.00852898	0.0174153	0.111065	0.0314954	0.0265493
64	E	3.74046	0.0206891	0.0389397	0.0610864	0.287558	0.0338094	0.0854132	0.0212576	0.0614122	0.0221844	0.0247347	0.0597553	0.0550458	0.055766	0.00421134	0.0326437	0.0168571	0.0321263	0.0150954	0.0291774	0.0422373
65	R	3.31353	0.0221572	0.00876881	0.0265428	0.0491741	0.0313975	0.0116937	0.0257118	0.01009	0.129316	0.0118029	0.0225669	0.0543008	0.0420822	0.018982	0.384805	0.0767178	0.0245265	0.0196647	0.0199231	0.00977652
66	M	3.61428	0.0267617	0.0337192	0.0423514	0.0241631	0.020205	0.093684	0.0201172	0.0433734	0.0178219	0.016161	0.324867	0.0671948	0.0219789	0.021163	0.0157293	0.0853112	0.0176836	0.0355428	0.041522	0.0306494
67	V	3.67915	0.039282	0.0349793	0.0280304	0.0394081	0.0241145	0.0349426	0.0303765	0.0458522	0.0228305	0.0146028	0.0767668	0.205051	0.0201725	0.0357401	0.0125095	0.0244527	0.0411063	0.235707	0.0193047	0.0147698
68	L	3.79949	0.0371164	0.0414341	0.0252023	0.0276426	0.0381096	0.0120172	0.0268603	0.119484	0.0617539	0.262265	0.0526182	0.0131976	0.0533344	0.0620676	0.024998	0.0304003	0.0297884	0.0179862	0.032658	0.0310656
69	S	3.26078	0.0453339	0.0575345	0.00808674	0.0203447	0.0171099	0.0748527	0.055967	0.0327834	0.0177065	0.0246367	0.0172948	0.0662824	0.0242704	0.0142918	0.0219334	0.422482	0.046868	0.00819385	0.0109794	0.013048
70	A	3.48338	0.225216	0.0321271	0.128749	0.0153916	0.0104409	0.157345	0.0298476	0.0411414	0.0212125	0.00775694	0.0123422	0.0171001	0.00923891	0.0218101	0.0127472	0.158511	0.0374732	0.00459807	0.0199909	0.0369605
71	F	3.4662	0.0394252	0.0106256	0.0276025	0.0287863	0.276852	0.0389602	0.0420998	0.0141339	0.0166815	0.0192154	0.0118366	0.0290617	0.0726958	0.0177428	0.0324745	0.038102	0.0143674	0.0205971	0.0183832	0.230357
72	D	3.3584	0.0388716	0.0485705	0.364151	0.0344341	0.0449576	0.0285187	0.019774	0.0291668	0.0342269	0.00985685	0.0104637	0.0178035	0.00818403	0.00831494	0.0327187	0.0157943	0.0509074	0.0154514	0.15806	0.0297743
73	E	3.43376	0.034537	0.0235951	0.0608983	0.0254953	0.0893815	0.0172386	0.00921483	0.0341822	0.0101151	0.196624	0.0219804	0.00587495	0.000508721	0.0408067	0.00391433	0.00674842	0.211559	0.133128	0.0728276	0.00137009
74	R	3.39525	0.0288242	0.0121005	0.173293	0.0275594	0.00751885	0.00838477	0.01513	0.00804538	0.10897	0.0541732	0.0127082	0.0142035	0.00855572	0.144187	0.252943	0.0150877	0.00812019	0.0303096	0.0530239	0.0168621
75	R	3.16446	0.016327	0.0378548	0.00690914	0.0131138	0.0320857	0.0085214	0.0119763	0.00567093	0.212402	0.00537083	0.0212232	0.0414455	0.0164701	0.00575672	0.32502	0.00545205	0.108855	0.021281	0.0245416	0.0797234
76	N	3.59468	0.0414775	0.0863222	0.00666915	0.107674	0.00760757	0.023176	0.00709632	0.135363	0.0544905	0.0693881	0.119975	0.195419	0.00411628	0.00596384	0.0152492	0.0139888	0.0228088	0.0107379	0.06423	0.00824649
77	K	3.74838	0.0343364	0.0577345	0.0070308	0.0169966	0.0108919	0.0480537	0.175893	0.133105	0.0629502	0.0426984	0.0389991	0.0390767	0.0184382	0.040168	0.173499	0.0262277	0.0384263	0.0170969	0.0115889	0.00678901
78	Y	3.08145	0.042546	0.0288148	0.024353	0.071886	0.366221	0.00853812	0.0332198	0.0177523	0.00965633	0.0113507	0.00649936	0.00773294	0.0157459	0.00922754	0.0241895	0.0102638	0.0116435	0.0214584	0.0457177	0.233183
79	L	3.2904	0.0528163	0.0404992	0.0129166	0.0108827	0.00666755	0.024894	0.0119368	0.0350093	0.0276478	0.426252	0.0389401	0.048442	0.0267913	0.0449401	0.0296636	0.020788	0.0145898	0.0799234	0.0193843	0.0270152
80	E	3.7834	0.0284961	0.0366167	0.0540714	0.262984	0.00998144	0.0293073	0.0271511	0.0469058	0.0428264	0.0223361	0.0450737	0.0561952	0.00478844	0.0439668	0.0111103	0.0247753	0.0574948	0.0590016	0.029056	0.107862
81	E	3.70432	0.0131366	0.054405	0.0467141	0.271141	0.0479005	0.020983	0.0346939	0.0836004	0.0215929	0.0297906	0.0471568	0.0261638	0.0115321	0.0132111	0.0266053	0.0687863	0.018006	0.122328	0.0123371	0.0299149
82	H	3.57215	0.0176547	0.0684196	0.00442104	0.00963216	0.238832	0.00193707	0.0729472	0.0190861	0.0545261	0.00988956	0.0538397	0.0202585	0.00269363	0.183917	0.0252997	0.041382	0.0354082	0.0256451	0.0555164	0.0586944
83	P	3.25799	0.0631636	0.0708728	0.00350706	0.00622906	0.0230923	0.0323945	0.00499151	0.0237233	0.006427	0.00831181	0.0801124	0.0663988	0.1187	0.371618	0.029137	0.0169743	0.0180796	0.0363421	0.0131323	0.00679188
84	S	3.23288	0.317883	0.119086	0.00637632	0.00745836	0.00109457	0.0597067	0.00275008	0.00267478	0.0039281	0.0723453	0.0659065	0.116754	0.0139047	0.0235279	0.00424549	0.0846025	0.0629357	0.0072192	0.019956	0.00764522
85	A	3.82033	0.125575	0.0301578	0.0027068	0.00879606	0.0306701	0.067097	0.0205109	0.0405523	0.0239201	0.0249182	0.020448	0.0501467	0.155441	0.00740843	0.0995654	0.0940735	0.109331	0.0344437	0.00744704	0.0467911
86	G	3.33754	0.0398779	0.0129868	0.00792651	0.00967414	0.0130507	0.170606	0.123505	0.00361271	0.039203	0.0376897	0.0092149	0.282723	0.0689907	0.0266616	0.0943722	0.0197483	0.0201907	0.00345837	0.0117169	0.00479108
87	K	2.7422	0.00778386	0.0122516	0.0133742	0.0370471	0.0111545	0.022968	0.0181298	0.0261967	0.571573	0.00950924	0.0303583	0.0145307	0.0198222	0.0289184	0.030553	0.0269241	0.0364564	0.0331008	0.0113466	0.0380017
88	D	2.71462	0.00355799	0.0253129	0.207142	0.0109813	0.0183299	0.0122151	0.00825209	0.024053	0.0108485	0.013355	0.0322726	0.473985	0.0110663	0.0576798	0.00588658	0.0440826	0.0109158	0.0159563	0.0110154	0.00309155
89	P	3.64262	0.121843	0.176401	0.0156592	0.013068	0.0718649	0.0349674	0.00662211	0.0194816	0.00866741	0.0424808	0.00952525	0.0254964	0.160815	0.00970729	0.013496	0.118375	0.0136745	0.0832141	0.032464	0.0221767
90	K	3.49473	0.0259135	0.0108104	0.0122607	0.0129604	0.00639786	0.0167621	0.0823678	0.0169053	0.12463	0.0286479	0.126298	0.0267474	0.00334846	0.245393	0.0877783	0.052437	0.0930252	0.0184278	0.00664317	0.00224505
91	K	2.65994	0.013129	0.0114208	0.0198896	0.0105588	0.0230198	0.0195918	0.00735715	0.0103144	0.487053	0.00987617	0.0121637	0.0272094	0.0134455	0.0140579	0.229402	0.0255618	0.00750662	0.0144645	0.0194332	0.0245446
92	T	3.04714	0.0598642	0.00735724	0.0077606	0.00828941	0.045398	0.0519709	0.0117395	0.0109444	0.0166389	0.0453004	0.0650608	0.0840619	0.0257852	0.0163448	0.0166152	0.0188729	0.465563	0.0132613	0.0185321	0.0106389
93	G	3.11302	0.0187114	0.0116955	0.0424035	0.0444974	0.0472089	0.467064	0.00607038	0.0119138	0.0381656	0.0164749	0.0282812	0.0138111	0.0709539	0.0388372	0.00854277	0.0259988	0.0566509	0.0122932	0.0242722	0.0161531
94	G	3.36718	0.00956483	0.0179565	0.0473459	0.0598083	0.0143141	0.409105	0.0355203	0.0333649	0.0303278	0.0115814	0.0721667	0.0337591	0.0183505	0.0405795	0.0279822	0.0249721	0.0532673	0.0140832	0.0181733	0.0277769
95	P	3.64528	0.0283393	0.100573	0.0683857	0.0142067	0.0105624	0.0213973	0.0624003	0.028237	0.0684433	0.0193629	0.0279948	0.015117	0.286963	0.0157126	0.0228609	0.0998692	0.0201369	0.0498375	0.0211843	0.0184159
96	I	3.60037	0.0316074	0.0410675	0.0473968	0.0487006	0.0126429	0.0126114	0.0120024	0.253976	0.0140946	0.185281	0.039706	0.00903196	0.0266339	0.0241739	0.0140876	0.0307658	0.0139194	0.062281	0.0308693	0.0891506
97	Y	3.5281	0.0194101	0.0548828	0.0220583	0.0633862	0.0665967	0.0689369	0.0486625	0.0212513	0.0189055	0.0127466	0.00831824	0.0606342	0.0156574	0.093923	0.00994586	0.0209248	0.0150826	0.0325236	0.0146376	0.331516
98	K	3.64792	0.0207784	0.0219141	0.0151921	0.0203871	0.0134557	0.0207073	0.0622844	0.022144	0.285551	0.0618987	0.0350775	0.0137798	0.0256462	0.121531	0.0938391	0.0588232	0.0191318	0.0317208	0.0401522	0.0159857
99	R	3.33682	0.0332824	0.061925	0.0120354	0.0312196	0.0166638	0.0775672	0.0320182	0.0111152	0.233922	0.010705	0.0167665	0.0180234	0.0160215	0.0109989	0.299993	0.018006	0.0400613	0.0157366	0.0163504	0.0275886
100	V	3.69848	0.226866	0.0100639	0.0138405	0.0189279	0.0170254	0.0319692	0.184003	0.0108556	0.03307	0.0418867	0.0673665	0.0503537	0.0729678	0.031585	0.0126304	0.0284377	0.0316017	0.068411	0.0228708	0.0252665
101	D	3.56728	0.04233	0.0139448	0.295444	0.0360754	0.00570165	0.0268724	0.0253656	0.0156537	0.0257995	0.0864227	0.0197017	0.0464594	0.0714113	0.0342018	0.0668984	0.0135634	0.129855	0.0258611	0.0120987	0.00634
102	R	3.6774	0.0216978	0.0368918	0.00696772	0.015837	0.0474015	0.096837	0.0765039	0.00575888	0.0563413	0.126331	0.0446757	0.0031765	0.00897859	0.0112077	0.201175	0.0271942	0.0143058	0.0103463	0.0941953	0.0941768
103	K	3.58522	0.101574	0.0271645	0.013078	0.0231444	0.0105332	0.0298142	0.0156426	0.0238779	0.271858	0.0340581	0.0465134	0.121095	0.0166134	0.0254527	0.0252276	0.0232038	0.0408356	0.127656	0.0105176	0.0121405
104	W	3.1765	0.0268144	0.0172251	0.0593292	0.0188674	0.173603	0.00707448	0.0165955	0.0368296	0.0152542	0.0162712	0.015133	0.016079	0.00986391	0.011597	0.0383287	0.0288011	0.0217668	0.0260211	0.402143	0.0424022
105	M	3.72683	0.0261308	0.183118	0.0188934	0.0206394	0.0474564	0.00997149	0.0357181	0.0413593	0.0614668	0.14981	0.151853	0.0770872	0.0538213	0.0314884	0.0215532	0.00886323	0.0115957	0.0232512	0.0172921	0.00863136
106	R	3.20444	0.0327897	0.0478575	0.046604	0.079762	0.0199188	0.0153474	0.0239953	0.0360842	0.0222304	0.0136076	0.023236	0.0102907	0.0195999	0.02198	0.453728	0.0222841	0.0249662	0.00995814	0.0416131	0.0341474
107	E	3.14534	0.0145519	0.0121101	0.295329	0.30598	0.0165254	0.0171925	0.00849454	0.0183597	0.0161211	0.0180016	0.0257699	0.0716008	0.0146357	0.0116719	0.021638	0.021916	0.030738	0.0406078	0.0144082	0.0243483
108	L	3.49404	0.0249845	0.0375865	0.00979357	0.0255835	0.0279711	0.0496071	0.0386561	0.0335612	0.0556331	0.367881	0.025296	0.0149261	0.024346	0.108705	0.0172748	0.0313662	0.0378285	0.0199157	0.023679	0.0254051
109	V	2.88881	0.0346113	0.430637	0.0236556	0.0109863	0.0133121	0.0233438	0.0246786	0.0206843	0.0137019	0.0840624	0.0112805	0.00493132	0.0122235	0.0200196	0.0124585	0.0171328	0.0143274	0.211412	0.0060411	0.0104998
110	L	3.09587	0.00788683	0.0283724	0.0215362	0.0178324	0.0237399	0.0177111	0.0213926	0.045533	0.0679471	0.459659	0.0193694	0.0190336	0.108549	0.01499	0.0389799	0.0137839	0.0258177	0.0262773	0.0118999	0.00968842
111	Y	3.28248	0.0115133	0.00512287	0.0234781	0.00216947	0.158094	0.01341	0.0283389	0.0252252	0.00915298	0.00956032	0.296529	0.00336576	0.0180555	0.0300345	0.00281168	0.0421813	0.14469	0.0320347	0.0432682	0.100965
112	D	3.53894	0.0238804	0.0133385	0.258955	0.0633205	0.00864114	0.0202527	0.0262186	0.0333682	0.0140394	0.0590052	0.0208194	0.208855	0.0276622	0.0151304	0.0158535	0.0142206	0.0142446	0.0567027	0.0375636	0.0679285
113	K	2.85121	0.0124787	0.0107055	0.0357241	0.022626	0.0270696	0.00664208	0.0144629	0.0152559	0.538745	0.022757	0.0209399	0.0307782	0.0152647	0.0337387	0.0397037	0.0469427	0.00570534	0.0136114	0.0586594	0.0281896
114	E	3.63638	0.00821899	0.0107727	0.115094	0.229726	0.0673277	0.0354095	0.023928	0.0376893	0.104679	0.0146897	0.00753887	0.0104044	0.0220749	0.069972	0.00509257	0.0174512	0.0347008	0.00704152	0.0920502	0.086139
115	E	2.97956	0.0430936	0.0109653	0.0548314	0.492328	0.0985976	0.0101509	0.0312237	0.0181258	0.0276744	0.013534	0.0197074	0.0164093	0.0123307	0.0137904	0.0435457	0.0178136	0.0231196	0.00970846	0.0114527	0.0315972
116	I	2.83357	0.00707742	0.0474397	0.0258726	0.0219955	0.0279164	0.00658698	0.0148243	0.30664	0.0170125	0.0191232	0.00600542	0.0596966	0.0079039	0.0143782	0.00585022	0.00994728	0.0135601	0.364449	0.017179	0.00654168
117	R	3.37618	0.0243155	0.0729606	0.0224907	0.0270958	0.0324	0.00807148	0.0119575	0.0528341	0.0261667	0.00915461	0.0123147	0.0174832	0.008172	0.252932	0.270554	0.0483799	0.0205572	0.0454366	0.0198154	0.0169085
118	R	3.65905	0.0544642	0.0169964	0.0304453	0.0343519	0.0470937	0.0181865	0.018638	0.0550942	0.0733761	0.0469978	0.0292749	0.0103363	0.0234945	0.0308978	0.325797	0.0203226	0.0588705	0.0270281	0.0571403	0.0211938
119	I	3.63427	0.0185461	0.104541	0.0429487	0.0112775	0.0138654	0.0434463	0.0208693	0.288577	0.00833274	0.0340122	0.0769505	0.0324813	0.0150843	0.0473018	0.0112695	0.011918	0.045543	0.0987739	0.0353976	0.038864
120	W	3.24644	0.0284211	0.0418046	0.0459551	0.026157	0.0182339	0.012624	0.0129852	0.0340206	0.0509823	0.0193362	0.0337163	0.0832245	0.0334189	0.0372194	0.017171	0.0130376	0.0193538	0.0154775	0.440838	0.0160234
121	R	3.67911	0.0286376	0.109817	0.0146004	0.0122293	0.0402159	0.0251447	0.067543	0.0126397	0.0747783	0.0394608	0.0366149	0.0246551	0.00784083	0.0137214	0.235571	0.14583	0.0198627	0.0167718	0.0570649	0.0170006
122	Q	3.15852	0.00780747	0.019263	0.00213052	0.00783989	0.145337	0.00571423	0.101963	0.037751	0.00599555	0.0294444	0.00449699	0.0190361	0.0488551	0.103134	0.0312054	0.0266361	0.024745	0.362163	0.00503369	0.0114486
123	A	3.19758	0.32595	0.0958215	0.0127883	0.0298403	0.0138355	0.228676	0.0206576	0.00952504	0.00850343	0.00937821	0.014949	0.0269475	0.0116926	0.00392724	0.0319409	0.0400471	0.014877	0.0536926	0.0370199	0.00993054
124	N	3.46266	0.0242145	0.0384228	0.0184657	0.019743	0.0258823	0.168239	0.0289605	0.0252364	0.0183118	0.0126249	0.0128066	0.288427	0.0253871	0.0216008	0.0101196	0.0490232	0.0122724	0.00618134	0.0698878	0.124194
125	N	3.83239	0.0261411	0.17854	0.0449294	0.024602	0.0467111	0.0376412	0.027556	0.0192937	0.0246977	0.0415635	0.0674359	0.211118	0.0105516	0.0233528	0.0286306	0.0342315	0.0442213	0.0375692	0.0234315	0.0477829
126	G	3.73847	0.0688142	0.115585	0.00846956	0.0493504	0.023056	0.175381	0.00552317	0.0158547	0.014567	0.147189	0.0652836	0.0787617	0.0078831	0.0302601	0.0724316	0.0505866	0.0164464	0.0309786	0.0190121	0.00456631
127	D	3.94489	0.0717196	0.00341992	0.0665097	0.015671	0.0871153	0.0235322	0.0869489	0.0133262	0.033295	0.11524	0.0374752	0.0232149	0.00544392	0.0415761	0.0365392	0.0456522	0.11532	0.0936677	0.0719185	0.0124138
128	D	3.45777	0.114189	0.00792102	0.0497147	0.0113476	0.00534233	0.0123144	0.278342	0.0252337	0.00994849	0.0209239	0.0154006	0.159487	0.0622977	0.0171892	0.0107995	0.0302324	0.0701048	0.0680019	0.0126371	0.018572
129	A	3.47844	0.167727	0.0463411	0.00467654	0.0257407	0.00719734	0.260901	0.011585	0.0137373	0.127025	0.0419419	0.0133505	0.019101	0.01875	0.0269868	0.0656301	0.0587187	0.0547551	0.0242584	0.00834965	0.00322738
130	T	3.53729	0.00970314	0.0296732	0.0112382	0.0153929	0.0205268	0.00701709	0.06478	0.0096924	0.0614249	0.0630637	0.0821088	0.0299874	0.00911539	0.0134216	0.0264489	0.030481	0.184806	0.258486	0.0555769	0.0170557
131	A	3.47198	0.295471	0.0218979	0.0132754	0.0418363	0.0090241	0.0418568	0.108467	0.0178809	0.0070978	0.0183789	0.0290464	0.040542	0.154662	0.0280401	0.0107022	0.0863718	0.0168981	0.0305816	0.0177398	0.0102292
132	G	3.18338	0.0143489	0.0183596	0.0173565	0.0283674	0.011979	0.367799	0.0330837	0.226104	0.0212728	0.0162285	0.0135831	0.034895	0.024773	0.0460656	0.0184625	0.0349762	0.00536768	0.0200364	0.0216759	0.0252657
133	L	2.87943	0.0590019	0.00494916	0.0120206	0.0131168	0.0122959	0.0205165	0.00689151	0.372519	0.0171933	0.29143	0.045101	0.0125482	0.0219021	0.0282172	0.0200656	0.00886725	0.0144161	0.0115228	0.00839714	0.0190275
134	T	3.24435	0.0496428	0.086034	0.0113271	0.0379962	0.0111958	0.014871	0.00914771	0.00994704	0.00862069	0.0287704	0.0266536	0.0457216	0.0194174	0.00729097	0.0192164	0.11221	0.393017	0.0764089	0.0161541	0.0163566
135	H	3.23967	0.0488637	0.0411422	0.0267109	0.026419	0.0466108	0.0205062	0.443795	0.0122353	0.036204	0.0109023	0.0344538	0.0491103	0.0457541	0.0632427	0.0152256	0.0133785	0.0213652	0.0135051	0.0101674	0.0204076
136	M	3.45719	0.0176727	0.020562	0.0109888	0.0298815	0.0490078	0.0303569	0.0329737	0.206945	0.00957197	0.100601	0.269082	0.0159872	0.0184516	0.0220837	0.00725403	0.0246699	0.0150409	0.0748694	0.0102015	0.0337986
137	M	3.08669	0.00411841	0.00685047	0.0399415	0.03582	0.0181979	0.0142846	0.0103084	0.0533938	0.134035	0.0168244	0.4458	0.0113371	0.0264098	0.0258892	0.0146603	0.0357727	0.0213442	0.0241774	0.0155885	0.0452465
138	I	3.18163	0.0343667	0.0231271	0.0434213	0.00698909	0.0247247	0.0278267	0.0119987	0.419723	0.0535757	0.102661	0.0941373	0.0110698	0.0440779	0.0128489	0.0045177	0.0205947	0.0196879	0.0195634	0.017432	0.00765579
139	W	3.28964	0.0270078	0.022225	0.0254831	0.0225998	0.0158852	0.0548188	0.0249884	0.047393	0.0298336	0.0373731	0.0307334	0.0359947	0.0270713	0.0123398	0.0241693	0.0211251	0.0686534	0.0171523	0.439657	0.0154962
140	H	3.34955	0.0338727	0.0379735	0.0637356	0.0233364	0.020491	0.0204833	0.41971	0.0465236	0.0180569	0.0203083	0.0233692	0.0296824	0.015245	0.0700347	0.0130131	0.0320809	0.031914	0.0114829	0.032146	0.0365406
141	S	3.11306	0.0280315	0.0263168	0.0434814	0.0328085	0.117329	0.0202415	0.0416263	0.0177443	0.0226355	0.00909503	0.0202912	0.0135058	0.0435761	0.011462	0.0168785	0.458978	0.0171067	0.0181068	0.0260078	0.0147767
142	N	3.0296	0.0129625	0.015953	0.0197663	0.0406105	0.0177369	0.0135885	0.0382	0.0191017	0.058901	0.0177689	0.052896	0.488075	0.00917187	0.0239652	0.0246942	0.0816139	0.0173203	0.0135831	0.0183759	0.0157156
143	L	3.29495	0.013484	0.0214345	0.0113243	0.0111294	0.0186308	0.0218038	0.0647638	0.0444957	0.0381895	0.403842	0.0459036	0.0235567	0.0692751	0.0098778	0.0301994	0.0979764	0.0122907	0.0150223	0.0367105	0.0100899
144	N	3.08543	0.0972673	0.00999825	0.0172854	0.0233351	0.0150527	0.0400574	0.0147509	0.0409548	0.0299321	0.0104441	0.0719652	0.459426	0.00943535	0.0372529	0.0046872	0.0117627	0.0320997	0.0124051	0.0338118	0.0280761
145	D	3.03468	0.0484698	0.0442306	0.490025	0.0629216	0.00943679	0.0120133	0.0135042	0.0208442	0.00740145	0.0230749	0.0594534	0.0179357	0.0227302	0.0313273	0.0315125	0.00683112	0.0352093	0.0131295	0.0281821	0.021767
146	T	2.93539	0.29114	0.0344593	0.0497788	0.00586122	0.00669907	0.00579973	0.0147147	0.00826838	0.0163123	0.0151256	0.0179082	0.00786918	0.00530293	0.0151558	0.00666935	0.287498	0.163907	0.013753	0.0108033	0.0229742
147	T	3.25725	0.0086661	0.0498954	0.0185446	0.0342721	0.0325382	0.0146067	0.0339019	0.110296	0.0173284	0.0130948	0.0294882	0.0427274	0.0197321	0.0312267	0.01756	0.00542942	0.423429	0.0357026	0.0374097	0.0241516
148	Y	2.86418	0.0261959	0.0143318	0.0262926	0.00993825	0.0339796	0.0112205	0.0298405	0.0539717	0.0115535	0.0160575	0.0321672	0.0325871	0.0656996	0.0153913	0.00944561	0.0247464	0.0266806	0.0070954	0.0187045	0.5341
149	Q	2.93432	0.0180433	0.0394594	0.0111145	0.0103802	0.0145598	0.0086956	0.015647	0.0339093	0.0356928	0.0118931	0.0207494	0.0177383	0.0226214	0.488685	0.138311	0.0311508	0.0195941	0.0293615	0.0117384	0.0206548
150	R	3.04986	0.032352	0.0219236	0.0188612	0.0566503	0.0155083	0.0364287	0.0191596	0.0125146	0.0217224	0.0212653	0.0241898	0.0106703	0.0678584	0.0252933	0.492332	0.0281739	0.00795223	0.0113279	0.0371437	0.0386723
151	T	2.87717	0.0154887	0.0142791	0.0342229	0.0543764	0.0111963	0.0254009	0.015856	0.0108338	0.0319701	0.0173022	0.0191522	0.0188006	0.0218083	0.0394033	0.038302	0.0372562	0.540116	0.0230014	0.0205134	0.01072
152	R	2.67982	0.0110973	0.0111123	0.0198925	0.0245988	0.0512927	0.046029	0.0105483	0.0134799	0.0409703	0.0208113	0.0149984	0.00889964	0.0264513	0.0539103	0.572238	0.0174886	0.0110476	0.0094369	0.0301481	0.00554885
153	A	2.98627	0.508593	0.0110502	0.0235124	0.0166983	0.071596	0.0384799	0.0202317	0.0170294	0.0168755	0.0331645	0.0130376	0.0158795	0.0243355	0.0223717	0.0200099	0.0297788	0.0514335	0.0323877	0.00703021	0.026505
154	L	2.76118	0.00599492	0.0365867	0.0116277	0.0192282	0.00967753	0.00786264	0.00603739	0.37063	0.0423259	0.329078	0.0187849	0.015148	0.00871068	0.0100575	0.0270361	0.0105982	0.0130076	0.0162019	0.0274233	0.0139824
155	V	3.12228	0.0207355	0.0103038	0.0328805	0.0106372	0.0173807	0.0478821	0.00841544	0.0408446	0.0132126	0.0214891	0.0117209	0.0174083	0.0101305	0.053769	0.0222332	0.139045	0.0827221	0.418757	0.0101474	0.0102859
156	R	2.9977	0.0223929	0.0238792	0.0126477	0.0582154	0.0120797	0.0249835	0.0161869	0.0117581	0.0188793	0.0050153	0.0222926	0.0044681	0.0213422	0.114408	0.477864	0.0341728	0.016645	0.0503461	0.0281287	0.0242949
157	T	3.53411	0.122315	0.0655475	0.0243018	0.00943377	0.00879496	0.0103723	0.01405	0.17015	0.0240392	0.012014	0.0224424	0.0076061	0.0123568	0.0320689	0.0269376	0.130408	0.208868	0.0658287	0.0233535	0.0091113
158	G	2.94476	0.0301545	0.0278025	0.0102327	0.0161117	0.0333342	0.513898	0.0283213	0.0361789	0.0162362	0.0227527	0.0139782	0.0831377	0.0254579	0.0308728	0.00780152	0.0403309	0.0160819	0.0109003	0.0107548	0.0256614
159	M	3.09202	0.0224942	0.0265611	0.0458034	0.0180225	0.00716041	0.0141029	0.0188182	0.0498289	0.0148547	0.158076	0.433454	0.00638227	0.0106394	0.0248248	0.0198441	0.0212941	0.01893	0.0478045	0.0173517	0.0237536
160	D	3.1018	0.00919568	0.0469701	0.461345	0.0311712	0.0145735	0.0225847	0.0131577	0.0216853	0.015178	0.0124684	0.0824839	0.0190525	0.0183945	0.0270549	0.0150676	0.00974101	0.012604	0.0526312	0.0755824	0.0390583
161	P	2.47657	0.475426	0.00540746	0.00997025	0.00248502	0.000620001	0.0676404	0.00356386	0.00631604	0.0133512	0.0065625	0.00173752	0.00670938	0.142183	0.00643428	0.0291762	0.183305	0.00931211	0.0179662	0.00748541	0.00434752
162	R	2.9468	0.00857613	0.0116589	0.0172698	0.0343717	0.0558213	0.064045	0.0231664	0.0220191	0.0686292	0.00791032	0.0205513	0.0178165	0.0277074	0.01375	0.50437	0.00858567	0.0133418	0.0135621	0.0469391	0.0199087
163	M	3.49582	0.0135229	0.117597	0.00969376	0.0119375	0.0141801	0.0200425	0.00902945	0.109235	0.0241398	0.075112	0.291419	0.00951125	0.00350213	0.0313422	0.0107068	0.0310776	0.061276	0.0652838	0.0682954	0.023096
164	C	2.71589	0.50514	0.136474	0.00748452	0.00110083	0.0045737	0.0133259	0.0133837	0.0698255	0.0233706	0.00664584	0.00438	0.0513667	0.0140074	0.0155102	0.0101814	0.0422165	0.0147456	0.0473449	0.0126193	0.00630429
165	S	3.28204	0.154773	0.0764365	0.0199322	0.0112351	0.00781047	0.0485147	0.00853673	0.0200929	0.00153072	0.0247756	0.0229131	0.167723	0.0533679	0.00532779	0.0049684	0.293149	0.0339169	0.0229211	0.00715573	0.0149195
166	L	3.11939	0.0208509	0.00781311	0.034245	0.0677805	0.0153456	0.00606993	0.0495633	0.0268417	0.0110235	0.421505	0.152365	0.0113062	0.0199435	0.0416302	0.00927755	0.0188908	0.0326831	0.0183992	0.020886	0.0135796
167	M	3.12118	0.0164662	0.0135385	0.016295	0.0130697	0.0178896	0.0913757	0.034811	0.0276838	0.00828018	0.103326	0.440033	0.0610327	0.00837777	0.0238082	0.0229536	0.032453	0.0205614	0.0120442	0.00989533	0.0261049
168	Q	3.30325	0.154376	0.018652	0.0212132	0.0141535	0.0296269	0.013806	0.0165282	0.035537	0.0237264	0.010061	0.0243994	0.0202111	0.0138854	0.355045	0.0139346	0.117451	0.0494813	0.0364072	0.00527202	0.0262331
169	G	3.10485	0.0533775	0.020804	0.0141975	0.0126052	0.00998528	0.463376	0.0492373	0.0339194	0.0975942	0.0214808	0.01663	0.00494333	0.0260323	0.026796	0.0168989	0.0129942	0.0278583	0.0432229	0.030695	0.017352
170	S	2.80386	0.0470788	0.0214005	0.0598075	0.0178753	0.0501122	0.0105101	0.00929041	0.0145536	0.0220695	0.0208149	0.0260296	0.0185756	0.0151407	0.0253932	0.0364837	0.54847	0.0124459	0.0118182	0.025886	0.00624439
171	T	3.17576	0.0075739	0.103586	0.0562341	0.0500418	0.0104505	0.0215412	0.01524	0.0236945	0.010546	0.0438007	0.0706226	0.0254426	0.0105653	0.0286309	0.0167773	0.0125034	0.428974	0.0408513	0.0116206	0.011303
172	L	3.03565	0.0376645	0.0737846	0.0110798	0.0246676	0.0245891	0.0168127	0.0181038	0.0676019	0.03281	0.492258	0.0208661	0.0300374	0.0267373	0.0262475	0.0152651	0.0221061	0.0161846	0.0237769	0.00735245	0.0120548
173	P	3.2302	0.104416	0.0250607	0.0315132	0.0163927	0.00916441	0.0158052	0.0488089	0.0118411	0.0189518	0.0273983	0.0175299	0.0374882	0.434646	0.0207333	0.0293187	0.0466198	0.0434242	0.0273259	0.010363	0.0231992
174	R	2.58715	0.00942357	0.0128047	0.0399593	0.0427307	0.0190038	0.0170652	0.0215256	0.0108937	0.0162222	0.0162402	0.0277942	0.0100508	0.0076578	0.0180902	0.584912	0.00666195	0.0858142	0.0147624	0.0309754	0.00741156
175	R	3.08298	0.0250906	0.0108996	0.0353164	0.0239336	0.0301407	0.0154549	0.0182251	0.0141391	0.233852	0.0170908	0.0229211	0.0152065	0.031485	0.0172583	0.389774	0.0119346	0.00889331	0.0205011	0.0333929	0.0244897
176	S	2.68007	0.346471	0.0137168	0.00931962	0.0200459	0.0177052	0.0284261	0.0248808	0.00553767	0.0194706	0.0118936	0.00643432	0.0106142	0.00774505	0.00790077	0.0129764	0.378224	0.0280469	0.017868	0.0192372	0.0134861
177	G	2.7962	0.0112039	0.0203114	0.0217389	0.0500273	0.0371783	0.54211	0.0152302	0.021629	0.0134405	0.0306276	0.022543	0.00854878	0.00838039	0.0160965	0.013146	0.0338766	0.0197889	0.0872868	0.0107199	0.0161162
178	A	3.62952	0.296681	0.00810421	0.0311335	0.0146633	0.0078183	0.0225059	0.0262848	0.0251515	0.0247242	0.0329041	0.0814927	0.0273518	0.073028	0.024547	0.0532709	0.0255879	0.074091	0.0437907	0.00754418	0.0993256
179	A	2.92416	0.496208	0.0206532	0.014895	0.089877	0.00804148	0.0411707	0.021423	0.011968	0.0837573	0.0103235	0.022572	0.0262666	0.0137694	0.0154282	0.00983275	0.0347106	0.0181222	0.0419198	0.0132612	0.00580065
180	G	2.83305	0.0366916	0.00889281	0.026252	0.0321808	0.0396115	0.550088	0.0137173	0.0294055	0.0277974	0.0162586	0.027992	0.00875902	0.0107926	0.0292754	0.0153937	0.0150267	0.0320172	0.0123991	0.0475858	0.0198629
181	A	3.50399	0.195594	0.00776979	0.0218168	0.00425226	0.0555926	0.0926314	0.0312459	0.00833397	0.0210546	0.01725	0.222345	0.0142406	0.00612508	0.113144	0.0280654	0.0639329	0.0171564	0.014087	0.00995181	0.0554105
182	A	3.01985	0.480681	0.00947757	0.0123446	0.0114133	0.0182318	0.0579478	0.077374	0.00953514	0.0122529	0.011653	0.0297942	0.0262111	0.00986828	0.0244061	0.00840822	0.0368994	0.0541967	0.0615998	0.0281425	0.0195628
183	V	3.04417	0.02984	0.024565	0.00603614	0.0314393	0.0251771	0.0190716	0.00772341	0.18692	0.014599	0.0225723	0.0139253	0.0127095	0.0133262	0.0212057	0.0139708	0.0249307	0.0707601	0.419096	0.00575667	0.0363754
184	K	2.62227	0.0368769	0.0199608	0.00851328	0.0128409	0.0306438	0.00609786	0.0269619	0.0119746	0.590886	0.0179634	0.0417132	0.0149199	0.055686	0.0179862	0.0311142	0.0129677	0.0217518	0.0109365	0.0206301	0.00957473
185	G	2.75573	0.0159221	0.0233199	0.0167845	0.0905195	0.0228358	0.551413	0.0307204	0.0122224	0.0106687	0.0191112	0.0195134	0.0101178	0.0280637	0.0289176	0.0504948	0.00921202	0.0142047	0.0207625	0.0123402	0.0128555
186	V	3.34152	0.0119268	0.0470206	0.0150518	0.0283585	0.0222013	0.00532487	0.0245	0.211081	0.00582733	0.053421	0.0111425	0.0193371	0.0356817	0.0953024	0.0254839	0.00936727	0.0274227	0.298933	0.00482342	0.0477922
187	G	3.07103	0.0515868	0.0108859	0.0393247	0.0146583	0.0186115	0.473568	0.00619531	0.0277014	0.0301655	0.0385179	0.0165426	0.00519515	0.061382	0.0178806	0.00570305	0.0289782	0.0186811	0.0492382	0.0183955	0.0667887
