#SITE	WT_AA	SITE_ENTROPY	PI_A	PI_C	PI_D	PI_E	PI_F	PI_G	PI_H	PI_I	PI_K	PI_L	PI_M	PI_N	PI_P	PI_Q	PI_R	PI_S	PI_T	PI_V	PI_W	PI_Y	PI_*
1	M	3.45983	0.0263576	0.0161023	0.0279306	0.048015	0.0252698	0.0191392	0.0836951	0.0102317	0.0451865	0.0138814	0.398308	0.0384188	0.0193738	0.0369612	0.0226134	0.0164486	0.0186339	0.0221378	0.0440787	0.0338678	0.0333494
2	A	1.60421	0.774966	0.00823514	0.00651966	0.01209	0.00863004	0.0116795	0.00625041	0.0064231	0.00796725	0.00364568	0.0221658	0.00658979	0.002477	0.00888137	0.0144177	0.00278307	0.00327812	0.0676318	0.012312	0.00603532	0.00702077
3	S	3.3633	0.0218686	0.00309028	0.0165334	0.00283848	0.00453209	0.00248849	0.148975	0.00692334	0.0153625	0.0831554	0.0173387	0.217838	0.00304312	0.115197	0.0712519	0.169117	0.0469459	0.0284964	0.0130439	0.0103375	0.001622
4	Q	3.65822	0.0368415	0.0261886	0.00148733	0.028952	0.136332	0.0221772	0.0118327	0.0576559	0.0124949	0.117469	0.0504762	0.110546	0.000584766	0.050678	0.000596915	0.10776	0.0261179	0.00731979	0.0215088	0.169887	0.00309298
5	G	1.93572	0.60315	0.0169374	0.00906856	0.0016514	0.00186198	0.1111	0.000829299	0.00104663	0.00381353	0.00226339	0.00248438	0.0501219	0.00195438	0.0026226	0.00124302	0.00565244	0.168245	0.000481751	0.0102602	0.00433768	0.000874339
6	T	1.34934	0.00573325	0.0103464	0.00883515	0.0103864	0.007108	0.0030436	0.0232636	0.0112018	0.00588569	0.00246804	0.0115964	0.0121311	0.0085283	0.0119573	0.00324175	0.00329893	0.82968	0.00404942	0.0192716	0.00438789	0.00358547
7	K	1.32997	0.00221748	0.0144121	0.00553093	0.00576656	0.00816472	0.0027435	0.00614909	0.00475802	0.822119	0.00206454	0.00605338	0.0459605	0.00185705	0.0255765	0.00330576	0.00167565	0.00338063	0.0087192	0.0137135	0.00546696	0.0103647
8	R	2.23634	0.00645576	0.0143887	0.00715211	0.00602238	0.00436442	0.021201	0.00323016	0.00309759	0.00379487	0.00754022	0.0112918	0.0031556	0.130133	0.152822	0.569882	0.00599118	0.0144223	0.00397077	0.0205386	0.00513234	0.00541285
9	S	2.81896	0.0216212	0.0124846	0.0085055	0.0171592	0.0722302	0.00551095	0.00163137	0.0245237	0.00874696	0.0370315	0.0114832	0.0856051	0.00589556	0.12213	0.00497023	0.481941	0.0118582	0.00588185	0.00624277	0.00790487	0.0466422
10	Y	3.337	0.0671961	0.00584023	0.0130062	0.00367418	0.00357866	0.00575644	0.110863	0.0312039	0.00405839	0.170314	0.0666435	0.0284819	0.02708	0.0154832	0.00390956	0.0182587	0.067363	0.0250852	0.00437368	0.299536	0.0282934
11	E	3.11779	0.00720432	0.0243797	0.0197898	0.391744	0.0128983	0.0357748	0.0223196	0.0466179	0.015666	0.0297397	0.160649	0.0302311	0.00931392	0.0334413	0.0090305	0.00664748	0.00174027	0.116654	0.00735745	0.0117138	0.00708715
12	Q	3.72881	0.029116	0.115547	0.017572	0.00517636	0.0430886	0.00867344	0.00835535	0.0654948	0.0190987	0.0517624	0.00909919	0.208023	0.0123882	0.106541	0.0859753	0.0532431	0.0975733	0.0096399	0.0311052	0.0130954	0.00943183
13	M	1.59943	0.01558	0.041381	0.724368	0.00276778	0.000893136	0.0799527	0.00179227	0.0133241	0.000741243	0.00065736	0.0898751	0.00396754	0.00079775	0.0022746	0.00164589	0.0021457	0.000978241	0.00295801	0.000802772	0.00264504	0.0104515
14	E	0.81439	0.0180596	0.00232221	0.0297795	0.0456591	0.00111799	0.000256017	0.00152833	0.00075761	0.885208	0.0020722	0.00300193	0.000463237	0.000412278	0.00177684	0.00159218	0.000807856	0.000592029	0.00109397	0.000942885	0.000588473	0.00196768
15	T	0.616725	0.00219032	0.00532065	0.000207612	0.0014385	0.000257327	0.000361278	0.00152746	0.00134513	0.00146161	0.917193	0.00190569	0.00970155	0.000178054	0.000380033	0.00114282	0.00828163	0.0453895	0.000358783	0.000192099	0.000605756	0.00056154
16	D	1.55938	0.00304002	0.00116374	0.022558	0.00505654	0.00376469	0.507251	0.000709704	0.00609432	0.000845083	1.18947e-05	0.00634242	0.0146548	0.00013356	0.00171119	0.416048	0.000726783	0.00053815	0.000460546	0.0030141	0.00256027	0.00331501
17	G	2.96451	0.0126168	0.00956433	0.0155947	0.00474632	0.0043724	0.329318	0.0164937	0.0478523	0.0718404	0.00154653	0.0300195	0.00841836	0.268713	0.0537988	0.00308235	0.0126919	0.0834879	0.0056226	0.0116345	0.00219786	0.00638821
18	E	2.82645	0.00723503	0.00993769	0.0834102	0.0868346	0.00687113	0.00490987	0.00939151	0.0367554	0.00364293	0.351532	0.00310096	0.00709624	0.0385071	0.0163599	0.00236627	0.00924938	0.0120757	0.276127	0.00355489	0.0299117	0.00112987
19	R	2.63358	0.0295027	0.0606346	0.00592375	0.0103145	0.0179953	0.0116088	0.0744967	0.0056977	0.0071321	0.00420064	0.0178515	0.00655405	0.0188834	0.00646967	0.554131	0.00925376	0.0634628	0.0683842	0.0100244	0.0122566	0.00522215
20	Q	2.64273	0.00999815	0.00908378	0.00289607	0.00617361	0.00777546	0.00578972	0.00957895	0.00569878	0.0046067	0.0104557	0.0093627	0.00392117	0.310655	0.345135	0.0485856	0.149191	0.0208669	0.00229958	0.00390781	0.0131616	0.0208568
21	N	3.38315	0.0309553	0.00400744	0.0203055	0.00459836	0.00401182	0.0110107	0.00703447	0.0376858	0.0390569	0.247471	0.188238	0.145793	0.0022623	0.0276343	0.0551557	0.0726674	0.0426887	0.0418817	0.0135302	0.00171104	0.00230018
22	A	2.41886	0.0703766	0.00581039	0.00125661	0.000920928	0.000665219	0.00519171	0.0392828	0.0007498	0.154257	0.00856856	0.00376725	0.00953375	0.0693198	0.00441272	0.0400581	0.029102	0.533511	0.0149359	0.00127836	0.00170272	0.00529878
23	T	3.31156	0.0148589	0.0481306	0.002121	0.0427286	0.000806048	0.171916	0.336038	0.00468917	0.00675903	0.0350081	0.0173399	0.0168253	0.0379377	0.0272315	0.0344716	0.0753931	0.0686257	0.0332914	0.0152231	0.00732157	0.00328355
24	E	3.28424	0.0133947	0.0429824	0.0173231	0.282148	0.00627838	0.00223634	0.0531697	0.108031	0.017535	0.0102362	0.00384492	0.00289009	0.011774	0.0409574	0.015	0.0096739	0.152916	0.0502792	0.00156445	0.15091	0.00685564
25	I	1.86225	0.0182175	0.00928485	0.00565706	0.00836954	0.0038223	0.00703782	0.00109564	0.152133	0.00216863	0.00476025	0.0453874	0.00265429	0.0172624	0.00200206	0.00168887	0.00508463	0.00850131	0.675695	0.0104002	0.00707719	0.0117004
26	R	2.78189	0.235428	0.00495621	0.00486652	0.010404	0.00621761	0.0173863	0.1436	0.0038335	0.25227	0.00823258	0.0107507	0.000355802	0.00633836	0.00640186	0.232226	0.00796831	0.0187271	0.0218528	0.00174368	0.00185708	0.00458375
27	A	2.37375	0.0233525	0.00105823	0.00127719	0.00953332	0.00432672	0.00228356	0.126558	0.0553212	0.00902282	0.161278	0.00992497	0.00371498	0.000319946	0.523983	0.00927515	0.00930419	0.0233528	0.016845	0.00021352	0.00328609	0.00576788
28	S	3.49048	0.112768	0.050065	0.0121683	0.00239482	0.00572064	0.0945558	0.0585792	0.0116742	0.179593	0.00373879	0.0387155	0.0426602	0.00268571	0.00595531	0.125505	0.166867	0.0608831	0.00119858	0.00201512	0.0065876	0.0156684
29	V	2.9096	0.26603	0.00643334	0.0366734	0.0517952	0.00605785	0.0123582	0.00250454	0.0781108	0.00881626	0.00205916	0.0143392	0.00409161	0.00269309	0.0595886	0.00813398	0.00736022	0.0518015	0.34983	0.01276	0.00476698	0.0137961
30	G	3.10688	0.30366	0.00258354	0.0295364	0.0234127	0.00985149	0.282471	0.00876101	0.0167499	0.0167421	0.00677345	0.0623705	0.0154822	0.0563654	0.0692701	0.0101798	0.0260768	0.00469946	0.0123729	0.0333035	0.00465687	0.00468053
31	K	2.40032	0.00991289	0.00100835	0.00725477	0.00360823	0.00225926	0.581561	0.0173835	0.0162943	0.0908486	0.0161114	0.0333085	0.0152471	0.00137794	0.0224824	0.116489	0.0130912	0.00374526	0.0139654	0.0075231	0.00430318	0.0222253
32	M	3.14433	0.00689345	0.0250074	0.0174004	0.00194651	0.00868714	0.00745469	0.0141463	0.0267692	0.047394	0.0243817	0.396755	0.0213924	0.0561043	0.00658015	0.0151739	0.00513223	0.0176152	0.0466671	0.0151762	0.167671	0.0716516
33	I	1.16889	0.0189035	0.0792369	0.00322956	0.00140783	0.00127055	0.00136203	0.000828103	0.0245152	0.000446725	0.0040583	0.820392	0.000538318	0.00117153	0.000484569	0.000842636	0.00152853	0.0236715	0.0053788	0.00130315	0.000999366	0.00843073
34	D	3.25058	0.01409	0.288489	0.074615	0.0217536	0.000512325	0.0145071	0.14739	0.0206911	0.0102552	0.177179	0.00391048	0.0319027	0.00133377	0.00315714	0.0551125	0.0108978	0.0222994	0.00669829	0.0232793	0.0686172	0.00330959
35	G	3.48274	0.150966	0.0461788	0.00461865	0.0171843	0.012714	0.174342	0.0285534	0.0155579	0.0801395	0.00405898	0.0837636	0.0200061	0.00789058	0.00961099	0.0236312	0.227092	0.0445729	0.019033	0.00585814	0.00529751	0.01893
36	I	2.54384	0.0100917	0.0156283	0.0365587	0.00440869	0.00495565	0.00290185	0.00334994	0.125703	0.0271772	0.0119788	0.0149285	0.0021169	0.0029427	0.216994	0.0223206	0.00639912	0.00346824	0.461753	0.0197079	0.00433905	0.0022761
37	G	3.28973	0.0108926	0.0543523	0.0761035	0.0112388	0.167696	0.296862	0.00683255	0.00648255	0.0107693	0.0053548	0.0107687	0.153515	0.015969	0.0155762	0.00396711	0.0303578	0.0236614	0.0150775	0.0163962	0.00824851	0.0598791
38	R	3.27446	0.116888	0.0241373	0.0157842	0.0202034	0.0062239	0.0324024	0.0148718	0.0576397	0.0067326	0.246745	0.00720393	0.00833041	0.00395485	0.0930459	0.252948	0.0242641	0.0153579	0.0107812	0.0305168	0.00345952	0.00850911
39	F	2.69509	0.108022	0.0512195	0.0012942	0.178952	0.111429	0.00821305	0.002071	0.00151474	0.00651895	0.000967719	0.00748026	0.00414728	0.0154443	0.000712433	0.0081978	0.00612992	0.0128582	0.0129568	0.0379143	0.421876	0.0020799
40	Y	3.10803	0.260832	0.0041375	0.0202018	0.00285168	0.00709184	0.0214872	0.0322094	0.0407777	0.00129784	0.0149294	0.00628102	0.00342526	0.0238833	0.0716531	0.0013999	0.00911824	0.0920333	0.00669857	0.0883778	0.28019	0.0111228
41	I	3.71342	0.0328044	0.0474354	0.0258939	0.278514	0.0537514	0.0634773	0.0108867	0.0601553	0.014928	0.033925	0.0437343	0.00237275	0.00761114	0.0546294	0.0177684	0.0633123	0.0224631	0.0111652	0.0939273	0.0565924	0.0046524
42	Q	3.32454	0.0160417	0.0970793	0.026756	0.0491269	0.00743757	0.0528635	0.0939151	0.00858731	0.0293932	0.0213498	0.00629046	0.00598986	0.048749	0.391224	0.0305029	0.00883093	0.0157216	0.0278793	0.0102985	0.0310181	0.0209454
43	M	3.30806	0.0170431	0.0512867	0.0103285	0.0187593	0.00526027	0.00844544	0.00622431	0.104671	0.0214145	0.0681786	0.295037	0.0118163	0.00785533	0.0649953	0.0240892	0.00696118	0.0173079	0.0336547	0.0130361	0.00532198	0.208314
44	C	3.64879	0.0649169	0.19407	0.00837379	0.110469	0.0175677	0.0084051	0.00334311	0.18407	0.0342271	0.0112189	0.0196788	0.112822	0.0124415	0.0104552	0.0210727	0.0326375	0.0281949	0.0458703	0.0409994	0.0115813	0.0275858
45	T	2.29026	0.01924	0.106443	0.00873085	0.00102621	0.00195724	0.018447	0.0126546	0.00600943	0.0014134	0.591809	0.0230742	0.00815639	0.00118835	0.0205343	0.00612728	0.000744636	0.105005	0.0412974	0.00211659	0.0195765	0.00444783
46	E	3.26515	0.00887095	0.0473738	0.0250162	0.414365	0.00678218	0.0390194	0.0109568	0.0777371	0.0157086	0.0198239	0.0420297	0.0495353	0.00218926	0.03109	0.0098459	0.0894491	0.0379403	0.00524771	0.031332	0.0211191	0.0145677
47	L	3.22262	0.00541308	0.0612484	0.0158245	0.00888193	0.0138534	0.0620636	0.0107507	0.0626385	0.0113276	0.40177	0.0107899	0.0480789	0.0467043	0.0121063	0.00765201	0.0210081	0.124911	0.0297242	0.0173185	0.00396828	0.023967
48	K	3.13947	0.0104307	0.0333282	0.0522518	0.0135924	0.00580131	0.00599113	0.00633347	0.121771	0.388937	0.0114335	0.019645	0.0490408	0.00249033	0.086695	0.00545518	0.00998036	0.0970293	0.0524558	0.0110397	0.00630775	0.00999033
49	L	3.19546	0.0518755	0.0215793	0.00642266	0.00385762	0.0334778	0.0287828	0.00991907	0.0628074	0.0152543	0.197916	0.0318277	0.0064662	0.0226527	0.0181665	0.00840358	0.022402	0.0126492	0.363132	0.0621058	0.000978673	0.0193238
50	S	3.80944	0.126575	0.0413257	0.0537688	0.0178328	0.0208642	0.119378	0.0226703	0.011151	0.0175585	0.0313226	0.00611963	0.0947229	0.111512	0.0128639	0.0165451	0.140378	0.093532	0.0224121	0.00692095	0.0253848	0.0071614
51	D	2.52308	0.0465168	0.00203234	0.0787151	0.0191604	0.0206216	0.00915128	0.00154277	0.0582288	0.00978591	0.0158494	0.0183095	0.583833	0.0203422	0.0117929	0.00249779	0.0288558	0.0230935	0.0395025	0.00240996	0.00265154	0.00510687
52	Y	3.56349	0.0641601	0.0209338	0.0427104	0.0286267	0.00958751	0.180038	0.0108328	0.0176246	0.13521	0.0193344	0.030108	0.0175337	0.00229199	0.0073999	0.0162541	0.098589	0.0258711	0.0116824	0.00908364	0.219255	0.0328734
53	E	1.4332	0.00910415	0.0104191	0.00667136	0.0528397	0.000990015	0.00379404	0.000457527	0.0561572	0.0027407	0.00986076	0.0109465	0.00556228	0.00828117	0.00163363	0.0173456	0.00605396	0.00167019	0.000147811	0.00168048	0.789959	0.00368476
54	G	3.37564	0.039503	0.00914925	0.00694852	0.0980354	0.00612489	0.299472	0.0495514	0.0243702	0.00693974	0.0086423	0.0199544	0.17985	0.0282329	0.011838	0.00855973	0.10156	0.0225006	0.0219178	0.0168754	0.0318818	0.00809185
55	R	2.91078	0.00760975	0.0014348	0.0279235	0.00835352	0.00656386	0.0143319	0.0558996	0.0106647	0.00571597	0.448125	0.0013064	0.00492244	0.108773	0.0769847	0.0795985	0.00294759	0.0246688	0.0747736	0.00280112	0.0240143	0.0125863
56	L	3.46976	0.030789	0.0937792	0.00506551	0.00494223	0.0175064	0.0200635	0.0373462	0.0695867	0.0342265	0.0951123	0.0676646	0.0569425	0.00749379	0.00117302	0.00288051	0.025534	0.140703	0.00636226	0.000735467	0.01385	0.268243
57	I	3.07986	0.0100854	0.0570396	0.0138406	0.00952643	0.00833556	0.335628	0.0123601	0.231392	0.00246874	0.106908	0.0241168	0.00590469	0.0464076	0.0074053	0.00902236	0.0180306	0.0208955	0.055604	0.0172319	0.00477722	0.00301912
58	Q	2.78659	0.0083716	0.00213826	0.0149261	0.00737031	0.086667	0.0110147	0.462313	0.00659076	0.0460363	0.015041	0.00954369	0.0274426	0.0117771	0.189427	0.0112381	0.0191353	0.0229387	0.024994	0.0144178	0.00301005	0.00560661
59	N	2.94045	0.016267	0.00699607	0.0173544	0.0181586	0.00620881	0.012036	0.195513	0.0160848	0.355646	0.0163633	0.037488	0.201157	0.011622	0.00863787	0.00740429	0.00989865	0.0192683	0.0143447	0.00521583	0.0190635	0.00527212
60	S	3.06534	0.0380441	0.0212977	0.0321273	0.0165353	0.00103376	0.130902	0.000313726	0.254909	0.0150938	0.016318	0.0028538	0.0114651	0.00478428	0.0493175	0.0126813	0.073102	0.290219	0.00130139	0.00814556	0.00760983	0.0119453
61	L	3.0083	0.046666	0.00823641	0.000522607	0.000630403	0.00870232	0.0748536	0.0028014	0.0115038	0.00436767	0.115192	0.0300836	0.0349994	0.00408251	0.0136669	0.00679842	0.14758	0.108555	0.363342	0.00672774	0.00684049	0.00384836
62	T	2.18682	0.053845	0.0404573	0.00143958	0.00115588	0.000291361	0.0307887	0.00569686	0.00149639	0.00908564	0.0205332	0.0241684	0.0100007	0.00896426	0.0084069	0.0087553	0.642498	0.0911324	0.0226161	0.0109969	0.00296659	0.00470486
63	I	2.83165	0.347142	0.0907642	0.0349251	0.0120251	0.00388018	0.0133648	0.00680147	0.133081	0.0183192	0.0222317	0.00351684	0.00162259	0.0173251	0.0186965	0.00586298	0.00424513	0.0063379	0.00412472	0.00472364	0.00220925	0.248801
64	E	3.64135	0.0187851	0.0121913	0.153513	0.231685	0.0244647	0.0175551	0.0132837	0.0510703	0.00312609	0.123121	0.0146136	0.0291207	0.0532841	0.0115873	0.059425	0.0154836	0.0394117	0.00571432	0.021326	0.0839104	0.017328
65	R	3.59178	0.0361869	0.00447908	0.0017079	0.0530642	0.0248067	0.0706294	0.0138006	0.00349231	0.0416563	0.029898	0.00156002	0.0938503	0.0477827	0.111402	0.268498	0.0464837	0.0512596	0.0106407	0.0150975	0.00216186	0.0715416
66	M	3.01308	0.0182403	0.0135497	0.0609472	0.0230841	0.381164	0.0100893	0.00858915	0.0374348	0.0124356	0.0134335	0.250052	0.0197176	0.016177	0.0113183	0.00785143	0.0455829	0.0278047	0.0148454	0.0149838	0.00750509	0.00519335
67	V	3.28025	0.337766	0.0298204	0.0120436	0.0185585	0.016857	0.0279628	0.0378551	0.0206586	0.0421246	0.0110663	0.0794012	0.0307386	0.00919457	0.00935086	0.00398868	0.00768204	0.0113628	0.188822	0.00914269	0.00976291	0.0858413
68	L	3.20879	0.0456553	0.0284998	0.00352126	0.0144902	0.0521157	0.0384276	0.0312736	0.402389	0.0250287	0.14983	0.00578278	0.0172264	0.0285818	0.0178051	0.0103577	0.0439434	0.0151288	0.00704789	0.0478565	0.0133129	0.001725
69	S	2.95059	0.0498654	0.0408729	0.011689	0.0423929	0.0122108	0.138043	0.00803721	0.00870853	0.00301976	0.0178443	0.00407094	0.0145797	0.0211755	0.0167573	0.00327935	0.427792	0.133763	0.0230672	0.00839122	0.0043733	0.0100665
70	A	2.73796	0.133206	0.00964009	0.0263137	0.00832098	0.01031	0.276374	0.00158895	0.00477274	0.00193041	0.0152521	0.00787468	0.0106968	0.00343191	0.00840792	0.00289535	0.228261	0.232334	0.00492724	0.00941815	0.00211526	0.001928
71	F	3.50315	0.119391	0.0108257	0.149844	0.0152495	0.208365	0.0090713	0.00299939	0.007857	0.00642871	0.0233551	0.0011735	0.0577723	0.0284579	0.0108918	0.0356758	0.0666902	0.0348927	0.160835	0.00638104	0.0272712	0.0165735
72	D	3.14342	0.0227496	0.0749568	0.453333	0.0387951	0.0528205	0.0341621	0.0319571	0.00648092	0.00717253	0.0078686	0.0268488	0.0549525	0.00885992	0.0295687	0.0254142	0.0448224	0.0495606	0.0038953	0.00864102	0.0118109	0.00532961
73	E	3.24405	0.0291037	0.0193741	0.0056187	0.0545686	0.0389514	0.0640264	0.001744	0.388174	0.0159731	0.0843728	0.0205224	0.104981	0.00383455	0.0065729	0.016467	0.0714578	0.0197899	0.0147272	0.0226537	0.00105723	0.016029
74	R	3.2652	0.0130839	0.00748518	0.019124	0.0339263	0.107768	0.00515948	0.00684853	0.0126502	0.110799	0.014826	0.0906678	0.0560773	0.00970566	0.00800741	0.374379	0.0328806	0.00971352	0.0223329	0.0267587	0.011189	0.0266173
75	R	2.81029	0.118076	0.00676561	0.00957318	0.0147627	0.00686729	0.028468	0.0121693	0.00430216	0.15048	0.00278653	0.0165658	0.0297007	0.0122704	0.00497728	0.46274	0.00587164	0.00704228	0.0293272	0.0239955	0.047828	0.00543027
76	N	1.38329	0.006637	0.0044394	0.00133004	0.0083694	0.00866072	0.00801315	0.00403447	0.00915495	0.0133446	0.0207817	0.00155347	0.0419252	0.000180025	0.00307276	0.00896408	0.00744892	0.0003167	0.0194129	0.814876	0.010491	0.00699316
77	K	2.24012	0.00576755	0.019868	0.0124745	0.00125764	0.00140015	0.0111159	0.0299321	0.00493449	0.0157025	0.0201882	0.289979	0.00562078	0.00129017	0.0118242	0.50828	0.0222603	0.00963908	0.0213375	0.00201607	0.00305273	0.00205945
78	Y	2.80477	0.00648963	0.00531885	0.00286748	0.00140823	0.373896	0.0163243	0.177869	0.0535356	0.00537842	0.00131168	0.0182281	0.0175742	0.00422157	0.00798179	0.00836798	0.00390924	0.00173996	0.0251164	0.00415691	0.161924	0.102381
79	L	3.2856	0.000722458	0.136696	0.00272932	0.00478796	0.00885685	0.00845127	0.00456481	0.0295698	0.0297419	0.323598	0.100252	0.0116884	0.0464844	0.00722194	0.025319	0.0217797	0.0298586	0.0389971	0.00528602	0.127874	0.0355206
80	E	3.58067	0.0494957	0.0124547	0.0781404	0.220415	0.0187154	0.013808	0.0109355	0.0412473	0.0598858	0.0331504	0.00497006	0.115864	0.00116552	0.0177871	0.0130138	0.0534717	0.174767	0.0181827	0.00814593	0.0531133	0.00127078
81	E	3.61341	0.0086435	0.0474271	0.0137542	0.20913	0.16608	0.0648713	0.0225496	0.0355815	0.00628633	0.0643933	0.00286956	0.138305	0.0156226	0.0146802	0.0189623	0.0174839	0.0236195	0.0761232	0.0064211	0.0071928	0.040004
82	H	3.54171	0.0137954	0.0905981	0.00235334	0.0035697	0.0557718	0.00466189	0.0695027	0.00870306	0.0219832	0.0631273	0.238533	0.0273239	0.00125684	0.139627	0.0439953	0.114795	0.00890041	0.0103277	0.051992	0.0208806	0.00830222
83	P	3.46116	0.0737007	0.00424115	0.00193932	0.0141836	0.00769472	0.0650888	0.0588521	0.00478648	0.011571	0.010319	0.00825089	0.094111	0.109891	0.305095	0.00829988	0.0603764	0.0509858	0.0546916	0.0284733	0.0172657	0.0101828
84	S	3.26353	0.0436617	0.136391	0.00306335	0.000744081	0.0145981	0.0649243	0.0104102	0.000373887	0.002432	0.0281157	0.0211886	0.237461	0.00997632	0.0174383	0.00451143	0.0837141	0.227888	0.0187407	0.00396489	0.0131159	0.0572876
85	A	3.07899	0.0509003	0.0410535	0.00216526	0.00321115	0.00289994	0.0277964	0.0176165	0.0119291	0.00875247	0.0171694	0.0193226	0.427583	0.0532204	0.0921701	0.0109873	0.0195698	0.0303491	0.0392672	0.00155867	0.115893	0.00658525
86	G	3.09047	0.00917114	0.0236875	0.000294562	0.00605756	0.00950095	0.0654065	0.0338122	0.0195283	0.0356272	0.0578283	0.00944447	0.39855	0.175039	0.0212834	0.00739495	0.0232547	0.0345263	0.00121337	0.0146894	0.0494927	0.00419683
87	K	2.75997	0.0128974	0.0225296	0.00459167	0.01945	0.0190796	0.00904416	0.00614284	0.0442021	0.509151	0.00359048	0.0431687	0.00760049	0.0202803	0.00481195	0.0305956	0.0458323	0.0250791	0.00432948	0.00449031	0.0184086	0.144724
88	D	3.20189	0.0082937	0.174294	0.271907	0.0291662	0.040863	0.00553278	0.0315093	0.0260336	0.00408574	0.0395402	0.00215441	0.120361	0.0121256	0.0125775	0.00615062	0.0152642	0.0216667	0.00298271	0.00322591	0.00197753	0.170288
89	P	3.82943	0.0639467	0.0375454	0.00812067	0.0128683	0.0391857	0.116581	0.0479095	0.0168497	0.0100818	0.0352867	0.0109605	0.00621849	0.224398	0.0191476	0.0199202	0.0816764	0.0617047	0.0394529	0.0827182	0.034462	0.0309661
90	K	3.00522	0.0171937	0.0457893	0.0151369	0.0032153	0.00807379	0.0138954	0.0157301	0.042149	0.0817966	0.0103592	0.0018253	0.0610925	0.00121102	0.0243941	0.0642102	0.0197265	0.454891	0.084724	0.0275228	0.00303128	0.00403199
91	K	2.62435	0.00535192	0.0300217	0.00212763	0.00695996	0.0220095	0.00313597	0.00661406	0.00353112	0.274603	0.00279386	0.0350191	0.00493	0.00255195	0.00876727	0.389883	0.0126779	0.0103051	0.00420255	0.053855	0.00104972	0.119609
92	T	3.14558	0.00234463	0.0439884	0.00476739	0.00580166	0.0399063	0.022589	0.116951	0.00247592	0.0274128	0.0119137	0.0104582	0.0594573	0.0063313	0.0100678	0.00686574	0.0702681	0.321357	0.00561155	0.0209092	0.00525041	0.205273
93	G	2.88972	0.0288982	0.00526115	0.0107473	0.0172732	0.0158035	0.502017	0.00487041	0.0132129	0.00819533	0.0319525	0.0529106	0.0309746	0.0753385	0.0132437	0.00630277	0.00852701	0.0242811	0.00890016	0.041619	0.0080359	0.0916355
94	G	3.04226	0.0109001	0.012168	0.222225	0.0150985	0.0114923	0.377831	0.019205	0.0161033	0.0162022	0.024714	0.0147266	0.0951852	0.0630084	0.022088	0.0114147	0.00386572	0.0179254	0.00491309	0.0106378	0.00993518	0.0203607
95	P	3.3187	0.00682785	0.0140062	0.0113293	0.017555	0.0128473	0.0831984	0.0180316	0.00862676	0.0131314	0.0101869	0.0199536	0.150757	0.332086	0.00894182	0.0137271	0.108225	0.0238165	0.083555	0.0277289	0.00852862	0.0269399
96	I	3.23791	0.0199561	0.0153738	0.0213958	0.00594907	0.0920174	0.013714	0.0113851	0.412051	0.00923747	0.1116	0.045908	0.0244133	0.00772945	0.012689	0.0175593	0.0419149	0.0449733	0.0383485	0.0151481	0.0266525	0.0119842
97	Y	3.0828	0.0171828	0.144953	0.00604271	0.118513	0.00595343	0.0045725	0.00485001	0.0322593	0.320243	0.0180915	0.00183406	0.00925916	0.00233214	0.00601432	0.00477012	0.0213474	0.0267335	0.00167647	0.0195813	0.163823	0.0699684
98	K	3.64376	0.00634432	0.0281287	0.00256729	0.0043865	0.0824843	0.00351068	0.175627	0.00881418	0.19952	0.0777009	0.0563207	0.0204392	0.00654736	0.0132647	0.0567289	0.0118861	0.0582747	0.0342624	0.0465325	0.0197258	0.086934
99	R	3.46274	0.00317357	0.0457878	0.00848244	0.0132519	0.0131028	0.0116505	0.00945163	0.0152116	0.0513351	0.0263551	0.0045641	0.116281	0.00395509	0.164821	0.252282	0.0095399	0.0315709	0.0915298	0.00767848	0.0355402	0.084435
100	V	3.70676	0.14017	0.0127645	0.0292365	0.00471408	0.00104344	0.0190081	0.0317296	0.162107	0.000951991	0.028285	0.0226551	0.0850855	0.134889	0.0667103	0.0236313	0.111748	0.0186623	0.0560678	0.015914	0.0276254	0.00700096
101	D	3.62161	0.0593297	0.0197675	0.204905	0.119076	0.00218841	0.0545383	0.00201328	0.0100936	0.0125764	0.0163508	0.0240028	0.110217	0.152856	0.013114	0.0110657	0.0182618	0.035429	0.0730526	0.00821199	0.0132107	0.0397403
102	R	2.98752	0.0165774	0.031381	0.00460228	0.00146079	0.39794	0.00735298	0.00637395	0.014754	0.0317064	0.0757753	0.00371527	0.00301712	0.0100645	0.0113132	0.172531	0.00739307	0.0111079	0.0171957	0.0433516	0.110471	0.0219148
103	K	2.33187	0.00126885	0.0147867	0.00481943	0.0121801	0.00312423	0.00333836	0.0656797	0.00110086	0.0492481	0.0777598	0.0317366	0.0162921	0.00096496	0.00347776	0.00239339	0.0673053	0.0219691	0.599207	0.00999653	0.00058449	0.0127667
104	W	3.16676	0.00665281	0.00427033	0.00396969	0.00283993	0.300057	0.00304675	0.012216	0.0307293	0.0261863	0.0369035	0.0235903	0.00241374	0.0131724	0.0127993	0.009649	0.0444631	0.0110209	0.0598947	0.252533	0.0699805	0.073612
105	M	3.6674	0.0112931	0.0451425	0.204779	0.0393163	0.0355693	0.00179245	0.0374349	0.0255824	0.00518036	0.0279189	0.146219	0.140695	0.00772703	0.0272638	0.0777594	0.00226989	0.0493791	0.00349083	0.0354317	0.0154244	0.0603297
106	R	3.0622	0.0397449	0.0192376	0.0279348	0.0479053	0.0230778	0.0135608	0.0118738	0.0195546	0.0233757	0.0449241	0.0248865	0.0945911	0.0246397	0.0238265	0.486056	0.0126405	0.00924096	0.0139963	0.0175201	0.0145781	0.00683479
107	E	3.39304	0.0173155	0.00834046	0.0462757	0.352135	0.0209835	0.0178885	0.0228759	0.00609109	0.0200808	0.130251	0.0235218	0.0900992	0.0133751	0.0122075	0.00481661	0.0435372	0.0444567	0.0545466	0.0096685	0.0088162	0.0527174
108	L	3.11869	0.00460174	0.00189536	0.00130064	0.00476243	0.0450895	0.115094	0.0146988	0.00306957	0.0067445	0.138025	0.0275836	0.00759683	0.347053	0.0803645	0.0299569	0.111213	0.0250438	0.0108769	0.00507097	0.0108204	0.00913805
109	V	2.97369	0.00843624	0.0117296	0.00695076	0.00424115	0.151342	0.0147558	0.00876147	0.243605	0.0159115	0.00551566	0.0760508	0.00601335	0.0245899	0.0236894	0.0230251	0.0132305	0.00843619	0.326833	0.00941055	0.00932945	0.00814219
110	L	3.20509	0.0120444	0.0550721	0.00450024	0.011881	0.027864	0.00308441	0.0531997	0.0152603	0.00958126	0.429033	0.0313176	0.00340205	0.0395061	0.0385396	0.0168696	0.00662202	0.0434298	0.0627658	0.0101782	0.0714057	0.0544434
111	Y	2.7839	0.018245	0.00992779	0.00455501	0.466889	0.0113043	0.0278755	0.00163332	0.0285121	0.00325506	0.0436701	0.031361	0.112177	0.00955282	0.00268866	0.002439	0.0131103	0.113708	0.00986961	0.00335123	0.0851143	0.000760988
112	D	3.09003	0.0961163	0.0237765	0.193652	0.0222664	0.00292223	0.0738912	0.0214262	0.00570051	0.00990529	0.0112277	0.00811707	0.367765	0.0394836	0.00509698	0.034975	0.02628	0.0122542	0.00144101	0.00251789	0.0106525	0.0305322
113	K	3.14473	0.00474722	0.0110769	0.0155237	0.0312366	0.025124	0.00452362	0.00859816	0.00463336	0.386482	0.0335475	0.0150313	0.029208	0.00832306	0.0614507	0.0351546	0.0734001	0.0650072	0.00174925	0.0184001	0.00416319	0.162619
114	E	3.62077	0.176751	0.053614	0.0389689	0.176769	0.021458	0.0145534	0.0225108	0.0305526	0.139397	0.0032945	0.0691254	0.00849216	0.00671592	0.0909494	0.0251332	0.0144144	0.00597926	0.00176803	0.00406054	0.0412712	0.054221
115	E	2.84958	0.021306	0.013989	0.102589	0.493327	0.00978339	0.0209332	0.00532784	0.0106114	0.0180757	0.0093906	0.112097	0.0507389	0.0237434	0.0226982	0.0139657	0.00834316	0.00917518	0.00462886	0.0122727	0.0301342	0.00687028
116	I	2.40021	0.0110664	0.459802	0.0016352	0.00331971	0.00115703	0.00700238	0.004468	0.101362	0.0137971	0.0143734	0.0013693	0.00931705	0.003332	0.000912653	0.00146702	0.00419509	0.0788632	0.243006	0.00316698	0.00519858	0.0311888
117	R	3.51559	0.0331736	0.238643	0.0164633	0.0300913	0.000329117	0.0102792	0.0477342	0.00960159	0.0459731	0.158263	0.0437579	0.00511594	0.00982555	0.0701461	0.0806131	0.135213	0.00483962	0.0297649	0.00475849	0.0134387	0.0119745
118	R	3.32069	0.034653	0.0372611	0.00496918	0.206269	0.00272054	0.00397535	0.00713708	0.138103	0.111599	0.0164729	0.0257463	0.00790868	0.00772893	0.183734	0.135547	0.0229604	0.00229784	0.013519	0.0325717	0.00192695	0.00289947
119	I	3.07622	0.00405215	0.00721297	0.0104663	0.00745166	0.0102111	0.00897891	0.0515619	0.199114	0.0155759	0.00860857	0.0252494	0.0190895	0.0150826	0.0248879	0.0219618	0.0459352	0.0762867	0.396627	0.0189727	0.012949	0.0197247
120	W	3.18655	0.0209734	0.0182777	0.00865228	0.0306441	0.0686621	0.0091448	0.0460932	0.0334338	0.0187727	0.0199564	0.0125669	0.0142378	0.011148	0.00958727	0.0114766	0.0415951	0.0029978	0.00892485	0.384898	0.0453788	0.182578
121	R	3.45019	0.00767394	0.0128829	0.0592036	0.00552473	0.00834046	0.0311496	0.0238323	0.0142799	0.0155769	0.214608	0.0480877	0.245486	0.0115447	0.00641896	0.130266	0.0402038	0.0359107	0.0163707	0.0418543	0.0261439	0.00464155
122	Q	3.67858	0.0398275	0.0142848	0.00528268	0.0713928	0.0252774	0.0266786	0.116164	0.14685	0.0547967	0.0253667	0.0830599	0.00279951	0.012578	0.201241	0.0850159	0.012	0.018548	0.0344165	0.00851842	0.00797952	0.00792197
123	A	3.47817	0.269496	0.054164	0.0432795	0.0266951	0.00279821	0.0334985	0.0182207	0.0802035	0.0256445	0.0220319	0.0427962	0.00876726	0.055055	0.0381667	0.0063939	0.209908	0.0217445	0.0209018	0.00435142	0.00422254	0.011661
124	N	3.71213	0.022219	0.0221	0.0144072	0.0703363	0.0366526	0.0307245	0.0604356	0.02031	0.0377494	0.0183034	0.0116695	0.268753	0.0949071	0.027628	0.0243777	0.0209259	0.0231725	0.0337066	0.00305452	0.0268986	0.131669
125	N	3.50542	0.00957143	0.0545805	0.000645206	0.00594447	0.223832	0.0418436	0.00871549	0.050052	0.00408176	0.179781	0.039006	0.137729	0.00152549	0.0728411	0.0323912	0.0212836	0.0161038	0.0445847	0.00713188	0.0407135	0.00764131
126	G	3.67826	0.0710815	0.0229649	0.031791	0.0252246	0.012514	0.147719	0.0268944	0.0172086	0.022038	0.231945	0.0585326	0.00609074	0.00215696	0.0513685	0.0241489	0.136529	0.0197254	0.0326962	0.013279	0.0213684	0.0247231
127	D	3.255	0.0385451	0.027702	0.0569202	0.0916464	0.0411472	0.0344186	0.0419146	0.0537259	0.00356108	0.387776	0.0812669	0.0144701	0.00642311	0.0113405	0.00415353	0.0118771	0.0040608	0.0318441	0.000489435	0.000311807	0.0564055
128	D	3.21202	0.126593	0.033009	0.0363372	0.0209121	0.00287145	0.0333848	0.245107	0.00583213	0.00143344	0.243351	0.0031246	0.0897949	0.00659857	0.00264602	0.00172794	0.0253276	0.0664361	0.0157591	0.00136199	0.0237281	0.0146644
129	A	3.5942	0.0898719	0.0317618	0.000691268	0.0343544	0.00355919	0.124335	0.00523375	0.0254353	0.140134	0.0131018	0.00166728	0.0269109	0.0236602	0.119176	0.0380741	0.0216848	0.0284683	0.206973	0.00105161	0.0321565	0.0316991
130	T	3.39175	0.00167767	0.0253456	0.00390303	0.0587303	0.00391253	0.002845	0.285489	0.00609662	0.0256305	0.0143863	0.0389817	0.0347932	0.00661009	0.0629628	0.12555	0.0788522	0.130753	0.0692241	0.00426604	0.00695643	0.0130351
131	A	2.91345	0.133801	0.00152887	0.00640974	0.0170322	0.0040779	0.0102894	0.009245	0.00502849	0.00394022	0.00307449	0.236556	0.0310067	0.355504	0.0452181	0.0011729	0.0282096	0.0279897	0.0375139	0.00516133	0.0272009	0.0100401
132	G	3.28768	0.160851	0.0163143	0.0362586	0.00740683	0.020329	0.353255	0.0259303	0.106543	0.00564273	0.0148812	0.0231369	0.0667625	0.0290488	0.0207183	0.00480063	0.0245098	0.0378978	0.0102458	0.0106362	0.003866	0.0209654
133	L	3.1965	0.00692366	0.0512515	0.0445426	0.0104706	0.0645745	0.00649269	0.0298111	0.122287	0.00888683	0.317418	0.0340448	0.0130077	0.0181039	0.0123077	0.00777432	0.0172717	0.0120593	0.207303	0.00778088	0.00586149	0.00182627
134	T	3.27158	0.0170524	0.0644159	0.131266	0.00257641	0.00441908	0.0136838	0.0286485	0.0323918	0.00279365	0.0050102	0.100772	0.0546187	0.0143667	0.0274613	0.00437061	0.0704755	0.35117	0.00824925	0.00879623	0.0108993	0.046563
135	H	3.09577	0.016295	0.0236132	0.0110458	0.00563042	0.155317	0.00822452	0.428477	0.00814991	0.00732428	0.0122738	0.0122773	0.00946567	0.033468	0.0626572	0.0151014	0.0274551	0.025226	0.0305303	0.0358822	0.0576154	0.0139702
136	M	3.4057	0.0180937	0.240601	0.00784254	0.0228316	0.0218673	0.0331649	0.0109588	0.0475673	0.000201158	0.108499	0.126013	0.0134284	0.00717737	0.0189136	0.00478818	0.0191307	0.0135868	0.213122	0.02678	0.0220519	0.0233804
137	M	2.87564	0.00240897	0.0397218	0.00826105	0.00502288	0.207187	0.00891922	0.00334134	0.0216032	0.00493648	0.0273004	0.415618	0.00405493	0.0190673	0.0218999	0.00990208	0.00295783	0.0180995	0.1007	0.00908822	0.0394933	0.0304161
138	I	2.91898	0.0318374	0.0207222	0.015685	0.00893006	0.0140533	0.0232088	0.00646648	0.491174	0.0090482	0.0892414	0.0855887	0.020096	0.05995	0.0244753	0.00274407	0.0138424	0.0317707	0.00616307	0.0327474	0.0042116	0.00804384
139	W	3.05637	0.00386976	0.0144581	0.0193072	0.010245	0.010834	0.0422541	0.00435042	0.0551604	0.00649084	0.189921	0.00729567	0.00676769	0.0099086	0.00725594	0.0130157	0.0070161	0.00805772	0.00362521	0.247733	0.251297	0.0811366
140	H	3.44903	0.0275713	0.0141405	0.0140135	0.0192202	0.0231585	0.0105427	0.222087	0.0871574	0.00672771	0.00867703	0.0167463	0.0157061	0.021813	0.145816	0.00182592	0.200811	0.00745916	0.0246525	0.0131401	0.0866735	0.0320611
141	S	3.53458	0.00722324	0.0848194	0.0461279	0.0530877	0.0119829	0.0707936	0.0188328	0.00559436	0.0125532	0.0336445	0.0113153	0.025066	0.0144816	0.0355135	0.0135166	0.333177	0.0680828	0.0121931	0.0140449	0.0744287	0.0535211
142	N	3.36291	0.0667998	0.0071386	0.0143867	0.00515943	0.0132595	0.0371985	0.0615908	0.0113699	0.0425644	0.0160419	0.022193	0.357122	0.00882081	0.0233193	0.0101119	0.0206869	0.00644175	0.028047	0.142412	0.0367202	0.068615
143	L	2.33486	0.0234143	0.01775	0.00799438	0.0132179	0.0119019	0.00389048	0.00616627	0.595525	0.0122644	0.155844	0.011125	0.00271347	0.00451418	0.018416	0.00390241	0.00941021	0.00249708	0.0364151	0.0222177	0.0287515	0.0120683
144	N	3.22981	0.0730785	0.0793597	0.0352422	0.0068121	0.0174904	0.0360638	0.00856615	0.00571127	0.020417	0.0112506	0.0196716	0.426677	0.0189683	0.0421716	0.00341736	0.046972	0.0252376	0.0680302	0.0183741	0.0099198	0.0265686
145	D	2.98417	0.0124577	0.00701449	0.274138	0.0104109	0.00368465	0.0276981	0.33412	0.0211245	0.088636	0.0140611	0.0207328	0.0105521	0.0322459	0.00408289	0.00371082	0.0200602	0.0775215	0.0083454	0.00780695	0.0128016	0.00879476
146	T	3.13532	0.0532593	0.0140688	0.01578	0.00559046	0.00920962	0.0437005	0.0141229	0.00353811	0.00830671	0.0113704	0.00431883	0.00914977	0.0314963	0.0244458	0.00221384	0.324492	0.176051	0.175707	0.0131478	0.0118321	0.0481988
147	T	3.3853	0.0234369	0.142972	0.00629646	0.00547946	0.0428718	0.0253141	0.0781612	0.0856175	0.0216923	0.0238391	0.0163835	0.0328239	0.0106344	0.0313312	0.0125579	0.00491732	0.340338	0.0598602	0.0119425	0.0130681	0.0104626
148	Y	2.66972	0.00871717	0.00828869	0.0233037	0.0118884	0.012184	0.00186739	0.0148461	0.0862033	0.00913534	0.0124621	0.0279426	0.0157463	0.00877937	0.0515341	0.00862992	0.00759665	0.101616	0.00958442	0.0112697	0.54227	0.0261351
149	Q	2.88511	0.0135327	0.0322334	0.0104062	0.0155992	0.00933496	0.00543627	0.010218	0.00946531	0.0558962	0.0229199	0.0308247	0.00458595	0.0134686	0.45421	0.0173443	0.0278279	0.0412421	0.00676104	0.194924	0.0116998	0.0120696
150	R	3.06814	0.00959296	0.0166964	0.00948972	0.0289072	0.00572253	0.00216158	0.0249407	0.00892789	0.0327983	0.280118	0.0117587	0.00919588	0.0026774	0.00344932	0.233317	0.073079	0.00464641	0.00678817	0.0487219	0.0105025	0.176509
151	T	2.74964	0.00831397	0.00662523	0.0122668	0.0218032	0.00834915	0.00657571	0.0568476	0.00346792	0.0205358	0.0405151	0.0325934	0.00936	0.00516301	0.00360403	0.0109156	0.333646	0.360177	0.00766432	0.0105658	0.0245922	0.016418
152	R	3.01445	0.0292757	0.00746451	0.00259633	0.0151805	0.00621641	0.00131789	0.0398327	0.00630736	0.186287	0.00650676	0.0136096	0.077699	0.0451364	0.0509856	0.380863	0.00478711	0.00382139	0.0212391	0.00849717	0.00470803	0.0876692
153	A	3.2497	0.429302	0.0702342	0.0298245	0.0412789	0.00454287	0.0316007	0.0131547	0.00907394	0.0122819	0.0109105	0.0142638	0.0179621	0.037973	0.0701871	0.0283683	0.0245176	0.0246275	0.0732405	0.00456626	0.0344524	0.0176369
154	L	3.07745	0.0231055	0.118535	0.0188074	0.0438109	0.00641076	0.00446255	0.00368068	0.0800991	0.0298156	0.389094	0.00566297	0.00120036	0.0184207	0.00300716	0.00869471	0.0151543	0.0142963	0.103523	0.0118017	0.00447016	0.095948
155	V	3.37765	0.0190741	0.00808494	0.00973397	0.00215414	0.0171844	0.0262475	0.0383109	0.1579	0.104333	0.0371219	0.00709957	0.0250156	0.00986774	0.000801312	0.0326492	0.101107	0.0272648	0.309564	0.00942148	0.0353929	0.0216716
156	R	2.9827	0.0177402	0.0278725	0.0127909	0.0236209	0.00406422	0.0246274	0.00516215	0.0319521	0.0445746	0.0132284	0.00421156	0.0202029	0.025411	0.00873399	0.469236	0.0139186	0.116298	0.0864978	0.00799288	0.00819748	0.0336663
157	T	3.43925	0.0429847	0.100686	0.0273077	0.00130148	0.00348334	0.0115436	0.00312702	0.152641	0.0199074	0.0128316	0.00549369	0.0792413	0.00278114	0.0339643	0.011603	0.0557404	0.215883	0.170592	0.0117206	0.00850929	0.0286581
158	G	2.74642	0.0357823	0.0321029	0.00377641	0.0111529	0.00200842	0.115973	0.0460674	0.000510314	0.00281859	0.0113247	0.443981	0.00200117	0.00398785	0.0261912	0.00170819	0.107692	0.125036	0.00420801	0.000847821	0.00434918	0.0184807
159	M	2.60395	0.0243535	0.0136227	0.000341432	0.00551782	0.00611117	0.00961267	0.00167451	0.102704	0.0104089	0.476759	0.19831	0.0191297	0.00764977	0.0208329	0.00764063	0.00926645	0.00157294	0.0180066	0.00875249	0.00629369	0.0514392
160	D	3.10242	0.00442626	0.0452418	0.32933	0.250976	0.00860498	0.00751401	0.0191288	0.00785508	0.0162061	0.0141352	0.00345565	0.00908985	0.0306178	0.097853	0.0175328	0.012078	0.0592075	0.0212285	0.0225429	0.00596531	0.0170105
161	P	3.43338	0.230248	0.0295059	0.0196469	0.0163039	0.00742162	0.188427	0.0123268	0.0108749	0.079443	0.00757188	0.0356004	0.0205768	0.157443	0.0313026	0.0179001	0.083213	0.0197057	0.00990353	0.00433984	0.00111342	0.0171327
162	R	3.21085	0.162504	0.00414217	0.025038	0.0354952	0.00416349	0.0223843	0.00901868	0.0234426	0.0378009	0.0164702	0.0108732	0.0183366	0.0439464	0.0196174	0.39937	0.0435304	0.00190265	0.0276829	0.0210905	0.0201764	0.0530141
163	M	3.5958	0.0383826	0.0159874	0.0156466	0.0385037	0.0938157	0.020473	0.0331654	0.229956	0.00574476	0.0352378	0.153961	0.00033278	0.00116502	0.0282653	0.00429454	0.022164	0.0426004	0.106368	0.0851566	0.0186579	0.0101222
164	C	3.16912	0.229378	0.192002	0.0011563	0.00483754	0.00343506	0.0195496	0.0101297	0.0180057	0.0522197	0.00434496	0.0158116	0.0795754	0.0307836	0.010854	0.0126812	0.006237	0.0193189	0.246063	0.0122648	0.0181812	0.0131706
165	S	2.99207	0.0914765	0.0968399	0.0263744	0.00236068	0.00867261	0.0460643	0.00875521	0.0087161	0.0017705	0.00596552	0.00640739	0.0350144	0.0703312	0.0152587	0.00667352	0.384005	0.159222	0.00264224	0.0014112	0.00289792	0.0191401
166	L	3.36077	0.00730553	0.00908002	0.0818539	0.0854552	0.00477023	0.0139007	0.0364067	0.00868421	0.0121068	0.146355	0.105813	0.0452359	0.00366446	0.241423	0.00107514	0.14159	0.0257065	0.0172239	0.00319148	0.00115036	0.00800805
167	M	3.38693	0.00619426	0.0646565	0.00534461	0.0135708	0.0457717	0.0176505	0.0238436	0.0712259	0.00324023	0.0661539	0.317681	0.0239803	0.0134666	0.0975194	0.0187351	0.146614	0.00473486	0.0197808	0.0057268	0.0124003	0.0217088
168	Q	3.43067	0.0430653	0.0312004	0.0121621	0.0207108	0.0280983	0.0132185	0.0118192	0.0141459	0.0180868	0.043318	0.00279595	0.096259	0.0665905	0.288336	0.0709864	0.184032	0.00413954	0.0197608	0.0126484	0.0062114	0.0124149
169	G	2.42847	0.0264096	0.0221183	0.00473431	0.577105	0.00741409	0.136884	0.0435794	0.0112858	0.00560868	0.00554857	0.00253213	0.0489635	0.00648407	0.0225433	0.0049262	0.0142286	0.00878996	0.0325808	0.00254548	0.00173705	0.0139813
170	S	3.10522	0.00947984	0.0256536	0.0113608	0.0247987	0.07632	0.0587368	0.138243	0.0277537	0.0086234	0.0262375	0.0083598	0.0230459	0.00770184	0.0167643	0.026385	0.431566	0.00863463	0.00866838	0.0190592	0.00514676	0.0374608
171	T	3.1407	0.00163206	0.228706	0.246081	0.0230969	0.0453563	0.0342621	0.00720209	0.0346067	0.00869406	0.0195044	0.0701615	0.016839	0.00403368	0.00733788	0.00829826	0.00353635	0.200201	0.0159093	0.00308608	0.0178047	0.00365029
172	L	2.40188	0.108274	0.0272781	0.0037973	0.000665829	0.0102726	0.00296651	0.00286664	0.0546637	0.0129337	0.147133	0.0074702	0.00770301	0.00362725	0.544872	0.00432884	0.011947	0.00965409	0.0208985	0.00806913	0.00495057	0.00562825
173	P	3.23794	0.0590214	0.00264126	0.00324602	0.0190991	0.0222204	0.00977299	0.182333	0.00994093	0.0196879	0.0276625	0.0105376	0.0122716	0.23878	0.164211	0.00859305	0.157739	0.0123292	0.008702	0.00693036	0.00467648	0.0196041
174	R	2.86811	0.0029616	0.0157236	0.00493063	0.0125259	0.00294936	0.105322	0.0119832	0.00882377	0.0649959	0.0046676	0.0188025	0.124531	0.0244841	0.00841116	0.434654	0.0018884	0.00284872	0.00120735	0.0515506	0.0090023	0.0877361
175	R	2.66559	0.0132676	0.0056668	0.0117613	0.0688152	0.00525558	0.0126502	0.0122992	0.00397903	0.206486	0.0178047	0.0180044	0.023037	0.00518873	0.00354661	0.48828	0.0056136	0.0153423	0.0275548	0.0250452	0.0137219	0.0166796
176	S	3.27191	0.0971996	0.0538215	0.0222	0.0317535	0.00916083	0.176824	0.0196381	0.0222922	0.0148196	0.0162937	0.015507	0.00908004	0.0033316	0.0108883	0.00319177	0.33593	0.0907259	0.0257645	0.0142475	0.00992789	0.0174018
