#SITE	WT_AA	SITE_ENTROPY	PI_A	PI_C	PI_D	PI_E	PI_F	PI_G	PI_H	PI_I	PI_K	PI_L	PI_M	PI_N	PI_P	PI_Q	PI_R	PI_S	PI_T	PI_V	PI_W	PI_Y	PI_*
1	M	3.43983	0.0189698	0.0191046	0.0207032	0.0315914	0.038633	0.0197909	0.0399512	0.0149951	0.0604742	0.0296199	0.405983	0.0439746	0.0153458	0.0753714	0.0225269	0.0220602	0.0293211	0.0142799	0.0373161	0.020364	0.0196239
2	A	1.66839	0.773225	0.00935114	0.0118708	0.0150922	0.00937676	0.0144623	0.00380641	0.019925	0.00830618	0.0023515	0.034849	0.00803661	0.00121607	0.0195751	0.00487167	0.00321049	0.00322114	0.0268844	0.0132289	0.00953514	0.00760375
3	S	3.3026	0.0224995	0.00178883	0.00611494	0.00151838	0.0246219	0.00412521	0.143313	0.00662627	0.00418051	0.0947597	0.0204579	0.224951	0.00094738	0.0830602	0.0565051	0.19255	0.0654265	0.0230715	0.0157249	0.00651148	0.00124566
4	Q	3.60068	0.0330549	0.0232541	0.00190879	0.0296482	0.142004	0.0181782	0.0199493	0.0527203	0.0162013	0.123658	0.0384768	0.104852	0.000729942	0.055887	7.43248e-05	0.105436	0.0218189	0.00733662	0.0102051	0.190521	0.00408486
5	G	0.990347	0.842534	0.0098279	0.0121063	0.000925195	0.00042825	0.056261	0.000182722	0.000681168	0.00161311	0.000515919	0.00131386	0.00570664	0.000219284	0.00242882	0.000466863	0.000502119	0.0621011	0.000248841	0.000895666	0.000789603	0.00025198
6	T	1.20219	0.00675805	0.0126362	0.0098201	0.0115105	0.00783664	0.00329733	0.00342602	0.00687121	0.00550563	0.00655582	0.0123458	0.0106393	0.00383882	0.0060785	0.00473561	0.00410667	0.854859	0.00390439	0.0153073	0.00472954	0.00523752
7	K	1.38081	0.0024676	0.0154382	0.0061069	0.00738357	0.00789612	0.00270555	0.00449264	0.0101817	0.811562	0.00220688	0.00951686	0.0561341	0.00107388	0.0123956	0.00404025	0.00152454	0.00296987	0.00607975	0.020647	0.00710653	0.00807059
8	R	2.18289	0.00250892	0.010794	0.011203	0.00953858	0.00659876	0.0299839	0.00433653	0.00265765	0.00366097	0.00336337	0.0115857	0.00676707	0.0810001	0.185464	0.58212	0.00424151	0.0072787	0.00303922	0.0224332	0.00672536	0.00469982
9	S	2.2918	0.00323364	0.0148747	0.00873422	0.00787298	0.0140675	0.00400683	0.00452357	0.0314436	0.00706996	0.0275128	0.0309913	0.0402564	0.00441001	0.0591658	0.00328182	0.645576	0.0117551	0.0147513	0.00855988	0.0462654	0.011647
10	Y	3.36104	0.0532115	0.0251578	0.0115682	0.00722819	0.0163847	0.00114702	0.0946504	0.0309507	0.00447756	0.124473	0.0905554	0.0274479	0.0209996	0.0274366	0.00535413	0.0220337	0.045176	0.0171349	0.00272221	0.342516	0.029374
11	E	2.84438	0.0120296	0.0323586	0.0341901	0.457212	0.00752452	0.00287132	0.0108788	0.0326597	0.0177265	0.0168667	0.134818	0.0299959	0.00792127	0.0134588	0.0134175	0.00573324	0.00354439	0.139404	0.0149764	0.00447288	0.00794007
12	Q	3.67043	0.0259759	0.114111	0.0263268	0.00468953	0.0397141	0.00648413	0.00998026	0.0406203	0.0219464	0.0559939	0.00723838	0.226581	0.00870857	0.129575	0.0779884	0.0426618	0.0961776	0.00624122	0.0244605	0.0211472	0.013378
13	M	1.26779	0.0226716	0.0327313	0.79822	0.000765211	0.00032103	0.0415674	0.000770423	0.0138635	0.000129736	0.00122239	0.0717234	0.00206907	0.000197121	0.000590438	0.00131857	0.00177113	0.000403657	0.000513091	0.00407466	0.00100537	0.004071
14	E	0.554791	0.00791775	0.000990882	0.0184838	0.032216	0.000578255	0.00019239	0.000521259	0.00091834	0.927857	0.000183043	0.00243085	0.000233422	0.000155881	0.000910046	0.000704995	0.000288672	0.000647911	0.00259883	0.00083964	0.000386712	0.000943849
15	T	0.458886	0.000648603	0.00185775	0.000765408	0.000347842	0.00113691	0.000345524	0.00138837	0.00445649	0.000352866	0.944445	0.00448557	0.00644949	0.000121981	0.000551671	0.00069111	0.001392	0.0284445	7.28466e-05	0.000856933	0.000277353	0.000911652
16	D	1.44177	0.00313042	0.00072794	0.0152143	0.00519987	0.00419795	0.56712	0.000606	0.000463832	0.000341378	2.37478e-05	0.00641181	0.0120735	0.000111141	0.000777964	0.371538	0.000573656	0.000356562	0.000169484	0.00481025	0.00444376	0.00170814
17	G	2.64381	0.00528039	0.00711744	0.00464062	0.0135759	0.00376036	0.375444	0.011697	0.0207551	0.0537892	0.00153842	0.0535974	0.0110942	0.320723	0.0379749	0.0026363	0.0102701	0.0477482	0.00212991	0.0106346	0.00279737	0.00279542
18	E	2.68915	0.00777516	0.00789588	0.09897	0.0905404	0.00337644	0.00393592	0.00303889	0.0400803	0.00167054	0.358845	0.00377635	0.00717146	0.0324637	0.0127572	0.00263716	0.00808085	0.00702477	0.285748	0.00353957	0.0194399	0.00123185
19	R	2.45708	0.021454	0.0317453	0.0125524	0.00522657	0.0101956	0.0443295	0.078938	0.0122224	0.00752688	0.00403274	0.020222	0.00805038	0.00899502	0.00459344	0.609837	0.0178734	0.0491976	0.0235026	0.011747	0.010189	0.00756854
20	Q	2.36117	0.00450822	0.00860938	0.00390642	0.00878216	0.00942071	0.00749083	0.00287932	0.00245036	0.00377969	0.00457547	0.00324333	0.00358193	0.345989	0.391469	0.0433459	0.112738	0.0186069	0.00301384	0.00468214	0.00393217	0.012994
21	N	3.50285	0.0369687	0.00720667	0.0168623	0.00631223	0.00175931	0.0145536	0.00570803	0.0398559	0.0634951	0.23444	0.0803261	0.190812	0.00252113	0.0460957	0.0558128	0.0892274	0.0476027	0.0379861	0.0159743	0.00469837	0.00178106
22	A	1.9286	0.0500206	0.00784645	0.00107407	0.00134481	0.000772398	0.00257577	0.0217168	0.00128131	0.116714	0.00520048	0.00104241	0.00810462	0.0417545	0.00396396	0.031259	0.0158851	0.669378	0.01337	0.00244396	0.00238709	0.00186513
23	T	3.29076	0.0115809	0.0495236	0.00213876	0.0318869	0.0013301	0.160255	0.337811	0.00169622	0.00467698	0.0439919	0.0184313	0.0138298	0.0446519	0.0229275	0.0344174	0.0852539	0.0677572	0.0407583	0.018947	0.00644515	0.00168912
24	E	3.20465	0.0220458	0.0179985	0.0175635	0.23146	0.00252744	0.00284863	0.0271144	0.10888	0.00734696	0.00527078	0.00397943	0.00378395	0.0123536	0.0420682	0.0137689	0.0135816	0.1864	0.0580891	0.00336071	0.209162	0.0103967
25	I	2.07681	0.0159818	0.00759889	0.0115101	0.00324296	0.0046294	0.0105445	0.00144366	0.187666	0.00414884	0.00829296	0.0451897	0.00302321	0.0114928	0.000868516	0.00296233	0.00670352	0.00390727	0.612042	0.0370487	0.00834583	0.013357
26	R	2.74529	0.191322	0.00291259	0.00775671	0.0130346	0.00520538	0.00506225	0.141941	0.00668579	0.291812	0.00317355	0.0123957	0.00433022	0.00298252	0.0119194	0.24781	0.0063949	0.00622344	0.0119446	0.00776769	0.00289727	0.0164287
27	A	2.29075	0.0227039	0.00203138	0.00108481	0.0064603	0.00410485	0.00162521	0.121227	0.0580063	0.00879189	0.155161	0.00730075	0.000445059	0.000509591	0.544349	0.00809911	0.0102185	0.0210548	0.0176826	0.00123732	0.00319052	0.00471645
28	S	3.54468	0.101939	0.0427781	0.00332655	0.00093925	0.0172449	0.0811028	0.048217	0.012759	0.179663	0.00431255	0.0481805	0.0503935	0.00186568	0.00799963	0.134644	0.17288	0.0473908	0.00222747	0.00857923	0.0149732	0.0185834
29	V	2.85694	0.238665	0.00736459	0.0356903	0.0151733	0.00728812	0.00848963	0.0104281	0.180056	0.00505986	0.00284324	0.00818497	0.0112961	0.00436821	0.0591351	0.00507177	0.00401177	0.0394103	0.331945	0.0124557	0.00738909	0.00567314
30	G	2.82607	0.334757	0.00455218	0.0208763	0.0330076	0.00813008	0.344581	0.00658707	0.0270987	0.0140133	0.0125602	0.0170162	0.0165474	0.0408413	0.0507835	0.00648343	0.0125216	0.00838233	0.00599478	0.025498	0.00385369	0.00591436
31	K	2.1652	0.00645175	0.000885372	0.0032304	0.00676096	0.00499261	0.614444	0.00624306	0.0151993	0.100681	0.0165383	0.0270445	0.00775703	0.000541567	0.0192246	0.125045	0.00793467	0.00316093	0.00964625	0.00305674	0.00743478	0.0137279
32	M	2.99813	0.0144584	0.017211	0.00711692	0.0042437	0.00860216	0.00390337	0.0106462	0.0271197	0.0915589	0.00880701	0.449284	0.0101838	0.0421207	0.00789841	0.00908075	0.0161291	0.00615248	0.0494779	0.0438276	0.11079	0.0613881
33	I	1.01223	0.014592	0.0661456	0.00414672	0.00308202	0.000440284	0.000451743	0.000195312	0.0214325	0.000428307	0.00302783	0.848651	0.000788998	0.000649798	0.000388067	0.000270775	0.000990341	0.0251942	0.00430263	0.00181702	0.000324749	0.00268014
34	D	3.24384	0.0113436	0.291326	0.0825743	0.0357748	0.000970045	0.021007	0.109426	0.0179848	0.00766268	0.18835	0.00398002	0.0367799	0.000190478	0.00485568	0.0496215	0.00719593	0.0203288	0.00571264	0.0165693	0.0854591	0.00288876
35	G	3.19875	0.172005	0.0457124	0.00108134	0.00448401	0.0027814	0.178269	0.0263919	0.0201858	0.0724937	0.00405812	0.0992325	0.0230001	0.00731951	0.00753055	0.00715565	0.267858	0.0279241	0.00815308	0.00997677	0.00312869	0.0112592
36	I	2.5635	0.00325538	0.00524672	0.0234276	0.0287285	0.00909447	0.00311098	0.00390889	0.14042	0.0235401	0.0147814	0.0242517	0.00594909	0.00118946	0.231788	0.00825432	0.00644698	0.0045229	0.438895	0.0159268	0.00313588	0.00412619
37	G	3.43757	0.00851257	0.0345191	0.0856789	0.0487074	0.123862	0.299703	0.015929	0.00808461	0.0110001	0.00367417	0.0169561	0.14618	0.0190159	0.0199179	0.00968081	0.0210535	0.0269598	0.0150115	0.0233626	0.00736461	0.0548261
38	R	3.33124	0.120434	0.0287225	0.0149249	0.0145766	0.00596853	0.0420038	0.00868131	0.0313773	0.00988743	0.260249	0.00926293	0.0142959	0.00265148	0.1176	0.205687	0.0212652	0.0128933	0.0139947	0.0506706	0.0087499	0.00610401
39	F	2.88354	0.140198	0.0325488	0.00212759	0.204075	0.152923	0.00350916	0.00647681	0.00803992	0.00133023	0.00345851	0.00305477	0.0060284	0.0201312	0.00182188	0.0080425	0.0105676	0.0190936	0.014292	0.0363924	0.32229	0.00359923
40	Y	2.96431	0.217209	0.00295221	0.0482906	0.00445488	0.00635013	0.020931	0.0416798	0.0291754	0.0023247	0.0228483	0.00632888	0.0151077	0.0321205	0.0489679	0.00150676	0.00239632	0.043999	0.000782056	0.0625481	0.385446	0.00458091
41	I	3.58218	0.0298781	0.0460174	0.0198846	0.279619	0.032763	0.0818957	0.0134433	0.0611292	0.00158489	0.0338364	0.0583179	0.00383071	0.00601687	0.0375214	0.0148903	0.0663988	0.0254015	0.00339238	0.130507	0.0502794	0.0033918
42	Q	3.37904	0.0219901	0.0737016	0.032336	0.0304275	0.00629461	0.0348534	0.0718683	0.00452158	0.0358872	0.0311256	0.0169562	0.0124584	0.0411288	0.397206	0.027742	0.00760879	0.0189139	0.0697141	0.0237572	0.0344607	0.0070483
43	M	3.00897	0.0164611	0.0300886	0.0184616	0.0117313	0.00786395	0.0057459	0.00878629	0.130335	0.0227719	0.0547696	0.324414	0.0171569	0.00520719	0.00463563	0.0151216	0.00463986	0.01217	0.0224365	0.016378	0.00662468	0.264201
44	C	3.55215	0.049046	0.196962	0.00618315	0.0690204	0.00905389	0.0381766	0.0101505	0.236081	0.0215246	0.0247063	0.0143475	0.123516	0.00693261	0.00522816	0.0251067	0.0377754	0.0376918	0.0101624	0.0375681	0.020416	0.0203506
45	T	2.44477	0.0141674	0.0944762	0.00961965	0.001618	0.00527832	0.015342	0.0111258	0.0210941	0.00300743	0.562427	0.00957094	0.0106145	0.00464184	0.0219627	0.00634274	0.0017975	0.110036	0.0733181	0.00499404	0.0120324	0.00653398
46	E	3.20209	0.00282402	0.0247324	0.0268713	0.422064	0.0262639	0.041767	0.0135106	0.0876949	0.0175263	0.0152543	0.0229059	0.109042	0.0101464	0.0307929	0.00517828	0.0559115	0.0256515	0.00519921	0.0199665	0.0223721	0.0143253
47	L	3.14675	0.0052503	0.041334	0.019202	0.0132049	0.0133772	0.0859049	0.013923	0.0647947	0.0112396	0.429959	0.020266	0.0266589	0.0218547	0.0225532	0.0287477	0.00409215	0.116561	0.0162988	0.0248838	0.00797691	0.0119174
48	K	3.08037	0.0449857	0.0372643	0.0409204	0.0120102	0.0045486	0.00561778	0.00711778	0.109873	0.424674	0.0150196	0.0220431	0.113324	0.00826923	0.0428261	0.00816606	0.011662	0.0110806	0.052531	0.0123712	0.00536108	0.0103354
49	L	2.97138	0.042298	0.0207494	0.0116707	0.00585497	0.017907	0.0320615	0.00589588	0.0590298	0.00738758	0.219213	0.0236142	0.0062742	0.0196782	0.0212389	0.00779334	0.0255377	0.00935085	0.408204	0.0447611	0.00133746	0.0101427
50	S	3.78194	0.13602	0.0493498	0.0516366	0.0136062	0.0174043	0.119921	0.0150175	0.0106419	0.0107349	0.0339025	0.010597	0.097982	0.110685	0.0255092	0.0155634	0.138481	0.0902953	0.0177256	0.0104084	0.0199228	0.00459524
51	D	2.25778	0.0251834	0.000557958	0.0667366	0.0177178	0.0164806	0.00507354	0.0082426	0.0497485	0.00639337	0.0147279	0.0158329	0.642085	0.0188873	0.0113776	0.000261045	0.0321296	0.0239233	0.0394672	0.00201767	0.00112285	0.00203329
52	Y	3.3834	0.0254129	0.0248623	0.0361479	0.0145843	0.00222823	0.201222	0.0119698	0.0172658	0.104447	0.0208285	0.0350019	0.0158044	0.00302369	0.017558	0.0105939	0.115498	0.0261513	0.00652027	0.00820144	0.269638	0.0330405
53	E	1.08161	0.00619194	0.0073983	0.00149383	0.0384972	0.00100724	0.00231307	0.00160206	0.0375473	0.0079233	0.00232445	0.00619842	0.00403413	0.00427117	0.000997058	0.0100391	0.00468413	0.00132571	0.000732165	0.00386375	0.855024	0.00253199
54	G	3.35295	0.0474286	0.00977793	0.0167616	0.0815837	0.00997166	0.322492	0.06199	0.0051075	0.0118477	0.0128728	0.0265799	0.169912	0.0283449	0.0115923	0.00809867	0.0809606	0.00675671	0.019973	0.0131846	0.0474185	0.00734516
55	R	2.83812	0.00600726	0.000864636	0.0260634	0.00306834	0.00139741	0.0083024	0.041192	0.0118306	0.00808331	0.44179	0.00175291	0.00546429	0.127367	0.0799559	0.0905416	0.00321106	0.0290383	0.0801675	0.000363469	0.0182149	0.0153237
56	L	3.23002	0.0255942	0.0979925	0.00584869	0.0108287	0.017156	0.0114861	0.0219254	0.0666944	0.0171416	0.0968127	0.0390195	0.0597994	0.00410618	0.00226761	0.00119321	0.0231246	0.143974	0.00213032	0.00397724	0.0110983	0.33783
57	I	2.86566	0.00570744	0.0504267	0.00462981	0.00976506	0.015096	0.365175	0.0118248	0.231618	0.00321097	0.126675	0.015162	0.00290832	0.0496257	0.00947385	0.00779626	0.0115434	0.0123627	0.0578138	0.00199146	0.00137895	0.00581438
58	Q	2.92949	0.00638212	0.00160553	0.00999059	0.00508818	0.0739529	0.0113499	0.325729	0.00645783	0.0516341	0.0174998	0.010364	0.0437235	0.0142888	0.308183	0.0127176	0.0167087	0.0436963	0.0181906	0.0100298	0.00798063	0.00442637
59	N	2.7223	0.0095385	0.0102412	0.00914718	0.0110112	0.0113458	0.00719404	0.156333	0.00597531	0.400443	0.0103311	0.051839	0.23106	0.00892606	0.00742956	0.00753658	0.00710454	0.0198781	0.0141859	0.0047122	0.00773813	0.00802897
60	S	3.04766	0.0394876	0.0229706	0.0427435	0.00904939	0.00225944	0.135327	0.000778886	0.191773	0.0124733	0.0100677	0.00218069	0.0138521	0.00291169	0.0401031	0.0133373	0.0831055	0.341199	0.00273375	0.0142182	0.00421617	0.0152119
61	L	3.09541	0.0527457	0.0157801	0.00261076	0.00274342	0.0023922	0.0583727	0.00315843	0.0103438	0.00508628	0.126931	0.0466473	0.0183041	0.0053552	0.0166693	0.00436573	0.150207	0.149074	0.311335	0.00486317	0.00425493	0.00875942
62	T	1.80719	0.0513252	0.0296079	0.00275287	0.00131643	0.00213813	0.0173584	0.00377883	0.000375272	0.00680076	0.0179831	0.00887947	0.0132331	0.00791115	0.00652066	0.00415904	0.71474	0.0842775	0.0215375	0.00281706	0.000848182	0.00163972
63	I	2.78508	0.219284	0.0797629	0.0132963	0.0126225	0.0078793	0.012348	0.00392726	0.142905	0.0296083	0.0155828	0.00362417	0.00330617	0.0115463	0.0120446	0.00506996	0.00657753	0.0176026	0.00657738	0.00194695	0.00697366	0.387514
64	E	3.65102	0.0107226	0.00413903	0.116799	0.237389	0.0260296	0.0247025	0.0228985	0.0735264	0.00488682	0.121829	0.015637	0.0134265	0.0530793	0.00508167	0.0530323	0.0143911	0.044459	0.00211724	0.0445411	0.082974	0.0283375
65	R	3.49329	0.0332085	0.00570143	0.00242608	0.0267629	0.0233331	0.0898293	0.00898762	0.00319241	0.0246042	0.0462155	0.00583039	0.0626097	0.0424439	0.0839282	0.328693	0.0380321	0.0459333	0.00900027	0.0384258	0.00591952	0.074923
66	M	2.92625	0.0205809	0.0119849	0.0564354	0.0109924	0.420184	0.0144612	0.00696837	0.0303936	0.0240129	0.0108387	0.197159	0.0111639	0.0102893	0.00470798	0.0111066	0.0920926	0.00878167	0.0129764	0.0354446	0.00320845	0.00621668
67	V	3.41385	0.262256	0.0407482	0.0119328	0.0252606	0.0140414	0.0107379	0.0354378	0.0266682	0.0429601	0.0178451	0.1567	0.035209	0.00894444	0.0122123	0.00456098	0.0152562	0.008293	0.199378	0.0104258	0.0170062	0.0441261
68	L	3.3294	0.0412153	0.0460702	0.00868212	0.0116294	0.0597941	0.0376045	0.0213485	0.365698	0.00645002	0.15418	0.0180307	0.0136795	0.0325856	0.036247	0.0110743	0.0481373	0.0302793	0.00271633	0.0400118	0.0112666	0.00329903
69	S	2.84299	0.0697976	0.0137258	0.0094275	0.0131285	0.0142752	0.0768566	0.0166374	0.0190625	0.00443994	0.0328156	0.0267305	0.00463072	0.0148603	0.00480406	0.00267011	0.474529	0.148822	0.0225949	0.0106466	0.00996352	0.0095808
70	A	2.85264	0.10684	0.0127736	0.209402	0.00567224	0.00450911	0.217955	0.000461077	0.00424493	0.00109695	0.0157023	0.0227953	0.00940278	0.00318388	0.00119286	0.000592205	0.166228	0.201778	0.00343843	0.00580166	0.00203523	0.00489536
71	F	3.42697	0.185267	0.00487795	0.135463	0.00854935	0.194958	0.00592964	0.00650155	0.0193094	0.0102608	0.00416344	0.00500006	0.0596148	0.0165313	0.0107303	0.0274412	0.0554071	0.0467383	0.154781	0.00716203	0.0203096	0.021005
72	D	2.96623	0.0190272	0.0571757	0.505357	0.0513301	0.0405783	0.053785	0.0215727	0.00882825	0.0147305	0.00572619	0.0189855	0.0095399	0.00911473	0.031545	0.0198792	0.0461289	0.0472003	0.00649345	0.00996236	0.00889123	0.0141483
73	E	3.02387	0.0333324	0.0154205	0.00161057	0.0457677	0.0255477	0.0529217	0.00243181	0.459186	0.028599	0.0677052	0.0470618	0.0687906	0.00345808	0.0212074	0.0163505	0.0651379	0.0295402	0.00833818	0.00157629	0.000734202	0.00528235
74	R	3.03802	0.0131137	0.0132728	0.00820716	0.0145628	0.0362415	0.00591724	0.00698086	0.0236762	0.156575	0.0060727	0.0709449	0.105161	0.00582115	0.0155588	0.413402	0.0360466	0.0087026	0.0177565	0.0112267	0.0125471	0.0182125
75	R	2.62499	0.114841	0.0270055	0.0139146	0.00632261	0.00774705	0.0127765	0.0272697	0.00444091	0.0326063	0.00411304	0.0128937	0.0431689	0.0220443	0.00895545	0.563453	0.0203275	0.00325961	0.0197032	0.0296467	0.013639	0.0118712
76	N	1.30574	0.00698263	0.00408355	0.00597318	0.00736832	0.00571559	0.00540717	0.00209762	0.00575367	0.0212447	0.0150537	0.00208683	0.0408274	4.42735e-05	0.00283436	0.00658204	0.00694284	0.00193336	0.0115422	0.828063	0.0143189	0.0051445
77	K	1.95533	0.00361606	0.0138649	0.00920606	0.000652505	0.000269528	0.00582956	0.0234475	0.00329275	0.0132119	0.0153813	0.261475	0.00457043	0.00117873	0.0117742	0.584154	0.0147339	0.00587112	0.0186005	0.00178732	0.00379485	0.00328771
78	Y	2.78718	0.00366582	0.00452866	0.00641022	0.00316207	0.327596	0.005893	0.226782	0.0398436	0.00365773	0.00672131	0.0104994	0.0222606	0.00284961	0.0043292	0.00498069	0.00458039	0.00351338	0.0339343	0.00592717	0.187465	0.091399
79	L	3.18805	0.00372423	0.119025	0.00347118	0.00281871	0.00429306	0.0217186	0.0110164	0.0112453	0.0174345	0.361078	0.151722	0.0122867	0.043769	0.0160527	0.0178401	0.0265824	0.0315878	0.0263848	0.00795076	0.0870553	0.0229437
80	E	3.49345	0.0337012	0.0274997	0.079945	0.220801	0.0151711	0.00490198	0.0100995	0.0287095	0.052617	0.0158099	0.00331236	0.0797224	0.000954362	0.0472292	0.0126386	0.0591387	0.217816	0.0135548	0.0049538	0.0673808	0.00404276
81	E	3.67429	0.0133099	0.0412068	0.0147268	0.205808	0.199014	0.0634484	0.0124704	0.025892	0.031655	0.0591523	0.00454126	0.1144	0.0130011	0.015329	0.0248102	0.0221804	0.0375126	0.0525145	0.0192467	0.0139303	0.0158499
82	H	3.48523	0.0130973	0.106668	0.0026332	0.00330608	0.0438351	0.00246613	0.0632432	0.00678375	0.0192645	0.05491	0.219849	0.0299732	0.00259801	0.16244	0.0369236	0.130069	0.0049667	0.01233	0.0604065	0.0180825	0.00615363
83	P	3.51428	0.0703354	0.0113472	0.000617218	0.0109074	0.00420398	0.070899	0.086989	0.00505131	0.0103868	0.013285	0.00775337	0.106745	0.0959307	0.276176	0.00760951	0.0600552	0.0500834	0.0541883	0.033929	0.0122763	0.0112316
84	S	3.2242	0.0338012	0.140458	0.0042636	0.00319448	0.0138825	0.0601716	0.0090851	0.00275922	0.000575321	0.0314287	0.0405493	0.231283	0.00777188	0.0138875	0.00304371	0.07313	0.255636	0.0132641	0.00445642	0.0158195	0.0415385
85	A	2.97658	0.0458094	0.0385796	0.00250679	0.0021117	0.00183893	0.0254553	0.0176421	0.00965204	0.00560808	0.0194494	0.0155623	0.450405	0.0478354	0.0860503	0.0104373	0.0215764	0.0282513	0.0406487	0.00350104	0.123067	0.00401155
86	G	3.03982	0.00972893	0.0287466	0.000173804	0.00196544	0.010783	0.0627982	0.042242	0.0170489	0.0322338	0.065771	0.00828895	0.413247	0.162065	0.02136	0.00770138	0.0204147	0.0330169	0.000868548	0.0120403	0.0465928	0.00291235
87	K	2.70505	0.0158254	0.0281793	0.00553927	0.0285477	0.0129916	0.00242422	0.00268351	0.0360827	0.51082	0.00472802	0.0470014	0.0129484	0.0166181	0.00555638	0.0238156	0.0345138	0.0196724	0.00558323	0.00442838	0.0189397	0.163101
88	D	3.21367	0.00545466	0.176384	0.253695	0.0469	0.0264843	0.00849007	0.0306924	0.0258574	0.00760959	0.0221797	0.0114777	0.158762	0.00915997	0.00440683	0.00402777	0.0201574	0.0241331	0.003729	0.00186319	0.0033497	0.155187
89	P	3.79929	0.0726323	0.047559	0.0111533	0.00670467	0.0419014	0.112022	0.038694	0.0102381	0.0172713	0.026553	0.0132921	0.00553518	0.225378	0.00986828	0.0189534	0.0874811	0.0699558	0.0384248	0.0777263	0.0364554	0.032201
90	K	2.76399	0.0144321	0.0282649	0.00563583	0.00170508	0.00848643	0.0112047	0.0146356	0.0397495	0.0880266	0.00629303	0.00402733	0.0440038	0.000722622	0.0363582	0.0716153	0.016017	0.508961	0.0751343	0.0185275	0.00127836	0.00492086
91	K	2.48573	0.00363754	0.0350131	0.0021707	0.00597725	0.0235675	0.00243771	0.00363661	0.00169364	0.290849	0.00114217	0.0260907	0.00388944	0.000821759	0.00699112	0.414755	0.00963347	0.00908865	0.00318159	0.0442046	0.00848044	0.102739
92	T	2.99395	0.00223272	0.011336	0.00569434	0.00673093	0.0524108	0.020141	0.143166	0.00899048	0.0263084	0.0133623	0.0133859	0.0491512	0.00392069	0.0171853	0.00242147	0.0767338	0.411815	0.00576215	0.0193659	0.00408433	0.105801
93	G	2.63698	0.0243044	0.0125573	0.0192607	0.0227419	0.0099373	0.585313	0.00554747	0.0143303	0.0101842	0.0207923	0.0388879	0.00751657	0.0308246	0.0252002	0.00975965	0.0119257	0.0173157	0.00943163	0.0199478	0.0231031	0.0811187
94	G	3.09238	0.00809063	0.0096579	0.186338	0.0214232	0.00884012	0.406642	0.0229078	0.0177409	0.0205507	0.02691	0.0143913	0.063228	0.0645386	0.0401324	0.0151841	0.0106043	0.0152514	0.0038469	0.0139917	0.00952247	0.020208
95	P	3.4111	0.00904426	0.0296464	0.0179104	0.0161826	0.0177257	0.0561707	0.0258922	0.0147035	0.0168367	0.00657646	0.0218876	0.0985501	0.355837	0.0163183	0.00418004	0.0933291	0.0217735	0.0554422	0.0289936	0.0086385	0.084361
96	I	3.3242	0.00994573	0.0104981	0.0189046	0.0109716	0.0568389	0.016537	0.013737	0.392719	0.00717478	0.117835	0.0576979	0.0324816	0.00806019	0.0122616	0.0219604	0.0648922	0.0440731	0.0291587	0.0143696	0.028749	0.0311337
97	Y	3.27921	0.0136551	0.0829016	0.0134042	0.140257	0.0134568	0.00252961	0.0118852	0.0315408	0.2526	0.0177518	0.00330802	0.0061985	0.000943163	0.0271661	0.00269752	0.0149671	0.0208004	0.00349912	0.0421104	0.195217	0.10311
98	K	3.58335	0.00946917	0.049511	0.00313458	0.00672931	0.0529272	0.00590461	0.166412	0.00792322	0.239783	0.0747091	0.0391468	0.0100724	0.00728925	0.00381802	0.0534501	0.0168222	0.0945334	0.0380632	0.0560509	0.0195252	0.0447256
99	R	3.25537	0.0020161	0.0557881	0.0226478	0.00710613	0.00609144	0.0230758	0.00941415	0.0115	0.0178149	0.0147817	0.0148035	0.0734775	0.00531356	0.118076	0.366749	0.00983186	0.0222101	0.0859042	0.0121176	0.0254143	0.0958661
100	V	3.73916	0.136077	0.00784197	0.0242399	0.0093179	0.00181693	0.0294272	0.0271351	0.156025	0.000420413	0.0296063	0.0132987	0.0880456	0.12775	0.0866223	0.0223732	0.0959945	0.0185916	0.0643348	0.0275827	0.0252841	0.00821411
101	D	3.3714	0.0505305	0.017961	0.25605	0.089331	0.00525157	0.0583795	0.000993006	0.00707765	0.00742115	0.0192398	0.0161386	0.108776	0.206508	0.0145738	0.0105101	0.0119938	0.049361	0.0316299	0.00395774	0.00289823	0.0314179
102	R	3.16654	0.0133843	0.0199494	0.0031843	0.00318265	0.304251	0.00537942	0.00545342	0.0191582	0.05591	0.0789485	0.01027	0.00211234	0.00396367	0.0246795	0.167873	0.00373444	0.0101682	0.010837	0.0896519	0.147998	0.0199109
103	K	2.21007	0.00160323	0.0130626	0.00412766	0.00589056	0.000546321	0.00110974	0.0740062	0.00170546	0.0504939	0.0724122	0.0520664	0.00905798	0.000691474	0.00818408	0.0043013	0.0714972	0.0128141	0.60874	0.00235896	0.00122297	0.00410746
104	W	3.08551	0.00812514	0.00601047	0.00367969	0.00448868	0.299005	0.00258267	0.0103335	0.0383177	0.0047833	0.0458967	0.0244519	0.00303293	0.00591506	0.00558664	0.0143554	0.0449563	0.00857856	0.0673703	0.25999	0.0463158	0.0962242
105	M	3.65544	0.0171729	0.0364677	0.141384	0.0325708	0.0483235	0.00324316	0.0243733	0.00730607	0.00665292	0.0196527	0.163664	0.164311	0.00111035	0.0527486	0.0890298	0.00269821	0.0379147	0.00617144	0.0250056	0.0267004	0.0934992
106	R	3.33377	0.0247418	0.0121117	0.0193282	0.0574004	0.027415	0.00839318	0.0295684	0.0273133	0.0199806	0.041158	0.0552834	0.0996014	0.0137752	0.0081729	0.401501	0.00500796	0.0197778	0.00936056	0.067784	0.0300719	0.0222536
107	E	3.23908	0.00561914	0.0158999	0.0615367	0.368558	0.0183082	0.011623	0.0166571	0.00917082	0.0263415	0.185435	0.0205965	0.0641668	0.00987179	0.0105466	0.00677135	0.0302467	0.0573764	0.0268126	0.0166899	0.0121509	0.0256212
108	L	3.0625	0.00780208	0.00435873	0.00237609	0.00396661	0.0239716	0.123368	0.0056616	0.00409992	0.00807255	0.130934	0.0327361	0.00166528	0.374711	0.0688176	0.0394381	0.0943796	0.0316871	0.00423384	0.0117879	0.0180143	0.00791812
109	V	3.08353	0.00885547	0.0200317	0.0112795	0.0053714	0.150328	0.00875005	0.00713315	0.215617	0.0169549	0.00732947	0.0568956	0.00757462	0.0208363	0.0427856	0.0242641	0.0351449	0.011395	0.329218	0.00596752	0.00546244	0.00880372
110	L	3.11924	0.00619707	0.0268932	0.00410903	0.0103453	0.0228532	0.00287302	0.061177	0.0553481	0.00521639	0.432256	0.030801	0.00647299	0.0330252	0.0160745	0.00739183	0.00675057	0.069393	0.0824117	0.00880994	0.0405259	0.0710755
111	Y	2.75022	0.0134391	0.0108895	0.0121877	0.463216	0.0070248	0.024445	0.00226137	0.0274555	0.0008764	0.041951	0.0425206	0.124831	0.00571945	0.000180769	0.00203572	0.0167125	0.112479	0.00897058	0.000842097	0.0806819	0.00127962
112	D	2.86473	0.0692421	0.0185777	0.187405	0.045169	0.00568485	0.0660118	0.0198545	0.00182898	0.00211326	0.0101579	0.0082539	0.433211	0.0303329	0.00364077	0.0367499	0.0277449	0.00384695	0.00827317	0.00311246	0.00666257	0.0121264
113	K	3.02352	0.00714381	0.0135139	0.010727	0.0286889	0.0109649	0.00275019	0.00843531	0.00480671	0.41062	0.0259355	0.01735	0.0147068	0.00953422	0.0848134	0.025504	0.0741716	0.0770478	0.00577877	0.0124155	0.00345131	0.15164
114	E	3.4059	0.1872	0.0438008	0.0132892	0.164058	0.0164334	0.0318246	0.0256709	0.0130724	0.217632	0.00650801	0.0350579	0.00410309	0.00469048	0.104487	0.0172801	0.0138658	0.00230822	0.000869451	0.00559706	0.0448226	0.047429
115	E	2.7802	0.0210901	0.0101793	0.0824136	0.515958	0.00830079	0.0272219	0.00696919	0.00569872	0.0189907	0.00438739	0.108595	0.0600797	0.0161787	0.0220188	0.0075454	0.0192602	0.0124975	0.00542558	0.0157447	0.0211249	0.0103197
116	I	2.37345	0.00804449	0.48184	0.000550668	0.000674779	0.00548819	0.003686	0.00461313	0.0936379	0.0236397	0.015155	0.00156168	0.00566857	0.00192907	0.00156079	0.000549025	0.00493641	0.0993767	0.208509	0.00374767	0.00358809	0.0312434
117	R	3.57457	0.0356001	0.21809	0.015484	0.0242306	0.000930147	0.00921815	0.0470497	0.00656385	0.0594784	0.156607	0.0557652	0.00741456	0.00851396	0.0854968	0.077043	0.122299	0.00791447	0.0323411	0.00544823	0.00922758	0.0152841
118	R	3.40349	0.0170046	0.0635513	0.00563512	0.158586	0.00373109	0.026765	0.00114622	0.132279	0.110249	0.0254235	0.0154671	0.00486219	0.00472241	0.198114	0.143585	0.0319237	0.00511637	0.0181764	0.0251728	0.00429766	0.00419147
119	I	2.98973	0.00455977	0.0171876	0.00879068	0.0234353	0.0205005	0.00572601	0.0833384	0.178247	0.00534189	0.0090755	0.0421538	0.0313394	0.00356259	0.0163741	0.00398826	0.037561	0.0593985	0.415876	0.0161366	0.0132691	0.00413806
120	W	3.03879	0.00858039	0.0100317	0.00949373	0.00607936	0.054848	0.0273782	0.0111917	0.0414917	0.0183525	0.0342508	0.00797308	0.0164199	0.00416408	0.0116581	0.0351397	0.026709	0.00392561	0.0156717	0.399644	0.0438115	0.213186
121	R	3.38945	0.0103603	0.0228018	0.0264702	0.00491751	0.0173841	0.0354251	0.0285964	0.0169836	0.0173396	0.222054	0.0435208	0.267614	0.00906003	0.00341399	0.130672	0.0308891	0.0430315	0.0169194	0.0323264	0.01572	0.00449971
122	Q	3.75147	0.0426636	0.0313583	0.00295158	0.0347151	0.0325385	0.0369782	0.112043	0.143049	0.0537387	0.0354625	0.0781815	0.00320716	0.00521933	0.200391	0.0720242	0.00491076	0.0190353	0.0452534	0.0148123	0.0181368	0.0133285
123	A	3.44407	0.265365	0.0428873	0.0407538	0.0334524	0.00402346	0.0343129	0.014958	0.0808245	0.00961569	0.0221771	0.100634	0.00356843	0.0437787	0.0390506	0.00559689	0.19364	0.0291398	0.0229057	0.00546242	0.00510732	0.00274572
124	N	3.65881	0.00782819	0.0232099	0.00779596	0.0408576	0.051665	0.0365953	0.0447314	0.0216594	0.0266032	0.0237853	0.0100508	0.283703	0.115253	0.0356248	0.0241982	0.0260024	0.0325076	0.0335428	0.00404991	0.027753	0.122583
125	N	3.51548	0.00856353	0.0497936	0.000846294	0.00812161	0.213576	0.0437203	0.00959794	0.0559886	0.00793155	0.200892	0.0221085	0.132073	0.00296146	0.0742155	0.0302653	0.0201643	0.0161118	0.0329855	0.0113581	0.049623	0.00910187
126	G	3.57397	0.0748768	0.021755	0.0251467	0.0144353	0.00535798	0.166836	0.0193965	0.0161983	0.043581	0.241615	0.0503684	0.00935279	0.000805766	0.0444716	0.0251258	0.134942	0.0282678	0.0362686	0.00885682	0.01176	0.0205827
127	D	3.28518	0.0359886	0.0233873	0.0584588	0.0801766	0.0354618	0.0382009	0.0405529	0.0567843	0.00195883	0.383515	0.087958	0.0206917	0.00872699	0.0094097	0.00464332	0.0122817	0.00525436	0.0352322	0.0010534	0.00104239	0.0592206
128	D	3.06881	0.102497	0.0261785	0.0385998	0.0155648	0.00159349	0.0380505	0.264097	0.00550238	0.00182159	0.284573	9.40375e-05	0.0810252	0.00721753	0.00556236	0.00082441	0.0232257	0.0552441	0.0125264	0.00114553	0.0224018	0.0122549
129	A	3.66804	0.0887851	0.0467515	0.000882861	0.0346497	0.00802692	0.128329	0.00225432	0.0276972	0.130219	0.0117166	0.00336409	0.0202352	0.0232024	0.0844437	0.0291662	0.021591	0.0229727	0.214666	0.0135177	0.0475225	0.0400066
130	T	3.30308	0.00177191	0.0242307	0.00663659	0.0127463	0.00573133	0.00432889	0.289064	0.00495324	0.028147	0.00864726	0.0434433	0.0396973	0.00601751	0.0710756	0.136817	0.109523	0.133362	0.0525049	0.00309507	0.0153713	0.00283579
131	A	3.01593	0.149922	0.00268331	0.00394153	0.0243551	0.00235093	0.0106702	0.00922561	0.00676968	0.009987	0.000392617	0.191609	0.0220229	0.339591	0.0307254	0.00336033	0.0399585	0.0262617	0.0896638	0.0068466	0.0224118	0.00725126
132	G	3.28855	0.106142	0.0142109	0.0150438	0.00632404	0.0279426	0.37257	0.0445157	0.12518	0.00559438	0.00827121	0.041935	0.0266262	0.0109791	0.0179897	0.0215848	0.045691	0.0626212	0.0214867	0.0106655	0.00476965	0.00985538
133	L	3.16255	0.00548759	0.0300079	0.0253392	0.00879774	0.0649476	0.00823476	0.0171848	0.247128	0.0143952	0.278388	0.0535457	0.0197036	0.00677942	0.0099414	0.00779953	0.0245505	0.0107912	0.146749	0.00758165	0.00563294	0.00701316
134	T	3.26117	0.0188118	0.0816739	0.10876	0.00366631	0.00514017	0.0306861	0.0253167	0.0344744	0.00669591	0.00261033	0.0300001	0.0702484	0.00951572	0.024094	0.00679846	0.0599104	0.386221	0.0155564	0.0182903	0.00696223	0.0545673
135	H	2.94203	0.00671047	0.0308801	0.00830932	0.0149585	0.138447	0.00424207	0.464863	0.00810042	0.0024334	0.0125208	0.00346382	0.0115056	0.0399593	0.0325903	0.0177767	0.0376802	0.0244445	0.0167675	0.0298971	0.0798831	0.0145667
136	M	3.34764	0.0189714	0.237999	0.00696963	0.0206379	0.0240978	0.0263818	0.00941862	0.0754885	0.00204247	0.0996985	0.126519	0.0129184	0.00648916	0.00762138	0.00578319	0.0179146	0.0129819	0.226162	0.0166543	0.0233068	0.0219428
137	M	2.93038	0.0012151	0.0308981	0.0050462	0.0107569	0.173142	0.00908948	0.00153434	0.0521639	0.0150858	0.0328844	0.427774	0.0132539	0.0187539	0.0112502	0.00926215	0.00778372	0.0133933	0.0942431	0.0133538	0.00739375	0.051722
138	I	2.81042	0.0235862	0.0223355	0.00514077	0.0099815	0.0141492	0.013112	0.00968389	0.498199	0.00719052	0.10478	0.104943	0.0180934	0.0675356	0.0159423	0.00750949	0.0124482	0.0279283	0.00444427	0.0113825	0.0133642	0.00825094
139	W	3.18216	0.00469277	0.0211721	0.0228099	0.00397774	0.0222069	0.0402694	0.00622621	0.0819849	0.00743035	0.134092	0.0067877	0.00632205	0.00816534	0.00694095	0.0110951	0.013227	0.00470463	0.00342244	0.236398	0.228897	0.129177
140	H	3.44515	0.041444	0.0101692	0.00879137	0.0461513	0.00823772	0.0134854	0.214759	0.0865738	0.0138403	0.00348097	0.00988107	0.00574976	0.0231874	0.164914	0.00369707	0.123416	0.00334746	0.027158	0.0164098	0.146269	0.0290372
141	S	3.43215	0.0160047	0.0733014	0.0207049	0.027488	0.0181482	0.0545088	0.0313936	0.0262632	0.00803627	0.0141221	0.0272077	0.0314226	0.0267278	0.0315341	0.00444357	0.383894	0.0829857	0.0108267	0.0238195	0.0677747	0.0193924
142	N	3.32812	0.0815229	0.00793173	0.0286481	0.0035239	0.0196561	0.0204998	0.0668533	0.0221859	0.0509906	0.0132111	0.0444526	0.341976	0.00497697	0.0261996	0.00820658	0.0114801	0.010735	0.00825215	0.162624	0.011325	0.0547482
143	L	2.25261	0.0154872	0.0140298	0.00182338	0.00274233	0.0140702	0.00101148	0.00543988	0.604654	0.0151158	0.158163	0.0139875	0.00665918	0.0089933	0.0112802	0.00752607	0.0037967	0.0067312	0.0504897	0.0191639	0.0263833	0.012451
144	N	3.29222	0.0618394	0.149341	0.0157118	0.00639276	0.0189386	0.0362165	0.00449518	0.019733	0.0129313	0.0201413	0.0231856	0.379109	0.0101836	0.0225144	0.00476648	0.0465598	0.0152897	0.0694886	0.0431158	0.0226909	0.0173562
145	D	3.16538	0.0179309	0.0091007	0.370926	0.0318557	0.00271261	0.0185183	0.201438	0.0497701	0.054061	0.0173454	0.00878108	0.0106794	0.0349541	0.00987722	0.00437442	0.0314021	0.0647824	0.00641273	0.0278485	0.0153576	0.0118715
146	T	3.21133	0.0781861	0.00347848	0.0104769	0.0108466	0.0120735	0.0429938	0.0221798	0.00996213	0.0177337	0.00393106	0.00303198	0.00479978	0.0274542	0.0362331	0.00360787	0.334728	0.182596	0.111686	0.0133358	0.0342483	0.0364173
147	T	3.2283	0.0180097	0.128365	0.00939253	0.00751199	0.0321384	0.0123934	0.065564	0.0607244	0.023563	0.010107	0.0190053	0.0337252	0.0240581	0.0145582	0.0037666	0.00274409	0.402907	0.066435	0.0232517	0.0169735	0.0248054
148	Y	2.76692	0.00833772	0.0105125	0.0238843	0.00887333	0.0134006	0.00121963	0.0406852	0.102844	0.00570618	0.0144887	0.0319013	0.0184	0.00587257	0.0197013	0.00613416	0.0191293	0.0529471	0.0175993	0.00925937	0.527052	0.0620513
149	Q	2.76533	0.0120126	0.0333604	0.0145902	0.0312973	0.0114465	0.0104631	0.0187198	0.00293225	0.0246504	0.0079204	0.0120741	0.00749335	0.0109429	0.524057	0.0298538	0.0294864	0.0509951	0.0067057	0.132744	0.0116995	0.0165546
150	R	3.20255	0.0132027	0.0123088	0.0220004	0.0145895	0.00607304	0.00407457	0.0213558	0.00867841	0.0648901	0.210621	0.00602579	0.00496981	0.00348014	0.00926001	0.283214	0.0999857	0.0244013	0.00888442	0.0389048	0.00982091	0.133259
151	T	2.63468	0.0205651	0.0141137	0.00886725	0.00587251	0.00603932	0.00790486	0.0565082	0.01146	0.0146267	0.0179211	0.0525795	0.00474986	0.00647072	0.00441561	0.022146	0.288728	0.423136	0.00234808	0.0159519	0.00377349	0.0118222
152	R	2.88683	0.0188338	0.00462091	0.0040326	0.0121255	0.00500208	0.0042763	0.0370132	0.00365363	0.177528	0.00874704	0.0120628	0.0959098	0.0518536	0.0195255	0.417386	0.00482673	0.00806837	0.0195587	0.0043644	0.00882104	0.0817903
153	A	3.03241	0.464579	0.06782	0.00289348	0.0145704	0.00603628	0.0367499	0.0117228	0.00153869	0.0110992	0.00617487	0.0444844	0.0123613	0.0319156	0.0833117	0.0312788	0.0265919	0.0123469	0.0654822	0.0068596	0.0153752	0.0468078
154	L	3.02972	0.0263565	0.135591	0.0129383	0.0280017	0.0128208	0.00719812	0.0108323	0.0482547	0.0202458	0.426243	0.0166026	0.00494301	0.0122392	0.00748375	0.00563977	0.0130529	0.0174048	0.0738447	0.0102616	0.00639344	0.103652
155	V	3.27989	0.0132973	0.00847307	0.0136311	0.0030529	0.00507845	0.026568	0.0187536	0.165617	0.115821	0.0207414	0.00707686	0.0409081	0.00903957	0.00334572	0.0351767	0.105649	0.0253004	0.322551	0.0149439	0.0254831	0.0194921
156	R	3.06719	0.0116059	0.0273663	0.0151134	0.0354562	0.0266107	0.0178257	0.0142348	0.0273362	0.0352948	0.00974898	0.0138814	0.0226152	0.0309081	0.0153221	0.480967	0.0114799	0.097581	0.0541204	0.00452095	0.0136793	0.034332
157	T	3.36818	0.0394171	0.085803	0.0195668	0.00133673	0.00231136	0.0200614	0.00318618	0.152942	0.01945	0.012628	0.0132821	0.0986527	0.00232678	0.0126597	0.00853403	0.0625941	0.232328	0.167141	0.00505408	0.00557778	0.0351479
158	G	2.84234	0.0433987	0.0313231	0.00468837	0.00809526	0.000807001	0.129861	0.0419263	0.000577574	0.00322459	0.0147629	0.394815	0.00170646	0.00383948	0.0179647	0.00229499	0.131025	0.132362	0.0068003	0.0026915	0.000823666	0.0270128
159	M	2.49959	0.0184949	0.0135244	0.000309077	0.00754339	0.00810101	0.00894464	0.0013571	0.10374	0.00783734	0.497704	0.200771	0.0149812	0.00666204	0.0137357	0.00610754	0.00950977	0.00442828	0.0186257	0.00418243	0.0066671	0.0467731
160	D	3.13769	0.00387304	0.0485017	0.378152	0.172905	0.00893882	0.0132572	0.0196258	0.00994227	0.0125972	0.00986105	0.00659815	0.0102352	0.0293072	0.105136	0.0164578	0.0141859	0.0580376	0.0351558	0.0300703	0.00190018	0.015262
161	P	3.35582	0.254287	0.0323542	0.0271343	0.0108239	0.00111947	0.192871	0.0148247	0.00727455	0.06765	0.00221217	0.0443859	0.0157718	0.149193	0.0312366	0.0216845	0.0742209	0.022083	0.00960304	0.0031326	0.00394046	0.0141962
162	R	3.1233	0.12042	0.00402527	0.0249149	0.0535351	0.00727435	0.021315	0.00314204	0.0292894	0.0492795	0.0168603	0.0167116	0.0176127	0.036491	0.0147475	0.443202	0.0332856	0.00512946	0.0278173	0.0161243	0.00963642	0.0491864
163	M	3.46368	0.0402922	0.00671242	0.0064503	0.0303236	0.0746852	0.0165062	0.0253281	0.252202	0.00254089	0.0319785	0.159838	0.00370987	0.0009239	0.0276749	0.00581798	0.0295419	0.0232981	0.105985	0.123328	0.0148502	0.0180126
164	C	3.17368	0.226552	0.187602	0.00100648	0.0015028	0.0154506	0.00989821	0.00691048	0.0188339	0.0365236	0.00622785	0.00167427	0.10192	0.0295973	0.0165253	0.00963872	0.0109208	0.0125523	0.237472	0.0168107	0.0367309	0.0156495
165	S	2.89962	0.071465	0.0578577	0.0128191	0.00606684	0.0104266	0.0478083	0.00614389	0.00981423	0.0073605	0.00928045	0.00745318	0.022872	0.079576	0.0219322	0.00564625	0.455918	0.133608	0.00520074	0.00286281	0.0101268	0.0157613
166	L	3.25933	0.0067044	0.00610118	0.0883302	0.0864727	0.00454547	0.0144428	0.0203309	0.00839512	0.00683879	0.153801	0.121139	0.0435045	0.00416645	0.262084	0.00211652	0.122494	0.0263714	0.0107433	0.00329069	0.000897699	0.0072294
167	M	3.2902	0.00552464	0.0567367	0.00635808	0.014594	0.0466432	0.0126237	0.00790514	0.0632887	0.0185881	0.0958848	0.292141	0.0198533	0.00115218	0.148981	0.00702695	0.144907	0.00149705	0.0230407	0.00358949	0.0148342	0.0148294
168	Q	3.45762	0.0532209	0.0388509	0.0152577	0.00890236	0.0254468	0.00628875	0.0116187	0.00812699	0.0141048	0.040271	0.0291929	0.0906853	0.0723737	0.303141	0.0520666	0.158992	0.00163371	0.0312661	0.00760658	0.0114636	0.0194898
169	G	1.97434	0.0209207	0.015445	0.00346978	0.673094	0.00213897	0.121311	0.0286801	0.006742	0.00432047	0.00537357	0.00195968	0.0419665	0.00247894	0.0146676	0.00423157	0.00501785	0.00732198	0.0230752	0.0022243	0.00308415	0.0124763
170	S	2.97098	0.014033	0.0312763	0.00542754	0.00562005	0.11657	0.0723896	0.0948689	0.0266155	0.0160092	0.0235125	0.00988634	0.00919893	0.00780205	0.00499264	0.0120079	0.449297	0.00600797	0.00522027	0.0448203	0.00586667	0.0385767
171	T	3.04483	0.00775965	0.247043	0.211591	0.0103608	0.0275892	0.0484833	0.00273871	0.0305659	0.00322233	0.0270592	0.0661741	0.0165729	0.00193743	0.00746938	0.00957851	0.00983889	0.243627	0.0134069	0.00509655	0.00695148	0.00293341
172	L	2.44493	0.089144	0.0200545	0.00668169	0.000802715	0.0135221	0.00370378	0.00663282	0.0607871	0.0112865	0.151604	0.0122455	0.00321687	0.00624243	0.545712	0.0046064	0.00806918	0.0104676	0.0137492	0.0179641	0.00312314	0.0103842
173	P	3.10204	0.0524575	0.00121575	0.00314703	0.0296634	0.0127103	0.00619986	0.181892	0.00644411	0.0158555	0.0246025	0.0229607	0.00409357	0.241487	0.183874	0.00584849	0.16533	0.0065647	0.0100672	0.00205026	0.00205823	0.0214772
174	R	2.79614	0.0039746	0.0231434	0.00639066	0.00627435	0.00188565	0.048652	0.0203755	0.00923622	0.0821933	0.00511084	0.0328592	0.136376	0.0286906	0.00350933	0.459493	0.00252777	0.00443384	0.00371587	0.0286177	0.00114913	0.0913917
175	R	2.41054	0.0118539	0.00699112	0.00478714	0.0580071	0.00811913	0.00209594	0.00401462	0.00860881	0.213533	0.0203045	0.0122382	0.00756086	0.00562921	0.00419165	0.52942	0.00327399	0.0145721	0.0205896	0.019057	0.041078	0.0040739
