#SITE	WT_AA	SITE_ENTROPY	PI_A	PI_C	PI_D	PI_E	PI_F	PI_G	PI_H	PI_I	PI_K	PI_L	PI_M	PI_N	PI_P	PI_Q	PI_R	PI_S	PI_T	PI_V	PI_W	PI_Y	PI_*
1	M	3.6594	0.0316707	0.0612873	0.0347851	0.0313846	0.0385113	0.0214239	0.029653	0.018474	0.0396078	0.0296982	0.361876	0.0375012	0.0232246	0.0267169	0.0265187	0.0187784	0.0262353	0.0232527	0.0486018	0.0335902	0.0372086
2	A	1.65573	0.776248	0.00802491	0.0107223	0.0267128	0.0160391	0.00515634	0.00605711	0.00614294	0.00961503	0.00359704	0.0283369	0.00858875	0.00195093	0.0108666	0.00434712	0.00522461	0.00597624	0.0105229	0.0341	0.0105328	0.0112375
3	S	2.59973	0.028158	0.00902706	0.00799769	0.0010048	0.160784	0.000882068	0.0195835	0.000948759	0.00431261	0.438321	0.0136472	0.0021845	0.000762849	0.0482875	0.00167582	0.0969052	0.0127196	0.00818507	0.000767794	0.143083	0.000761333
4	Q	3.48362	0.0134017	0.0297868	0.0186512	0.0104307	0.101122	0.0101989	0.0611983	0.201979	0.0232256	0.0444521	0.02897	0.135894	0.000157422	0.00639772	3.67399e-05	0.0986363	0.0260098	0.00330765	0.168025	0.0141857	0.00393418
5	G	3.12776	0.0189446	0.0138223	0.0129164	0.00470728	0.00303348	0.172152	0.0602818	0.0423379	0.00576447	0.00451402	0.00775689	0.068016	0.116791	0.00197629	0.00284315	0.332568	0.0803511	0.00265021	0.0210042	0.0244916	0.00307717
6	T	1.57067	0.00489234	0.0288852	0.0109772	0.00685785	0.0100185	0.00430388	0.006985	0.0115543	0.00625585	0.00525297	0.0207923	0.0131327	0.0207068	0.00910437	0.00583829	0.00408252	0.794197	0.00498331	0.0171359	0.00576434	0.00827953
7	K	1.53356	0.0034538	0.0181961	0.0108177	0.00923433	0.00700196	0.00468279	0.00999231	0.0040663	0.796842	0.00360887	0.010863	0.0266923	0.00518654	0.0132125	0.0056861	0.00238343	0.00447152	0.00357584	0.0308674	0.0123403	0.0168252
8	R	1.91029	0.00622823	0.0245221	0.0114198	0.00885418	0.00972154	0.0131759	0.0104074	0.0113094	0.00725567	0.011138	0.0150789	0.00846884	0.0166294	0.00769438	0.736369	0.00388038	0.0172485	0.0165002	0.0436466	0.00601473	0.0144366
9	S	2.5422	0.294576	0.00180899	0.00842515	0.000154052	0.0026265	0.0130273	0.00731665	0.0011371	0.000162795	0.278222	0.180439	0.0021874	0.000306232	0.00050444	0.0043388	0.0422148	0.00201348	0.00360147	0.133755	0.0230443	0.000138967
10	Y	2.6745	0.0175295	0.0139636	0.00119217	0.000916057	0.0136664	0.00175899	0.297992	0.3961	0.00217534	0.0212077	0.0262757	0.00972741	0.00583185	0.0518534	0.00177757	0.0301127	0.0275149	0.0336737	0.000431009	0.0408123	0.00548759
11	E	3.31645	0.00533892	0.161966	0.0156393	0.320014	0.00575937	0.0700971	0.0112571	0.0243613	0.037642	0.0179966	0.0140548	0.0282642	0.00138965	0.0152096	0.0148956	0.010043	0.0244229	0.116884	0.0798561	0.0166728	0.00823545
12	Q	2.90229	0.00334879	0.0120319	0.00307863	0.00526631	0.0920511	0.000527913	0.11297	0.00285463	0.146212	0.0186759	0.0732044	0.0336007	0.00371353	0.013113	0.39196	0.0579913	0.00207376	0.00288788	0.00641847	0.0175477	0.00047161
13	M	2.64384	0.0358162	0.00304195	0.114323	0.131336	0.00649337	0.00678157	0.00796973	0.0199067	0.00540652	0.0152654	0.495458	0.00306431	0.00504424	0.0253922	0.00183191	0.00571464	0.0113522	0.0754328	0.0188805	0.00378689	0.00770064
14	E	3.13281	0.00562301	0.0230912	0.058594	0.379089	0.0149303	0.0071558	0.00909492	0.0419406	0.0818801	0.0126625	0.014426	0.185091	0.0011581	0.0525045	0.0124839	0.0139132	0.01403	0.0377385	0.00825658	0.0135515	0.0127857
15	T	2.83889	0.0117633	0.0248497	0.00804284	0.00622339	0.0144039	0.0102109	0.039242	0.146396	0.00452691	0.341757	0.00692448	0.00887713	0.00138929	0.0165632	0.0177306	0.00395221	0.278298	0.00752137	0.0155645	0.0111963	0.0245669
16	D	3.34097	0.0644654	0.00808778	0.340323	0.0882011	0.0111803	0.0975227	0.00529048	0.00908604	0.0111703	0.00293532	0.0967496	0.0295354	0.00582356	0.0113301	0.0414155	0.0674232	0.00293921	0.00723187	0.0282984	0.0162724	0.0547186
17	G	3.27627	0.269081	0.00885584	0.00621082	0.0611941	0.0040828	0.279523	0.0227787	0.014363	0.0571614	0.0205619	0.0159523	0.0280394	0.0641401	0.0277501	0.00805527	0.01909	0.0265851	0.036562	0.0193856	0.00232975	0.0082976
18	E	3.43475	0.0225676	0.0107577	0.0723331	0.161708	0.0464971	0.0101908	0.0080113	0.0121656	0.0185714	0.297377	0.00267526	0.0254674	0.038079	0.0313683	0.00258052	0.0123343	0.0212835	0.0840956	0.0445674	0.0760348	0.00133411
19	R	2.75648	0.0128351	0.019016	0.147917	0.0142724	0.0105707	0.00965148	0.0313822	0.00816349	0.00738516	0.00655272	0.0306605	0.0215095	0.00426552	0.00612939	0.500803	0.00526989	0.0155188	0.0745735	0.0107494	0.0528112	0.00996223
20	Q	1.90259	0.0223449	0.0132312	0.0146125	0.00737799	0.00810923	0.0111185	0.00631645	0.00666693	0.00799278	0.0061236	0.010796	0.00672978	0.0223094	0.728235	0.0627247	0.00868809	0.0240996	0.00309743	0.0109532	0.0139594	0.00451346
21	N	3.44614	0.0249308	0.00623408	0.0263518	0.0110055	0.00778498	0.0200843	0.0604046	0.0102172	0.0250128	0.196992	0.00369426	0.255205	0.0567057	0.00778951	0.0925709	0.0956253	0.0286703	0.0469665	0.00903409	0.00867781	0.00604303
22	A	3.43589	0.252775	0.0100116	0.00479489	0.011215	0.0685598	0.0123541	0.0185004	0.00500063	0.0976533	0.00885763	0.00315398	0.00249623	0.0219182	0.0292674	0.17485	0.126248	0.0516978	0.0150074	0.0313416	0.0191516	0.0351463
23	T	3.46364	0.246752	0.00650566	0.00130028	0.00264554	0.212005	0.0376138	0.0599706	0.00287316	0.0112083	0.0573326	0.0114629	0.0170376	0.00848872	0.0420537	0.0535637	0.0766676	0.0408827	0.0396114	0.0219112	0.0488185	0.00129496
24	E	3.10535	0.0282643	0.0160765	0.0127178	0.426887	0.0103681	0.00283629	0.00427984	0.0896051	0.00613296	0.010273	0.021164	0.00480997	0.0747898	0.085956	0.0403652	0.015344	0.00788898	0.0715326	0.0319768	0.0055534	0.0331781
25	I	3.10206	0.00292313	0.0136948	0.0252562	0.123023	0.0203213	0.0197949	0.0176616	0.385746	0.0213127	0.00498738	0.00903817	0.00919997	0.0106027	0.00896659	0.0114315	0.085677	0.00803147	0.140579	0.0564396	0.00461136	0.0207014
26	R	2.88799	0.0179118	0.00427564	0.00824791	0.0319212	0.0115498	0.0180161	0.00504603	0.0158478	0.0814784	0.123648	0.0148259	0.00731727	0.0168714	0.00452422	0.433685	0.0114917	0.00276074	0.0285818	0.00577098	0.147064	0.00916315
27	A	3.19934	0.143678	0.0216472	0.0117315	0.00168766	0.014479	0.00599904	0.0708213	0.00927387	0.0091464	0.0907257	0.0119777	0.00372313	0.000469918	0.195687	0.14349	0.00570086	0.0126687	0.220824	0.0175094	0.00756899	0.00119046
28	S	3.5759	0.0384153	0.0766365	0.0057464	0.0027101	0.0322153	0.123705	0.030697	0.0193645	0.114332	0.0211418	0.0574654	0.0409782	0.00269788	0.0540721	0.0503413	0.267244	0.00484489	0.0100616	0.0105663	0.00543268	0.031332
29	V	3.13162	0.0169301	0.00855234	0.0119998	0.00490191	0.0212865	0.00621444	0.00734852	0.094219	0.00586448	0.0244696	0.0120272	0.0217292	0.0358256	0.0124663	0.159213	0.0429968	0.0631214	0.395735	0.0166455	0.00550568	0.0329475
30	G	2.42112	0.102914	0.000643819	0.002437	0.0119862	0.00161318	0.0765648	0.00142312	0.00517326	0.00293189	0.00729926	0.0160731	0.166682	0.013907	0.518887	0.0163283	0.00858491	0.0156819	0.00259324	0.0174355	0.000449776	0.0103911
31	K	3.47614	0.0119172	0.0312607	0.0112311	0.01057	0.0224453	0.0537027	0.0499366	0.0610032	0.334539	0.0286029	0.0487985	0.0240864	0.010373	0.0444279	0.155145	0.0180026	0.0306273	0.0189456	0.008883	0.0135565	0.0119454
32	M	2.30441	0.00576994	0.00489188	0.00960052	0.0103918	0.133682	0.0271726	0.00746688	0.00692087	0.00379827	0.00652383	0.299642	0.437256	0.00131817	0.00476164	0.00309388	0.00467674	0.00259318	0.00271321	0.0160344	0.00437773	0.0073145
33	I	2.91302	0.188551	0.294358	0.0148857	0.00424496	0.000879514	0.00741896	0.000136807	0.079636	0.00395195	0.0109592	0.00340709	0.012182	0.00312601	0.0028812	0.00578829	0.0576404	0.170355	0.121884	0.00137177	0.00176907	0.0145738
34	D	3.69388	0.0467623	0.061994	0.115123	0.235096	0.0192712	0.0145266	0.0573114	0.0557319	0.00831173	0.00725805	0.0332301	0.148174	0.00135104	0.0210497	0.0250506	0.0242486	0.0174323	0.0373287	0.0393129	0.0215882	0.00984785
35	G	3.38986	0.0685194	0.00761888	0.00449038	0.00824191	0.00839458	0.306427	0.0957719	0.0131828	0.0279206	0.062739	0.0108555	0.0482156	0.0124077	0.0202717	0.0245131	0.00814265	0.164905	0.0337684	0.00628396	0.0600457	0.00728445
36	I	2.78295	0.00536558	0.0236317	0.00923935	0.0131612	0.00166883	0.0314246	0.00151098	0.177913	0.00756608	0.0737677	0.0121538	0.0049147	0.0102537	0.0235571	0.0590574	0.0126373	0.466357	0.00733532	0.0346572	0.0191079	0.00471934
37	G	1.72578	0.0187192	0.00802299	0.00840993	0.00616892	0.00248752	0.110531	0.0189088	0.000796186	0.0031766	0.00737039	0.00942333	0.00446866	0.00899187	0.00716353	0.0288867	0.728483	0.000871918	0.0032165	0.00986234	0.00454146	0.00949915
38	R	3.67802	0.0138598	0.0503584	0.0233628	0.00778324	0.102172	0.0205513	0.0282026	0.0319833	0.0185702	0.0812246	0.0064415	0.0346506	0.0283214	0.0720536	0.282287	0.0110901	0.0264598	0.00644661	0.0505392	0.0831038	0.0205376
39	F	3.69614	0.0667231	0.158297	0.0019945	0.0110634	0.210556	0.00742673	0.00857456	0.0150253	0.0323634	0.0311536	0.0801907	0.0630462	0.0247133	0.0453104	0.0126905	0.0101598	0.0214568	0.111019	0.0278941	0.0150232	0.0453182
40	Y	3.54204	0.034896	0.0123149	0.0382468	0.0136179	0.00595574	0.0237832	0.0166949	0.06589	0.0118278	0.0285814	0.00574374	0.00567432	0.0719259	0.0182751	0.0444661	0.0335113	0.0213923	0.098904	0.0453232	0.331524	0.0714513
41	I	3.22752	0.0304337	0.00248142	0.184519	0.00114294	0.00210599	0.0959175	0.00321902	0.0460631	0.000284822	0.00661016	0.00340902	0.00127324	0.00944414	0.0657537	0.00467371	0.0926005	0.241484	0.0138995	0.137424	0.0466436	0.0106172
42	Q	2.97732	0.00657197	0.0436037	0.00687185	0.0199475	0.050371	0.0224428	0.0231013	0.0138391	0.0164498	0.0149151	0.0320814	0.019169	0.0554638	0.512447	0.0192826	0.0117074	0.0132683	0.0139784	0.0627718	0.0192641	0.0224525
43	M	3.7333	0.166602	0.043991	0.0221334	0.0166934	0.008485	0.0058275	0.0295781	0.0109719	0.0412338	0.0328205	0.215818	0.0921814	0.0208197	0.00898916	0.0318136	0.0388559	0.0227532	0.0640744	0.0144978	0.091359	0.0205018
44	C	3.71403	0.040813	0.191527	0.0157866	0.0082382	0.0149226	0.22631	0.0424172	0.0122533	0.0117221	0.0311687	0.0387946	0.0148674	0.0379652	0.0482154	0.00714697	0.0171712	0.0638885	0.0198534	0.0418484	0.0727304	0.0423601
45	T	3.24605	0.0181841	0.00705227	0.0229942	0.00610268	0.0106907	0.0049106	0.0135104	0.00943253	0.0128839	0.054354	0.0936007	0.10598	0.033564	0.0133073	0.0105434	0.102769	0.382149	0.0406482	0.0213497	0.00957738	0.0263956
46	E	3.29147	0.0153938	0.00563503	0.0223296	0.341024	0.0442475	0.0235628	0.0115435	0.00612528	0.0162781	0.0112571	0.0294539	0.14049	0.0814063	0.0280385	0.0116739	0.00487386	0.134167	0.00585175	0.0235233	0.0110343	0.0320914
47	L	2.72204	0.00308164	0.0161366	0.00907367	0.00771954	0.0115291	0.00421533	0.033768	0.166926	0.00624093	0.199151	0.0116628	0.00939368	0.00259966	0.00604844	0.0124167	0.0174977	0.0475065	0.413461	0.0113703	0.00701113	0.00319057
48	K	3.47972	0.146822	0.024994	0.0133537	0.0184155	0.0983151	0.00991927	0.0127895	0.0163512	0.320064	0.0418004	0.0240205	0.0113167	0.0234451	0.0213107	0.0231439	0.011243	0.022007	0.0665506	0.0192749	0.0104781	0.0643851
49	L	3.77909	0.0437857	0.074876	0.0472032	0.0497255	0.0745467	0.0356064	0.0020684	0.121636	0.0114392	0.207036	0.00670964	0.0878344	0.0194162	0.0357351	0.0211682	0.0132457	0.0244462	0.0875675	0.00249713	0.0126854	0.0207716
50	S	3.01185	0.398155	0.0216663	0.0013121	0.0081519	0.107419	0.0136068	0.0538597	0.00978827	0.010387	0.0251271	0.179473	0.0220887	0.0548417	0.0222492	0.00757332	0.0166553	0.0117247	0.0076812	0.000445496	0.0212575	0.00653678
51	D	2.40504	0.047774	0.0218498	0.0165144	0.00511419	0.00156718	0.00121046	0.0558633	0.0189206	0.00402151	0.0188722	0.000504534	0.210803	0.00224974	0.512161	0.0010184	0.0391892	0.00694856	0.0313875	0.00128035	0.000710909	0.00203979
52	Y	3.37327	0.244953	0.012983	0.00810576	0.00522546	0.027113	0.0879455	0.0284867	0.0482162	0.00319628	0.00716926	0.0263826	0.0272437	0.00821101	0.00554689	0.00759679	0.0457441	0.148538	0.028801	0.018423	0.203181	0.0069375
53	E	3.40605	0.110207	0.0890562	0.0112776	0.1309	0.0182821	0.0214696	0.00126376	0.0108245	0.00253559	0.00913381	0.0205513	0.0660235	0.00899285	0.124706	0.00212278	0.196137	0.14822	0.0104163	0.00544718	0.00347025	0.00896142
54	G	3.48263	0.0796317	0.0582417	0.148072	0.0136857	0.00276621	0.18432	0.00891456	0.0104702	0.0112116	0.0195289	0.0303162	0.00706109	0.025209	0.189448	0.00672402	0.119359	0.0239926	0.00268814	0.0251716	0.00437426	0.0288137
55	R	3.68542	0.0642505	0.0238855	0.0153761	0.00180598	0.0246112	0.00544613	0.134793	0.14388	0.0627428	0.0593815	0.0253246	0.0184832	0.00662681	0.00653211	0.143166	0.0245945	0.0172537	0.123818	0.00591777	0.0860881	0.00602194
56	L	3.24291	0.00958729	0.0334922	0.0132481	0.0109616	0.0124677	0.0200237	0.0100038	0.0334961	0.0042582	0.0698571	0.0531747	0.432612	0.0334258	0.0116395	0.00613188	0.0575312	0.0599559	0.0230677	0.0233881	0.0291444	0.0525328
57	I	2.91636	0.150648	0.0306575	0.0106717	0.00298196	0.0195541	0.0218039	0.00523025	0.128856	0.00925939	0.0191925	0.00667345	0.0168985	0.024051	0.00592212	0.0179644	0.0197345	0.0487519	0.438022	0.0103873	0.00748041	0.00525925
58	Q	3.6406	0.0368035	0.00328148	0.0896441	0.00416676	0.0125134	0.0484385	0.0122168	0.0274071	0.156163	0.0148713	0.0169124	0.125426	0.0429942	0.2339	0.0350839	0.0131991	0.0387631	0.0215904	0.0286907	0.0258332	0.0121011
59	N	3.05708	0.00905963	0.0240705	0.00448995	0.0429085	0.0203082	0.0991088	0.0101762	0.0118631	0.0188187	0.0195991	0.00375894	0.234916	0.0145731	0.0171842	0.0317031	0.0117631	0.363407	0.0047711	0.0321918	0.00898508	0.0163445
60	S	3.40357	0.0153813	0.0593804	0.0184999	0.0100844	0.0188048	0.16436	0.00929273	0.00440035	0.00122918	0.041705	0.0121936	0.19018	0.00405861	0.025138	0.00652233	0.165996	0.14337	0.0817458	0.010686	0.00675496	0.0102162
61	L	3.69197	0.00850778	0.00702349	0.0205417	0.00613788	0.0341388	0.163806	0.0793677	0.0379872	0.0106132	0.185211	0.00582995	0.0792965	0.0438159	0.039326	0.01799	0.0579711	0.0481518	0.121008	0.023038	0.00552771	0.00471047
62	T	2.73534	0.0424065	0.00599064	0.00867546	0.00851839	0.00486126	0.0513904	0.00903425	0.00359933	0.00303777	0.0173352	0.0216145	0.507035	0.036621	0.00767906	0.0114387	0.0503947	0.147143	0.0161256	0.00401419	0.0135043	0.0295806
63	I	2.59015	0.0416546	0.0150596	0.00519446	0.00221866	0.0645784	0.0081092	0.0302214	0.134165	0.0108868	0.530879	0.00360109	0.0112117	0.00856537	0.0116355	0.00978362	0.0143041	0.0726908	0.00632967	0.00698849	0.00081138	0.0111117
64	E	3.6622	0.0254175	0.0517097	0.0250736	0.326772	0.04953	0.0722667	0.0444053	0.0917074	0.00521209	0.0313323	0.0209318	0.0256686	0.0164659	0.00978319	0.0298509	0.0406767	0.0369532	0.0245454	0.0172005	0.0271873	0.0273097
65	R	3.09728	0.00811591	0.0255154	0.0144728	0.0482181	0.0113421	0.026124	0.0080813	0.00873128	0.0460924	0.00399781	0.0221539	0.0201949	0.0632403	0.0135879	0.445909	0.0204394	0.0086829	0.123226	0.0246559	0.00991176	0.0473074
66	M	3.72814	0.0102837	0.0103356	0.0691582	0.0107215	0.0216099	0.0550727	0.0766742	0.052893	0.184326	0.035123	0.196651	0.0083193	0.0102114	0.0584813	0.057256	0.0102493	0.0673616	0.0195577	0.0114401	0.0190129	0.0152618
67	V	3.78876	0.111606	0.0254039	0.0276498	0.056	0.0230663	0.0444455	0.0269114	0.0208747	0.0466336	0.0135759	0.0723829	0.0291119	0.00909064	0.0111921	0.0249368	0.115214	0.00818148	0.137552	0.00806269	0.180952	0.00715667
68	L	3.32311	0.0379133	0.0352041	0.0070586	0.0065423	0.00584623	0.0555284	0.0391929	0.044684	0.00915328	0.0968594	0.00924865	0.196925	0.0148414	0.0783099	0.00886684	0.295837	0.00359565	0.00691154	0.0315199	0.00764246	0.0083194
69	S	3.00153	0.00579976	0.012271	0.0975265	0.0133826	0.025221	0.0693581	0.00755824	0.00860053	0.00968004	0.0141658	0.0255015	0.0200478	0.0550481	0.0273477	0.0284979	0.485025	0.0121794	0.0267553	0.0165078	0.0292524	0.0102733
70	A	3.06203	0.16604	0.0104963	0.0583171	0.0051146	0.00334891	0.20426	0.00357335	0.0049079	0.00483289	0.00629182	0.00626657	0.00332313	0.022997	0.0021515	0.0336244	0.239636	0.164643	0.00266357	0.00743957	0.0143701	0.0357022
71	F	3.29156	0.0201126	0.00475106	0.157918	0.00223414	0.0910065	0.0174235	0.000862053	0.00431309	0.12354	0.0206047	0.00286615	0.0190459	0.0038935	0.185149	0.200136	0.00665147	0.00747644	0.0326214	0.082524	0.00987954	0.00699093
72	D	3.10829	0.0167448	0.00785535	0.393622	0.0130585	0.0161876	0.00984203	0.00663086	0.00604873	0.0118411	0.0155918	0.0169543	0.0165916	0.0411623	0.0223834	0.14973	0.0110167	0.0539236	0.129867	0.00711597	0.0115421	0.0422904
73	E	3.3844	0.00745848	0.0102794	0.0185275	0.079041	0.00426208	0.0137705	0.0291771	0.150835	0.079401	0.141276	0.00596421	0.00379723	0.00159449	0.00566083	0.00448655	0.117753	0.127657	0.176238	0.00157266	0.0164412	0.00480679
74	R	3.00817	0.102951	0.0164062	0.00770374	0.0230754	0.0243499	0.0100317	0.0227907	0.0183723	0.029025	0.0125641	0.0176634	0.0369518	0.0249599	0.0188542	0.493691	0.0555285	0.0136428	0.00605338	0.0133683	0.0310263	0.0209904
75	R	2.97848	0.00776671	0.0573452	0.196156	0.018857	0.00818085	0.0280133	0.135576	0.00911642	0.0240439	0.00656567	0.0166623	0.00571188	0.0101366	0.0096273	0.38462	0.0104119	0.0062167	0.0141406	0.0302014	0.0160061	0.00464462
76	N	3.33359	0.0383749	0.0228697	0.0364109	0.0310535	0.0232264	0.00333934	0.0180335	0.0946833	0.0171857	0.00601171	0.0110719	0.125924	0.000589084	0.132956	0.00832891	0.0236552	0.00746625	0.0419614	0.326983	0.0069343	0.022941
77	K	2.77894	0.00923292	0.175222	0.000760422	0.00229111	0.00540264	0.0305755	0.00316236	0.00970158	0.0375423	0.0135817	0.303054	0.290789	0.00105608	0.00770925	0.0387514	0.00649624	0.0176362	0.0322501	0.0108584	0.00341318	0.000514277
78	Y	2.83927	0.028308	0.0038883	0.00749766	0.00723978	0.0349577	0.0191095	0.356029	0.0169473	0.00523066	0.00381329	0.00272451	0.0483806	0.00251051	0.00760008	0.00910871	0.0251942	0.00799116	0.136891	0.00587612	0.258479	0.0122238
79	L	3.17591	0.0150138	0.0222512	0.00606728	0.104688	0.00236603	0.0257403	0.0581921	0.072102	0.0089515	0.357563	0.139806	0.00634183	0.0248327	0.00894677	0.00403494	0.00891802	0.01518	0.0114303	0.0104876	0.0045979	0.0924889
80	E	3.37441	0.0131019	0.0110277	0.0283728	0.251178	0.271734	0.0160463	0.0254667	0.0219118	0.0273385	0.0138238	0.00996925	0.0219207	0.00555908	0.0706029	0.011646	0.038676	0.0107957	0.0250184	0.0562564	0.0647735	0.00478065
81	E	3.41181	0.00658009	0.00612411	0.0336148	0.378401	0.0242457	0.0366557	0.0169539	0.0329506	0.0303384	0.0652408	0.0288628	0.0920097	0.00882791	0.00993264	0.0381085	0.0172074	0.0714138	0.0578875	0.00727535	0.0194324	0.0179374
82	H	3.37176	0.00790062	0.277851	0.00231216	0.0059492	0.0425909	0.0065096	0.122678	0.00496756	0.0122311	0.00644031	0.146879	0.0591461	0.00413224	0.0186916	0.0320568	0.0311641	0.0607906	0.0506595	0.0982285	0.00559211	0.00322885
83	P	3.45094	0.0595433	0.0216587	0.0124587	0.00710009	0.0238203	0.00958654	0.102918	0.00765637	0.00452277	0.00711843	0.00513057	0.0348066	0.212811	0.226555	0.0081388	0.0688785	0.0118598	0.0407992	0.0668285	0.00152848	0.06628
84	S	2.4043	0.585839	0.000974449	0.00231906	0.00680908	0.00359708	0.0545525	0.0378755	0.0077638	0.0162638	0.00943285	0.104276	0.0270113	0.00644081	0.0166486	0.0099669	0.0586949	0.0356145	0.010082	0.00240692	0.00290731	0.000522925
85	A	3.74206	0.164413	0.00648734	0.00782841	0.0283959	0.0399153	0.0547687	0.0390182	0.0035546	0.0162106	0.0517588	0.0671927	0.158653	0.042015	0.0214116	0.0556849	0.04007	0.138038	0.0528678	0.0031437	0.00181066	0.00676205
86	G	3.3423	0.0194445	0.00179221	0.00109139	0.0184077	0.00304751	0.146603	0.0527082	0.0163526	0.0163244	0.053551	0.0119658	0.158247	0.0154143	0.0839629	0.0450407	0.286834	0.0155616	0.0213236	0.0046769	0.0199963	0.00765434
87	K	2.96692	0.0274939	0.0327265	0.0058126	0.0630262	0.00332081	0.0051195	0.0316863	0.00515627	0.477314	0.0147417	0.0549428	0.0142581	0.0278248	0.00541811	0.0174091	0.022925	0.00315202	0.0754509	0.00889826	0.0189711	0.0843522
88	D	3.25818	0.00918768	0.108662	0.332302	0.0852952	0.0023642	0.0373906	0.00892003	0.0406809	0.00697976	0.00309756	0.0224502	0.0581443	0.00214303	0.0235322	0.0127001	0.06673	0.0137497	0.013623	0.00795788	0.00253903	0.141551
89	P	3.63377	0.0905715	0.0788386	0.0125067	0.0139722	0.0549041	0.040077	0.0163252	0.0117852	0.00383772	0.0393109	0.0128693	0.011605	0.168431	0.00174748	0.0112403	0.00967136	0.00804805	0.133218	0.122059	0.0196851	0.139296
90	K	3.08697	0.00903432	0.012531	0.000597469	0.00243421	0.00522194	0.013349	0.0802468	0.0315816	0.0698523	0.0557002	0.00325247	0.395621	0.000257417	0.0914285	0.0979775	0.0187319	0.0593666	0.00874192	0.0367728	0.00424368	0.00305689
91	K	1.99461	0.00627833	0.00406487	0.00581005	0.00554266	0.00247581	0.00580975	0.0316969	0.00622318	0.267169	0.00764507	0.00790936	0.00977186	0.00706929	0.00833478	0.014423	0.00415015	0.00556337	0.00444868	0.0056199	0.0119059	0.578088
92	T	3.08261	0.0196515	0.0337526	0.0307788	0.0154165	0.149053	0.0121433	0.0100429	0.0296694	0.00759567	0.0188353	0.0319116	0.0626029	0.018598	0.0243554	0.00248668	0.0134142	0.435198	0.00761993	0.0135851	0.00646171	0.0568274
93	G	2.87039	0.00736202	0.00781196	0.00602588	0.00918334	0.00959516	0.289122	0.005784	0.027249	0.00628098	0.0100716	0.169575	0.00961877	0.00466726	0.284288	0.0019676	0.00525848	0.0204473	0.00213707	0.0320736	0.0159579	0.0755228
94	G	2.75775	0.0244464	0.0194081	0.035618	0.0527862	0.00919409	0.219359	0.0065376	0.00757546	0.00976273	0.0687777	0.0113207	0.00659632	0.00790095	0.0114638	0.00934255	0.00786986	0.00660818	0.00516841	0.0226531	0.00698608	0.450625
95	P	2.74533	0.0065148	0.00986865	0.0150972	0.00745261	0.0187783	0.492872	0.00971798	0.0029755	0.0166289	0.00575282	0.0117417	0.0217868	0.164803	0.0640455	0.0117342	0.0108083	0.013599	0.0722368	0.0138335	0.0106051	0.0191471
96	I	3.3419	0.0111456	0.0429413	0.00558598	0.0028619	0.0807159	0.00890113	0.0133729	0.161331	0.0364116	0.0197056	0.0579192	0.0225789	0.0220254	0.00529872	0.00659037	0.00975975	0.0295372	0.332277	0.00762065	0.0714131	0.0520071
97	Y	3.57699	0.0424173	0.0120156	0.00465034	0.028039	0.227865	0.00768141	0.00927711	0.0423981	0.0284986	0.0383369	0.0154766	0.00539853	0.0198724	0.057779	0.0350714	0.0206109	0.024496	0.132573	0.0161814	0.200001	0.0313599
98	K	3.55643	0.0186314	0.0498498	0.00893656	0.00167538	0.00395026	0.00633264	0.0633931	0.0216177	0.125878	0.101246	0.0390259	0.183994	0.00379999	0.0109609	0.151078	0.0871386	0.0253034	0.0809677	0.00316786	0.0109008	0.00215241
99	R	2.63888	0.0152557	0.00511635	0.00978303	0.0309475	0.00436933	0.00793389	0.00647203	0.00555789	0.303923	0.0191507	0.00393323	0.0196093	0.0102919	0.00465552	0.183018	0.0178035	0.332068	0.00512848	0.00860358	0.0031835	0.00319569
100	V	2.35612	0.08417	0.0156758	0.00676923	0.013794	0.000436153	0.00724783	0.0200306	0.0514302	0.00988922	0.625348	0.00515631	0.0167993	0.0242921	0.00699129	0.0216438	0.0144638	0.0243524	0.0330455	0.00581545	0.00126406	0.0113853
101	D	3.68844	0.0465166	0.00870987	0.257962	0.0597973	0.00850878	0.00339947	0.0255456	0.0767567	0.0301216	0.0908239	0.0103278	0.0150566	0.077911	0.0135524	0.0181864	0.0546499	0.0945863	0.0425509	0.00891849	0.00657745	0.0495405
102	R	3.26478	0.0034422	0.0157059	0.00938066	0.0140868	0.0137431	0.038834	0.017836	0.0161726	0.156871	0.0307298	0.00755714	0.00482367	0.0184945	0.0259735	0.254612	0.242224	0.00526265	0.0093846	0.0192439	0.0284927	0.0671289
103	K	2.92307	0.0276879	0.0184756	0.0139638	0.00624709	0.00630502	0.0158701	0.0159787	0.00401574	0.104439	0.0166911	0.037863	0.497837	0.0117003	0.0200636	0.0384338	0.0705861	0.0324351	0.0172375	0.00883772	0.00617575	0.0291565
104	W	3.03114	0.0102302	0.0112078	0.0146739	0.0109176	0.0751213	0.0130582	0.0132085	0.026697	0.0070931	0.0208381	0.00589579	0.00858152	0.0273702	0.00304428	0.0405044	0.0205677	0.0674137	0.0212728	0.193644	0.00511204	0.403548
105	M	3.4158	0.00584157	0.0054592	0.0486283	0.00449695	0.271493	0.0259204	0.0313679	0.0237497	0.00992556	0.0161803	0.110049	0.00244801	0.0219111	0.0113866	0.0166988	0.144616	0.00215235	0.0521102	0.034424	0.140486	0.0206555
106	R	3.47875	0.0374988	0.0122558	0.0161417	0.0386736	0.0193817	0.0248382	0.00764306	0.0374101	0.0204393	0.0333586	0.0216654	0.0149711	0.0111407	0.0433628	0.373984	0.0244133	0.0790535	0.0996372	0.0223133	0.0337554	0.0280625
107	E	3.13853	0.0164507	0.0188528	0.129732	0.455806	0.0244333	0.0146009	0.014135	0.0144657	0.0349274	0.00552079	0.032292	0.0241056	0.0419341	0.0264669	0.0254518	0.0124679	0.0270115	0.0205462	0.0231372	0.0130568	0.0246056
108	L	3.53882	0.032549	0.00697045	0.00701853	0.0141668	0.105575	0.0614796	0.0102447	0.0170585	0.0179073	0.319378	0.0952069	0.0274436	0.0676631	0.0107556	0.0290743	0.0449371	0.0241701	0.0136555	0.0281957	0.0080458	0.0585041
109	V	3.3278	0.0164604	0.0424408	0.00814012	0.306913	0.0202607	0.0213006	0.0218081	0.149139	0.0589713	0.00651515	0.0107955	0.0144807	0.00144877	0.0250147	0.0104734	0.0473654	0.022871	0.16686	0.00919616	0.0050689	0.0344769
110	L	2.73717	0.00534841	0.0140911	0.0081235	0.0150357	0.0594882	0.0192535	0.0206001	0.0300925	0.0119789	0.562224	0.0130899	0.0187792	0.0112783	0.00895787	0.0237546	0.02464	0.0248302	0.0204063	0.0298518	0.00607033	0.0721052
111	Y	2.04287	0.00593121	0.00104509	0.0112866	0.00342154	0.0624651	0.00188124	0.0078482	0.00388499	0.00196343	0.0736429	0.0188379	0.021505	0.00517156	0.00758674	0.000105329	0.00312053	0.657994	0.0420406	0.00321444	0.0646069	0.00244668
112	D	3.28411	0.0312841	0.032173	0.226033	0.0268138	0.024606	0.0100234	0.0052069	0.0272629	0.0134053	0.131258	0.0103211	0.172867	0.00722063	0.0194218	0.0174941	0.0144904	0.00524379	0.00146461	0.00488027	0.206452	0.0120778
113	K	3.23522	0.00857226	0.0234567	0.0206075	0.0253273	0.115167	0.0126351	0.0837347	0.00578848	0.393738	0.0350571	0.0111526	0.021098	0.00321742	0.0848742	0.0274659	0.00821857	0.00591275	0.0193266	0.0229973	0.0134974	0.0581554
114	E	2.90841	0.0042331	0.00600828	0.0822801	0.123585	0.00827639	0.027826	0.020926	0.0153197	0.042207	0.00151399	0.0179229	0.0146487	0.0108995	0.0534241	0.00231187	0.0059928	0.00972352	0.00102848	0.460508	0.0305802	0.0607841
115	E	3.10861	0.0272736	0.0442218	0.0190535	0.406487	0.0340155	0.00696715	0.00651888	0.136872	0.0210302	0.115698	0.0118949	0.0102716	0.0120039	0.0151503	0.0299562	0.0137802	0.0595921	0.00833953	0.00591559	0.00638408	0.00857425
116	I	3.57914	0.0691586	0.0867997	0.0119346	0.0161559	0.0238422	0.0632799	0.00453182	0.298331	0.0172451	0.0247997	0.00508742	0.0563626	0.0258858	0.0108277	0.0187345	0.0265801	0.128479	0.0487469	0.012489	0.0186301	0.0320986
117	R	3.49837	0.00436436	0.0307383	0.00844181	0.00431585	0.030923	0.00512318	0.0593542	0.0151431	0.0783547	0.209633	0.00361336	0.0217855	0.00497952	0.0471286	0.0712437	0.00778837	0.104917	0.0700835	0.0137269	0.201796	0.00654575
118	R	3.40651	0.01123	0.0300632	0.0197206	0.0201015	0.0148553	0.120018	0.00840512	0.0416035	0.0136624	0.00871888	0.017581	0.0107017	0.0571381	0.0163163	0.320928	0.0101378	0.0170703	0.0616876	0.0264459	0.15596	0.0176553
119	I	3.2536	0.00885109	0.0268237	0.0317103	0.0178655	0.0344071	0.00725874	0.0271346	0.452078	0.025179	0.0145497	0.0349897	0.0440275	0.0379458	0.0335888	0.00938471	0.0329322	0.0321688	0.0102022	0.0313725	0.0176253	0.0699052
120	W	3.4795	0.00502775	0.00709857	0.00653273	0.00476141	0.190012	0.0602269	0.0372362	0.0250402	0.0268897	0.00807277	0.133246	0.023865	0.0159091	0.0513658	0.00270596	0.0135726	0.0111868	0.0648478	0.233135	0.0649291	0.0143385
121	R	3.37692	0.0225054	0.0248477	0.00853868	0.0158503	0.011858	0.00125186	0.0479897	0.018564	0.00602201	0.202167	0.0228186	0.0906812	0.0106767	0.0424873	0.296295	0.0255996	0.0179768	0.0352338	0.00755321	0.0786178	0.0124659
122	Q	1.8069	0.000846349	0.00660228	0.00641592	0.00626428	0.0112216	0.00481773	0.0173299	0.704611	0.00437185	0.0956978	0.00800096	0.00522411	0.0130339	0.0798084	0.00674044	0.00364064	0.00842097	0.00762554	0.00298555	0.00556467	0.000775668
123	A	3.47102	0.223859	0.0373585	0.00820911	0.00247717	0.00467779	0.125815	0.0210964	0.00784726	0.00326086	0.0487738	0.00803536	0.0150821	0.0184354	0.010991	0.137307	0.1566	0.0691308	0.0459394	0.0169918	0.00471613	0.0333967
124	N	3.17906	0.00210037	0.129737	0.00397672	0.0536234	0.0287345	0.00101977	0.0308443	0.0197234	0.0096983	0.00837498	0.015807	0.169999	0.0111636	0.0315287	0.01289	0.321259	0.00648751	0.00239065	0.00338845	0.0393226	0.0979319
125	N	3.48389	0.0296743	0.0772118	0.0027145	0.00371762	0.00797706	0.0639038	0.00270224	0.105644	0.0115962	0.0613223	0.00513845	0.249375	0.0123154	0.00399465	0.0266494	0.0668818	0.0285439	0.041359	0.00316979	0.0319469	0.164162
126	G	3.44025	0.0390097	0.0233669	0.00379629	0.0115277	0.00456356	0.194515	0.025071	0.00638109	0.0162563	0.152933	0.143011	0.0316317	0.0156783	0.00413317	0.0890984	0.0348537	0.163443	0.0203616	0.0160447	0.00209737	0.0022258
127	D	3.75698	0.144656	0.0371543	0.0673377	0.0176683	0.0152494	0.147743	0.00165988	0.144117	0.00159454	0.0307064	0.00426228	0.041917	0.0603545	0.0255215	0.105127	0.0117941	0.0348205	0.0561088	0.0144877	0.0254221	0.0122981
128	D	3.22329	0.0974995	0.0273245	0.0380547	0.0913521	0.0563414	0.005607	0.0440394	0.0229633	0.013649	0.0123365	0.00338797	0.0178922	0.0127519	0.0132239	0.00640799	0.0301427	0.0430379	0.0476218	0.00134031	0.406508	0.00851767
129	A	3.7656	0.216805	0.00971139	0.0117358	0.0170728	0.0273161	0.0855013	0.0716486	0.0153852	0.0118766	0.058988	0.0171679	0.0717157	0.0143367	0.0158945	0.0620164	0.0199146	0.111338	0.102304	0.00575336	0.0140666	0.039452
130	T	2.9205	0.00767673	0.00843457	0.0446666	0.00687197	0.0142492	0.0160256	0.0407078	0.00229476	0.448267	0.0285636	0.00748081	0.0140082	0.0237553	0.0154458	0.0430399	0.0253522	0.187752	0.0402571	0.0107634	0.00789779	0.00648926
131	A	3.16458	0.241305	0.0685413	0.0158316	0.00646728	0.0125238	0.0350866	0.121618	0.0110352	0.0166877	0.0122739	0.0124025	0.0170738	0.283131	0.00216036	0.00336895	0.0825529	0.0155342	0.00832223	0.0232584	0.00656477	0.00426139
132	G	3.33672	0.0261482	0.0126014	0.0238299	0.00403604	0.00629803	0.310593	0.00642254	0.0767291	0.0111992	0.0652018	0.206875	0.0260686	0.017867	0.0447875	0.00720223	0.0645523	0.0252905	0.0138348	0.0106075	0.0271258	0.0127295
133	L	3.15798	0.00668811	0.00525049	0.0534632	0.00268516	0.00343945	0.00568021	0.00224911	0.24495	0.214468	0.198293	0.069473	0.00920571	0.0114083	0.0446926	0.00580792	0.00564518	0.0203181	0.0411256	0.0110755	0.00866254	0.0354186
134	T	3.01221	0.0136019	0.170576	0.0172729	0.00186911	0.0982037	0.00832353	0.00680246	0.0050885	0.00240949	0.00212355	0.0183646	0.00519738	0.0214363	0.0280424	0.00690196	0.0316146	0.346141	0.163896	0.0248386	0.0244364	0.00285893
135	H	3.54548	0.0230532	0.00447514	0.00383566	0.0224328	0.0191311	0.0753444	0.338995	0.0459889	0.0981237	0.0280641	0.017269	0.0335948	0.0528827	0.0269937	0.0524159	0.0376928	0.0199296	0.0161885	0.00590599	0.0577623	0.0199206
136	M	2.38594	0.266422	0.0244966	0.00307531	0.00699138	0.00249673	0.006099	0.00258845	0.127396	0.000829174	0.0231133	0.0307632	0.00273339	0.00195706	0.441287	0.00250754	0.00560599	0.031612	0.0162856	0.00032992	0.0018822	0.00152849
137	M	2.68351	0.0759131	0.0126939	0.00648734	0.00525078	0.00647706	0.00628788	0.0213905	0.0321222	0.0181971	0.0471606	0.549021	0.00599125	0.0499924	0.0162526	0.0044335	0.00147936	0.0718049	0.00990731	0.0192717	0.0126175	0.0272477
138	I	3.12154	0.0402867	0.0128329	0.0109957	0.0104145	0.037573	0.0437937	0.00322882	0.445609	0.00290906	0.0924439	0.0353189	0.0158559	0.0305435	0.00689401	0.0238399	0.00702339	0.00944779	0.0311184	0.0219215	0.0317523	0.0861975
139	W	3.82278	0.0220892	0.0364786	0.00501332	0.036339	0.024581	0.00362767	0.121852	0.00850052	0.0186806	0.0217772	0.0916588	0.0346631	0.0149886	0.148488	0.0551848	0.0365448	0.0241834	0.0350817	0.182982	0.0332769	0.0440084
140	H	3.568	0.00970672	0.0148914	0.0116965	0.112341	0.0219251	0.0698452	0.188736	0.0234608	0.00914758	0.0268309	0.0588968	0.189282	0.0128284	0.121325	0.00505625	0.00572869	0.0109626	0.0644955	0.0217823	0.0107143	0.0103474
141	S	3.2606	0.0108268	0.0596325	0.0282479	0.011139	0.0228659	0.0939101	0.023899	0.124104	0.0165507	0.00677598	0.0214323	0.0172141	0.0548537	0.0150468	0.00555651	0.391033	0.00783696	0.0406123	0.0229581	0.0188685	0.00663638
142	N	3.51278	0.00658738	0.0529129	0.0124167	0.00510837	0.0308226	0.0426357	0.0113785	0.0125585	0.00837822	0.0206417	0.0449704	0.286633	0.183959	0.0484333	0.0135797	0.0273097	0.0208217	0.0570314	0.0155813	0.0795644	0.0186762
143	L	3.28796	0.00245567	0.0196437	0.00753528	0.0143982	0.00883368	0.125626	0.0140484	0.318846	0.00361372	0.180008	0.0170282	0.0167761	0.0212068	0.00594366	0.0134421	0.0414719	0.0642823	0.0201815	0.0595719	0.0267534	0.0183344
144	N	3.2675	0.0955188	0.0849307	0.0166119	0.0368332	0.0494681	0.0080515	0.00842297	0.0669372	0.0178861	0.0313174	0.0164049	0.386637	0.00784089	0.0101131	0.00546632	0.00520986	0.0698248	0.0108622	0.05331	0.0108819	0.00747081
145	D	3.32858	0.0792599	0.0443181	0.183465	0.0380917	0.00319963	0.27633	0.0060414	0.0169682	0.0312703	0.0103982	0.0207752	0.0169847	0.00439663	0.00401984	0.0104825	0.0244714	0.159264	0.0150514	0.00906166	0.0139402	0.0322101
146	T	3.1464	0.0569055	0.0088086	0.0189146	0.00891145	0.015029	0.0247959	0.0260771	0.0116356	0.079101	0.0159803	0.0131817	0.0241336	0.0106038	0.0749141	0.0186753	0.0105237	0.447056	0.0787673	0.0180724	0.0274654	0.0104473
147	T	3.09913	0.0166123	0.272716	0.0107416	0.00619948	0.0259712	0.0262134	0.0358101	0.00804329	0.0193816	0.00306385	0.0100524	0.0285839	0.00905236	0.0158814	0.00240494	0.00729044	0.267951	0.152804	0.00739366	0.00923498	0.0645982
148	Y	2.93373	0.00631759	0.0364143	0.0184403	0.0083636	0.013342	0.0168109	0.0329728	0.0430284	0.00995995	0.0334467	0.0121521	0.0749057	0.00780588	0.00766778	0.0191112	0.0215087	0.076632	0.0092454	0.00843977	0.504351	0.0390835
149	Q	2.89194	0.00600117	0.0189587	0.0102276	0.0146267	0.0988005	0.0168134	0.0294016	0.0585614	0.0105794	0.00450105	0.0117879	0.0277704	0.0130398	0.507613	0.0215982	0.0179856	0.0672929	0.011693	0.00826601	0.0222791	0.0222028
150	R	3.29189	0.0109213	0.0377976	0.0471024	0.0380492	0.0215233	0.00679883	0.0637283	0.0223323	0.0122902	0.0117602	0.0345915	0.00942817	0.00981225	0.088414	0.407976	0.0291659	0.0113719	0.00298212	0.0495245	0.0675236	0.0169063
151	T	2.98283	0.0637644	0.0140427	0.0158706	0.00507642	0.0650518	0.0120836	0.00779873	0.00731707	0.109624	0.0402733	0.0658729	0.00543686	0.00891295	0.0244513	0.0036529	0.00947478	0.462302	0.0180229	0.0192233	0.0079196	0.033828
152	R	2.84607	0.0142968	0.00352661	0.00166378	0.0763386	0.00277258	0.00125847	0.250108	0.0102129	0.0236668	0.00332355	0.00676163	0.0055773	0.018505	0.0235914	0.325115	0.0125088	0.00755007	0.00562333	0.00604354	0.165572	0.0359845
153	A	2.87734	0.525149	0.0553894	0.0106837	0.0136969	0.0380194	0.0407829	0.00342823	0.0340335	0.0163706	0.0182961	0.0119066	0.0161699	0.0108564	0.0363445	0.0103395	0.0280184	0.0775022	0.0186448	0.00859977	0.00668587	0.0190822
154	L	2.90966	0.00961935	0.0253967	0.0100462	0.0124817	0.0052302	0.0217505	0.0070683	0.133265	0.0218081	0.277523	0.009344	0.0359329	0.00467174	0.00377359	0.0103314	0.00768805	0.0140276	0.337388	0.00703543	0.0142388	0.0313785
155	V	2.98827	0.0797081	0.0193045	0.0286932	0.00641044	0.0164091	0.0593691	0.0110912	0.0745033	0.0101401	0.00854473	0.0239994	0.0150052	0.00573347	0.0173725	0.0284275	0.0299397	0.0140717	0.491091	0.00551615	0.0270386	0.0276307
156	R	2.45891	0.0646189	0.012821	0.00389866	0.0033689	0.00380473	0.0140216	0.0676664	0.0375312	0.0195506	0.0191023	0.00720947	0.00396395	0.0204385	0.0110123	0.603057	0.0136425	0.0114056	0.00587214	0.00404276	0.0251563	0.0478157
157	T	0.742526	0.00519918	0.00494058	0.000185091	0.00061903	0.00553934	0.0023529	0.00122296	0.00991966	0.00157615	0.0034646	0.000668716	0.00182363	0.00175664	0.00362663	0.00262113	0.909083	0.0334499	0.00788966	0.00234911	0.000486724	0.00122541
158	G	3.41921	0.0668214	0.0252818	0.0282296	0.00905615	0.00141731	0.201153	0.134945	0.00489431	0.00213644	0.119525	0.201921	0.0308233	0.00685204	0.011338	0.0129187	0.0651651	0.0260277	0.00685904	0.00331227	0.0215823	0.0197402
159	M	2.68902	0.0248232	0.00308386	0.0297143	0.00168602	0.0366082	0.0250358	0.0160573	0.00905017	0.00636268	0.3806	0.329136	0.00511692	0.0189277	0.0365837	0.00953817	0.00584961	0.00064912	0.0248232	0.00784767	0.00879762	0.0197082
160	D	2.70728	0.00685645	0.0170752	0.467381	0.221141	0.0108863	0.0281571	0.00530035	0.0609194	0.00497687	0.0073771	0.00581158	0.00545049	0.00797108	0.0219608	0.00762547	0.0126115	0.0149178	0.0207256	0.0349008	0.00552282	0.0324317
161	P	3.41848	0.0466475	0.0231732	0.00978043	0.0205194	0.015576	0.208823	0.00765298	0.0162722	0.0536836	0.0427501	0.0270327	0.00784175	0.314271	0.0296586	0.03019	0.0472893	0.0262028	0.0183036	0.0220703	0.00258138	0.0296806
162	R	2.78766	0.00133195	0.00773184	0.00653183	0.0105988	0.0395654	0.0102387	0.0360294	0.0688248	0.00862451	0.0270669	0.0111593	0.0374332	0.0357431	0.00855743	0.494079	0.0070358	0.00627765	0.0106989	0.0115932	0.0130498	0.147828
163	M	2.80899	0.0419023	0.0272089	0.00876515	0.0111607	0.00462916	0.0199681	0.00184678	0.0228918	0.00223864	0.0013291	0.157817	0.0117372	0.0053864	0.0113608	0.00356277	0.0125159	0.32216	0.288059	0.0125532	0.0042035	0.0287037
164	C	2.97564	0.00773739	0.132719	0.00337773	0.00462474	0.00407856	0.00159601	0.0047722	0.0398084	0.0153324	0.00714642	0.294576	0.00740603	0.00953486	0.0221906	0.00683325	0.103689	0.00984649	0.252673	0.00257229	0.0172003	0.0522852
165	S	3.20517	0.23064	0.0303321	0.0021315	0.0391075	0.0147323	0.0540699	0.00383496	0.0916356	0.00811621	0.0153047	0.00862336	0.0842942	0.0266537	0.0240546	0.00529138	0.298606	0.0335736	0.000997759	0.00860907	0.00545734	0.0139338
166	L	2.18378	0.0103495	0.01476	0.000267653	0.332318	0.000678806	0.00442485	0.00648965	0.0312145	0.0113664	0.0776142	0.0158027	0.00154433	0.00203626	0.453154	0.00154471	0.0250116	0.00328415	0.000893763	0.00133666	0.00156442	0.00434401
167	M	2.94692	0.0120855	0.0665317	0.0311939	0.0116365	0.0121577	0.0171083	0.00471401	0.0291494	0.0311209	0.097986	0.454974	0.00472475	0.00332626	0.0149723	0.00869848	0.00628063	0.0105512	0.0419669	0.00688641	0.0112478	0.122687
168	Q	3.13786	0.0202166	0.0407302	0.00395326	0.0100849	0.0202523	0.0248218	0.0288905	0.0378684	0.0363157	0.0124417	0.0278978	0.0170352	0.0248097	0.443707	0.022397	0.0630077	0.00716617	0.0179966	0.0111059	0.00543406	0.123868
169	G	3.37291	0.0873547	0.0192352	0.0116333	0.00377012	0.0449987	0.347089	0.00986239	0.127352	0.088457	0.00983585	0.0236315	0.0346663	0.00897877	0.00441067	0.0356265	0.0242372	0.0340491	0.00930242	0.0180044	0.00957918	0.0479258
170	S	3.22657	0.0207438	0.00705759	0.0625876	0.00863721	0.00920061	0.0340624	0.030607	0.00400192	0.0110474	0.0279029	0.0187156	0.00857287	0.0263762	0.0667502	0.0235794	0.399237	0.13443	0.0573935	0.0318827	0.0042525	0.0129614
171	T	3.3184	0.00544013	0.107161	0.0111247	0.0132822	0.00937802	0.0104375	0.0457419	0.0318638	0.0097864	0.0168569	0.110858	0.0566935	0.00583628	0.032386	0.0192635	0.0226287	0.373169	0.0560472	0.00714022	0.0185667	0.0363383
172	L	3.14182	0.277098	0.0325179	0.00183194	0.0308984	0.00600512	0.00453959	0.0371684	0.0606066	0.00760788	0.292061	0.00463765	0.0221446	0.0080279	0.0443876	0.0237969	0.0736931	0.0176999	0.00713907	0.00615036	0.0023757	0.0396123
173	P	2.95479	0.0950691	0.00158164	0.0166893	0.000801078	0.00295912	0.010132	0.00269532	0.0309359	0.0136148	0.00589279	0.00244127	0.0297852	0.22962	0.346173	0.00421886	0.0171784	0.0246665	0.0123435	0.00541358	0.0446036	0.103185
174	R	2.71213	0.0035719	0.00364139	0.0226772	0.0076533	0.00125965	0.00297113	0.00203349	0.0346916	0.00684054	0.00691311	0.0191975	0.235131	0.0151324	0.0478329	0.443433	0.00667291	0.0322984	0.0125186	0.0125498	0.0205455	0.0624353
175	R	2.55403	0.0113628	0.00993389	0.0167573	0.0371648	0.0176868	0.00687926	0.00744477	0.00980573	0.0167012	0.0206233	0.0381334	0.0286077	0.0148012	0.00771015	0.589718	0.0992482	0.0101106	0.015786	0.0270513	0.00968639	0.004787
176	S	2.74582	0.011575	0.0174686	0.0069175	0.0106249	0.0096415	0.0230769	0.00598639	0.174356	0.00584595	0.00508667	0.0256196	0.0160309	0.0100231	0.0230638	0.0794145	0.48941	0.0106633	0.0212901	0.00724352	0.00792224	0.0387391
