#SITE	WT_AA	SITE_ENTROPY	PI_A	PI_C	PI_D	PI_E	PI_F	PI_G	PI_H	PI_I	PI_K	PI_L	PI_M	PI_N	PI_P	PI_Q	PI_R	PI_S	PI_T	PI_V	PI_W	PI_Y	PI_*
1	M	3.61972	0.0253148	0.0293463	0.0346291	0.0311865	0.0314181	0.0219459	0.0748488	0.0113266	0.0359602	0.0396213	0.361536	0.037681	0.0198956	0.031889	0.0249223	0.0160803	0.0292095	0.0135479	0.0442024	0.0546471	0.0307908
2	A	1.50552	0.805395	0.0070176	0.00940653	0.0160648	0.0122759	0.00824113	0.00588556	0.0104437	0.0101745	0.00290102	0.028836	0.0066692	0.00163724	0.00756564	0.00881157	0.004097	0.00518059	0.014971	0.0171316	0.0100105	0.00728346
3	S	2.36853	0.0271574	0.00135234	0.00287317	0.00127058	0.0613788	0.0008187	0.00762772	0.0032842	0.0020786	0.529866	0.00476528	0.00115308	0.00221122	0.065646	0.00428778	0.111827	0.0137095	0.0195232	0.00399526	0.134364	0.00080983
4	Q	3.38946	0.0156466	0.015655	0.00313035	0.00586238	0.112313	0.00961756	0.0588131	0.223284	0.00683662	0.0512577	0.0490194	0.143235	9.03478e-05	0.00723288	3.62932e-05	0.11436	0.0293912	0.00733152	0.13119	0.00905285	0.00664403
5	G	3.3618	0.0167964	0.0498747	0.0640457	0.00766044	0.00328302	0.189209	0.0518992	0.0197439	0.0904487	0.00131524	0.00765912	0.0340972	0.0526245	0.0021729	0.0389194	0.288563	0.0435254	0.00211798	0.0194734	0.0135052	0.00306597
6	T	1.77953	0.00723084	0.00629478	0.0110997	0.0112295	0.0079224	0.00318932	0.0278854	0.011522	0.0165508	0.00647616	0.0207439	0.012839	0.0335056	0.0231534	0.00479742	0.00552126	0.756801	0.00610433	0.016376	0.00495023	0.00580736
7	K	1.4814	0.00279945	0.00608511	0.0056764	0.0114648	0.00636891	0.00298692	0.00645478	0.00387802	0.784044	0.00340394	0.0101644	0.0863643	0.00467306	0.0135096	0.00411529	0.00203324	0.0065583	0.002461	0.0165719	0.00736465	0.0130218
8	R	1.98982	0.0043087	0.0182678	0.0105661	0.00991272	0.00790304	0.0619491	0.0130743	0.00671725	0.00532403	0.00556917	0.010549	0.00749044	0.00988169	0.00502075	0.706488	0.00356134	0.014716	0.0163063	0.0528138	0.0172825	0.0122977
9	S	2.46542	0.28011	0.000586301	0.0102004	0.00027734	0.00732742	0.00621436	0.00352668	0.000262013	0.000638427	0.293668	0.101281	0.0010542	0.000446344	0.00146104	0.00118142	0.0632128	0.00994848	0.00225692	0.212768	0.00322997	0.000348855
10	Y	2.34833	0.0168841	0.00110283	0.000887994	0.00131229	0.0112771	0.00131289	0.507554	0.248734	0.00397814	0.0186989	0.0249313	0.00519187	0.00329534	0.0264796	0.000776511	0.0241059	0.0124982	0.0212187	0.000573029	0.054998	0.0141895
11	E	2.9936	0.00656073	0.147382	0.0187251	0.443517	0.00861674	0.0769361	0.0155887	0.00402246	0.0512483	0.00792406	0.00855998	0.0208959	0.00659982	0.0146365	0.0143576	0.0193902	0.0362409	0.059868	0.019806	0.00736598	0.0117584
12	Q	2.88584	0.00209386	0.0110254	0.000170356	0.00755421	0.0774874	0.000456452	0.122276	0.00283804	0.148973	0.00866773	0.0807664	0.042563	0.00236151	0.0158089	0.377657	0.0750797	0.00118979	0.00359291	0.00385629	0.0139992	0.00158322
13	M	2.59299	0.0405131	0.00351664	0.161997	0.203213	0.00542364	0.00489824	0.0041231	0.0371081	0.00447884	0.0015329	0.416887	0.0021628	0.00123558	0.00980481	0.00163325	0.00311332	0.00635064	0.0535375	0.0322867	0.00280524	0.00337891
14	E	2.849	0.00438435	0.0199363	0.0703653	0.438454	0.0105557	0.00283767	0.0127443	0.023573	0.171567	0.0078259	0.0183724	0.106691	0.000587249	0.0339012	0.0120529	0.00510683	0.00620429	0.00955774	0.0190476	0.0166686	0.009566
15	T	2.54802	0.00325656	0.00903626	0.00550687	0.0188291	0.0127474	0.0043079	0.0379534	0.0240985	0.00511999	0.364879	0.0164353	0.079029	0.00143219	0.0108259	0.00308597	0.00583649	0.360353	0.00735961	0.0155732	0.00848374	0.00585033
16	D	3.00997	0.0282518	0.00691643	0.300493	0.0818047	0.0141356	0.237895	0.00812872	0.00454211	0.00480709	0.00399274	0.0138504	0.0100713	0.00187417	0.00957853	0.151003	0.0465518	0.00213861	0.0026264	0.0149893	0.0111702	0.0451801
17	G	3.03999	0.243794	0.0102592	0.00371561	0.0233234	0.00451688	0.329649	0.0120299	0.00524247	0.0354576	0.00641271	0.0294254	0.0165489	0.0837632	0.0343721	0.00706768	0.00572509	0.020447	0.103509	0.0171933	0.00317406	0.00437325
18	E	3.17578	0.013836	0.00482486	0.197894	0.181377	0.0186824	0.0146336	0.00508839	0.0049728	0.0223258	0.273047	0.0143147	0.030611	0.0221288	0.0149536	0.00148451	0.0100356	0.0116283	0.0901624	0.00709345	0.0577137	0.00319188
19	R	2.77108	0.0125318	0.0153534	0.221232	0.00895532	0.00532701	0.00528231	0.0536129	0.00835257	0.00542901	0.00295608	0.0270152	0.0231282	0.00203483	0.00405706	0.351375	0.00327925	0.0239776	0.20405	0.0082415	0.00764165	0.00616753
20	Q	1.69348	0.0640695	0.00590158	0.0087638	0.0252327	0.0102749	0.00194288	0.00572978	0.00988173	0.00684395	0.0119445	0.00918133	0.00657431	0.0126893	0.761606	0.0129843	0.00230512	0.00498992	0.00438569	0.0180073	0.00891834	0.00777327
21	N	3.36069	0.0126332	0.00385743	0.0176794	0.0083603	0.00768844	0.0124747	0.091137	0.00425625	0.0134516	0.145779	0.010819	0.304694	0.0347055	0.0324342	0.0758173	0.0949877	0.0181134	0.0824706	0.00701302	0.0119757	0.00965176
22	A	3.07799	0.312073	0.0226132	0.00239306	0.00576739	0.0337544	0.00644745	0.011116	0.00206497	0.117106	0.00137048	0.00462456	0.000958816	0.0168776	0.0330501	0.210829	0.118087	0.0456594	0.0138098	0.0170837	0.0129482	0.0113659
23	T	3.38653	0.27758	0.0251583	0.00335891	0.00193099	0.204755	0.0384603	0.0551943	0.00230716	0.007655	0.0402273	0.00870395	0.0182254	0.00659732	0.0414731	0.0505991	0.089046	0.053383	0.017745	0.0151907	0.0410813	0.00132846
24	E	2.99954	0.0412711	0.012501	0.0117612	0.478171	0.0139042	0.0108072	0.0129872	0.0786331	0.0174928	0.00738404	0.0447466	0.00472441	0.0496953	0.0860239	0.0286188	0.0135314	0.00991481	0.044334	0.0050002	0.0142089	0.0142891
25	I	2.64348	0.00419514	0.00606019	0.00773885	0.0257546	0.0288709	0.0150348	0.0202574	0.435269	0.00728973	0.00990423	0.0420257	0.0119862	0.00416232	0.0046105	0.00166906	0.0356419	0.00378177	0.277134	0.0271536	0.00383076	0.0276291
26	R	2.6583	0.00706447	0.00217652	0.00738903	0.0299338	0.00607378	0.00796474	0.00298421	0.0136364	0.128187	0.15313	0.0103265	0.00546097	0.0102607	0.00746814	0.439345	0.00702809	0.00287199	0.00601275	0.00766285	0.134962	0.010061
27	A	2.87165	0.158487	0.00581868	0.012495	0.00162318	0.0258333	0.00700787	0.0639304	0.00280949	0.00281572	0.0570154	0.00374729	0.00245334	0.000548542	0.268134	0.146286	0.00400633	0.00491739	0.224619	0.0034751	0.00186397	0.00211373
28	S	3.28595	0.0366898	0.0364677	0.0049597	0.00728748	0.0973803	0.148912	0.0312908	0.00504562	0.0866301	0.011805	0.0182655	0.0534136	0.00719288	0.044414	0.0396534	0.337343	0.00570805	0.00570462	0.00692713	0.00507444	0.00983512
29	V	2.83117	0.0145643	0.0126886	0.00599124	0.00524352	0.0122889	0.00716268	0.00683256	0.144221	0.00683069	0.00513634	0.0102152	0.0140769	0.00195311	0.00556287	0.208375	0.0147112	0.0855484	0.380031	0.0432274	0.00384373	0.0114957
30	G	1.96495	0.061638	0.00116899	0.00158233	0.00152607	0.000530899	0.0733917	0.000361833	0.000840748	0.00113688	0.00389762	0.00584965	0.158953	0.0147506	0.615878	0.00285656	0.00263856	0.00761141	0.00114732	0.0296278	0.000438684	0.0141732
31	K	3.11138	0.00689655	0.0138909	0.00987847	0.0187728	0.00524006	0.0698041	0.0819689	0.0282571	0.405047	0.0202144	0.0496337	0.0200025	0.00546376	0.0281227	0.156275	0.0063154	0.0127041	0.0294143	0.009289	0.0182115	0.00459721
32	M	1.88563	0.00184085	0.00169361	0.00717781	0.00384154	0.0628474	0.00601006	0.00214967	0.0323985	0.00498138	0.00223418	0.271477	0.569236	0.00104915	0.00186645	0.00402518	0.00422991	0.00768552	0.00165161	0.00749085	0.00228388	0.00382883
33	I	2.89266	0.299991	0.240826	0.021909	0.00137032	0.00133033	0.00710843	0.000620785	0.0937767	0.0035507	0.00570216	0.0308693	0.00382208	0.000731242	0.00202268	0.00304971	0.0464545	0.123427	0.0851389	0.00164813	0.00172778	0.0249234
34	D	3.39318	0.0401579	0.082662	0.123618	0.249435	0.00747723	0.00943313	0.0880334	0.0392345	0.00499134	0.00832674	0.0312602	0.193064	0.00084487	0.0176594	0.0184361	0.0144015	0.0148298	0.0247476	0.0202564	0.0101829	0.000947952
35	G	3.12802	0.088051	0.00653857	0.00296996	0.00703783	0.0173114	0.327158	0.0735891	0.0144353	0.0186568	0.0186366	0.0119058	0.0292669	0.00582735	0.0143012	0.0187744	0.00633953	0.247138	0.0394393	0.0168222	0.0290804	0.00671989
36	I	2.64295	0.00195695	0.00734296	0.0158662	0.0152359	0.00803332	0.0126452	0.00123072	0.248573	0.00227295	0.0665288	0.00643669	0.00753446	0.00238704	0.0271393	0.0726832	0.0114137	0.434067	0.00405826	0.0157165	0.0350865	0.00379133
37	G	1.70353	0.0172329	0.00222209	0.00526691	0.0054549	0.002402	0.115394	0.0391097	0.00321819	0.00595812	0.00210179	0.023146	0.00228993	0.00506123	0.0027315	0.0218052	0.719817	0.00104757	0.0019427	0.0183715	0.00232274	0.00310367
38	R	3.50391	0.0137074	0.0392108	0.0123637	0.00973894	0.0602756	0.0836495	0.00951943	0.016866	0.0222352	0.0588262	0.0120532	0.0247981	0.0215582	0.101049	0.339094	0.00381391	0.0225149	0.00952645	0.039086	0.0420251	0.0580879
39	F	3.23151	0.0748444	0.222758	0.00347346	0.00895192	0.305407	0.00190189	0.00239232	0.0169055	0.0168891	0.0196135	0.041462	0.0345909	0.0212617	0.0295872	0.0083586	0.00838709	0.00664263	0.0899882	0.0202168	0.00707196	0.0592957
40	Y	3.09422	0.0361025	0.0097969	0.0741222	0.00882542	0.00794101	0.0246332	0.0197267	0.0355923	0.00928317	0.0138156	0.00794201	0.00504881	0.0509451	0.0277974	0.0195069	0.0238751	0.0114872	0.0557055	0.0544383	0.471821	0.0315932
41	I	3.21067	0.0394637	0.00382465	0.183662	0.00529464	0.00383098	0.100518	0.00740672	0.0507657	0.000434916	0.0083483	0.00230541	0.000705171	0.00539521	0.0567325	0.00797646	0.0753609	0.276675	0.0133468	0.1194	0.0313542	0.00719886
42	Q	2.47689	0.0104486	0.00756302	0.0147993	0.0131743	0.0326598	0.0171492	0.0141837	0.0106823	0.0105176	0.00958435	0.0176024	0.0212514	0.0505983	0.627728	0.0226857	0.00980329	0.00968806	0.0377999	0.0320196	0.0210644	0.0089969
43	M	3.56307	0.10075	0.0258725	0.00936885	0.0103938	0.00729241	0.0070556	0.0222806	0.0439486	0.0189889	0.0674858	0.306239	0.0909832	0.0300884	0.0172182	0.00655142	0.0341037	0.0334409	0.100131	0.0285944	0.0146264	0.0245859
44	C	3.42494	0.0410756	0.285284	0.0139244	0.0234059	0.0268971	0.244791	0.0267006	0.00919762	0.0117593	0.0433526	0.0487502	0.0280161	0.0359796	0.032934	0.00634085	0.00637693	0.026364	0.00980536	0.0157011	0.0255459	0.0377978
45	T	2.92817	0.00672779	0.00629173	0.0167426	0.0161328	0.0157299	0.00527143	0.00704981	0.0286337	0.0149392	0.0243419	0.0897442	0.115041	0.0326649	0.0140198	0.00371854	0.100966	0.456774	0.00592653	0.0173433	0.0132581	0.00868312
46	E	3.0481	0.00913874	0.0163311	0.0593503	0.458576	0.00720725	0.014452	0.00772052	0.0108047	0.0128585	0.0121433	0.0311024	0.0972372	0.0718256	0.0269569	0.00912758	0.0186069	0.0691084	0.00826734	0.0353427	0.00780742	0.0160348
47	L	3.10139	0.00435918	0.0142674	0.00865579	0.0114752	0.0247251	0.0107965	0.0216683	0.17584	0.0191542	0.309634	0.0164165	0.0283885	0.0114623	0.0195057	0.00530998	0.00527951	0.0644306	0.215846	0.0172305	0.00811034	0.00744462
48	K	3.34696	0.079181	0.0268679	0.0146064	0.0254942	0.0508187	0.0114328	0.0127987	0.0214877	0.392873	0.0309463	0.0480333	0.0330586	0.0155465	0.0127481	0.0196851	0.00733088	0.0238192	0.0275278	0.0238257	0.00653795	0.115381
49	L	3.45929	0.0198919	0.0606284	0.030166	0.0264651	0.0745705	0.0268823	0.00362329	0.12839	0.00821756	0.293763	0.00395896	0.0725212	0.0139513	0.0345711	0.0104353	0.0118196	0.0215032	0.126128	0.00330227	0.0152416	0.0139697
50	S	2.88503	0.435037	0.0244364	0.000386867	0.00458723	0.142061	0.0143506	0.0664578	0.00988782	0.00695468	0.0218113	0.125213	0.0141454	0.0485107	0.025579	0.00570478	0.0154991	0.0124306	0.00763581	0.000465199	0.0124473	0.00639781
51	D	2.32576	0.0216205	0.0233501	0.0153043	0.00639203	0.000654522	0.000773108	0.0682334	0.0159802	0.000950763	0.0163971	0.00184556	0.238583	0.00184826	0.504701	0.00159049	0.037242	0.00402429	0.0365565	0.00258636	0.000569729	0.000797423
52	Y	3.10536	0.236036	0.00776008	0.0127872	0.00289469	0.0130474	0.0758315	0.0252986	0.036832	0.00234594	0.00401807	0.0395455	0.0213771	0.00389425	0.00323303	0.00808037	0.0528952	0.162409	0.0202512	0.00172321	0.267056	0.00268334
53	E	3.29441	0.119278	0.0904482	0.0242279	0.168659	0.00530389	0.0109048	0.00100128	0.020664	0.00246397	0.00701974	0.00370724	0.0569555	0.00597967	0.132553	0.00498802	0.194643	0.127243	0.0101906	0.00179324	0.00794293	0.00403301
54	G	3.31931	0.0814181	0.0788514	0.120408	0.00491316	0.00307638	0.217654	0.00972944	0.0121206	0.0180836	0.011447	0.00603808	0.0177253	0.0116236	0.215681	0.0103144	0.117798	0.0101795	0.00163645	0.0232976	0.00580285	0.0222013
55	R	3.31038	0.0350118	0.00234075	0.0256706	0.00315782	0.0231142	0.00260364	0.146353	0.272899	0.0439951	0.0322607	0.01266	0.0162731	0.00974875	0.00441203	0.178411	0.00888562	0.0265127	0.0901378	0.00250307	0.0564619	0.00658703
56	L	2.61667	0.0104224	0.0464117	0.00527981	0.00407556	0.0020655	0.00849109	0.0037202	0.0203286	0.000598063	0.0566981	0.0427298	0.547581	0.015069	0.00773302	0.00287698	0.0333831	0.0463719	0.0162392	0.0175655	0.00908308	0.103277
57	I	2.41977	0.0889455	0.0112244	0.0101119	0.00596529	0.00390986	0.0243854	0.00745691	0.167094	0.00104619	0.0254239	0.00611567	0.0136342	0.0149633	0.00651095	0.0101669	0.0173656	0.0122755	0.550887	0.00227729	0.017137	0.00310382
58	Q	3.25991	0.0365943	0.00720737	0.116434	0.0126229	0.00604063	0.0325624	0.00731435	0.0170323	0.0676688	0.0117356	0.0103112	0.163166	0.0300116	0.348384	0.0217718	0.0128784	0.0454469	0.00480675	0.0109156	0.0111835	0.0259113
59	N	1.99747	0.00350277	0.00806266	0.0028264	0.0140154	0.0140073	0.0455326	0.00492854	0.00564698	0.0124729	0.00800377	0.00117702	0.185821	0.00526602	0.00195044	0.00750708	0.00733885	0.629446	0.00200406	0.0224186	0.00164915	0.0164217
60	S	3.31263	0.0203344	0.0690894	0.0173613	0.0106104	0.0165841	0.24487	0.0169713	0.0116835	0.00297339	0.0658511	0.00918662	0.0595213	0.00365184	0.0395939	0.00492946	0.262517	0.0783295	0.0426328	0.00944305	0.00631582	0.00754929
61	L	3.35323	0.0155557	0.00546332	0.00422629	0.00437034	0.0170931	0.161284	0.0639196	0.0113331	0.0085657	0.211377	0.00486043	0.0249964	0.0145574	0.0356929	0.0200096	0.0616279	0.0505715	0.236279	0.0121706	0.00313676	0.0329097
62	T	2.0602	0.0293083	0.00912925	0.00994405	0.00192043	0.00283189	0.0291279	0.00646686	0.0119961	0.00310905	0.00609195	0.00700721	0.65792	0.0162079	0.00243497	0.00083101	0.0345324	0.121944	0.0122907	0.00234632	0.00516088	0.0293988
63	I	2.53079	0.046167	0.0184859	0.0126376	0.00559382	0.0343009	0.00580264	0.0215281	0.16544	0.00198929	0.526545	0.00543514	0.011937	0.0063968	0.0110877	0.00826083	0.0160563	0.0813022	0.00486626	0.0075354	0.000225988	0.00840602
64	E	3.1647	0.013851	0.0299306	0.01553	0.452244	0.0443024	0.0865896	0.0208317	0.0610175	0.00877391	0.0302648	0.0432203	0.0367327	0.0155454	0.00668333	0.0237515	0.0455471	0.00434783	0.0179829	0.0124799	0.0240699	0.00630308
65	R	2.96962	0.00729873	0.0296848	0.00638492	0.0508884	0.00691319	0.0367465	0.00655367	0.00526453	0.0736566	0.00166517	0.019861	0.0179227	0.0433773	0.0172679	0.475764	0.0203798	0.00300857	0.0577577	0.0343185	0.00477519	0.080511
66	M	3.6703	0.0141544	0.0138132	0.077547	0.0338045	0.00855596	0.0261351	0.0752925	0.10632	0.116622	0.0104196	0.233535	0.0298576	0.00560793	0.105841	0.0301678	0.0096476	0.0398926	0.0247403	0.00979967	0.0201556	0.00809068
67	V	3.71015	0.179743	0.0179386	0.0252927	0.0215469	0.0228375	0.035729	0.029975	0.0281158	0.0440619	0.0126104	0.0927906	0.0325526	0.00521237	0.0229736	0.0103022	0.106477	0.00977833	0.158664	0.008876	0.126347	0.00817612
68	L	3.1533	0.0190536	0.049736	0.0133714	0.00583338	0.00606296	0.0235007	0.00972118	0.0290293	0.011411	0.127145	0.00363871	0.249607	0.00592164	0.129232	0.0113887	0.246103	0.00202152	0.00350286	0.0202508	0.0303182	0.00315036
69	S	2.57468	0.00853807	0.0553264	0.0372474	0.00581052	0.0152862	0.0387893	0.0191972	0.0093035	0.00735098	0.00948486	0.00911047	0.0133112	0.0153798	0.0408515	0.0135367	0.598656	0.00526544	0.0133461	0.0168055	0.0272541	0.0401491
70	A	2.95516	0.216462	0.0187996	0.0332715	0.00684717	0.00439391	0.220934	0.00234702	0.0018689	0.00267421	0.00726269	0.00811679	0.00218734	0.0236157	0.00228833	0.0283501	0.191027	0.189891	0.00175858	0.00812117	0.00828593	0.0214968
71	F	3.19989	0.0153967	0.00519493	0.182049	0.00476345	0.119006	0.0150136	0.00109964	0.0063786	0.116516	0.0230452	0.00806601	0.0100996	0.0039704	0.188166	0.183305	0.0051859	0.0020679	0.0322529	0.0753485	0.000506245	0.00256867
72	D	2.90201	0.023974	0.00651763	0.451031	0.0349817	0.0170111	0.00584123	0.011408	0.00748639	0.0140504	0.009576	0.0141236	0.0117372	0.0115936	0.0133768	0.169965	0.00534761	0.0795041	0.0644309	0.00995666	0.0102304	0.0278571
73	E	3.3176	0.00150341	0.00172215	0.0159861	0.0836491	0.00314733	0.0228108	0.0264915	0.107809	0.129935	0.136264	0.0052877	0.0035476	0.000871904	0.00886455	0.00312102	0.148673	0.104628	0.178385	0.00287413	0.00995511	0.00447398
74	R	2.45658	0.0748996	0.0136717	0.0119773	0.0355809	0.0111964	0.00512576	0.00965433	0.0101103	0.0309722	0.0144862	0.0270759	0.0134736	0.00545877	0.0187959	0.620525	0.030029	0.00998797	0.00597364	0.0154586	0.00967726	0.0258697
75	R	2.92795	0.00446633	0.0574517	0.152469	0.0191056	0.0128067	0.0130227	0.0858116	0.00782992	0.185395	0.00208453	0.0104536	0.0116013	0.00574428	0.0111326	0.356234	0.00615108	0.00298019	0.00230724	0.0451149	0.00307068	0.00476663
76	N	3.00837	0.044195	0.00932277	0.0294301	0.0456325	0.0230161	0.00233452	0.00359011	0.125684	0.0280544	0.00633241	0.00643321	0.140722	0.000625297	0.07477	0.00121077	0.0359196	0.00438177	0.02411	0.389303	0.00225969	0.00267256
77	K	2.77162	0.00515247	0.138659	0.00228655	0.00107868	0.00571141	0.024797	0.00143888	0.00419619	0.0509281	0.0114908	0.318219	0.283571	0.00149332	0.00660687	0.0659869	0.00634356	0.0179699	0.0424745	0.00892858	0.00150623	0.00116078
78	Y	2.69586	0.019529	0.0105048	0.00952902	0.00476829	0.0326237	0.00303875	0.283999	0.020816	0.00205482	0.00132333	0.00410679	0.0445716	0.00347504	0.00524177	0.0124037	0.00498786	0.00448567	0.240975	0.00671286	0.276578	0.00827416
79	L	2.79735	0.00261221	0.0215016	0.00422432	0.0711622	0.00634315	0.00657389	0.0408303	0.127185	0.00733082	0.491444	0.0615299	0.00392528	0.0196245	0.0225263	0.00586641	0.00843734	0.0130554	0.0163699	0.0127128	0.00546255	0.051282
80	E	3.11694	0.010286	0.00402153	0.0362275	0.366063	0.231064	0.0179235	0.0269117	0.0290629	0.030209	0.00530049	0.0142116	0.017657	0.00498947	0.0382114	0.00777625	0.0280253	0.00888082	0.0338279	0.0276875	0.0591647	0.00249807
81	E	2.97892	0.0140161	0.00275926	0.0537629	0.490886	0.0190717	0.0201186	0.0215598	0.0124605	0.0156669	0.0313422	0.0431608	0.0901475	0.00587486	0.0170987	0.0183157	0.0356962	0.0507263	0.0381418	0.00717549	0.00661457	0.00540469
82	H	3.35203	0.0130328	0.283014	0.0043685	0.00636921	0.0257558	0.00213735	0.177475	0.00987529	0.0148841	0.00688205	0.117361	0.0746923	0.00445961	0.0285743	0.0285018	0.0388317	0.0545214	0.0390444	0.0626906	0.00659295	0.000935283
83	P	3.23233	0.0645466	0.0123837	0.0038283	0.0170816	0.0180826	0.00821542	0.0760532	0.0101511	0.00497878	0.00631489	0.00720559	0.0334672	0.263541	0.274862	0.00911746	0.0512384	0.00771942	0.0398718	0.0262912	0.00409716	0.0609528
84	S	2.02387	0.652447	0.00456428	0.000115503	0.000880559	0.00112034	0.0423674	0.0290679	0.00213528	0.0058025	0.00549515	0.110076	0.0284718	0.00261295	0.0153336	0.00550354	0.0511908	0.0320112	0.00481778	0.00385174	0.000724086	0.00141082
85	A	3.49969	0.21827	0.00314765	0.00588417	0.0277721	0.0103095	0.0464472	0.0190069	0.00369526	0.0242939	0.0502463	0.0517263	0.145142	0.0314143	0.00585606	0.068266	0.0575231	0.187463	0.0213764	0.00401521	0.00340874	0.0147351
86	G	3.20717	0.0106795	0.00442898	0.00318943	0.0155269	0.00215249	0.198699	0.0543277	0.00590033	0.0140639	0.0417271	0.00666707	0.136392	0.00661378	0.093876	0.0398473	0.291423	0.0144848	0.020503	0.00794547	0.0254089	0.00614263
87	K	2.66294	0.0108593	0.055362	0.00616721	0.0626335	0.00285685	0.00450102	0.0190475	0.0161774	0.534416	0.00390308	0.0233745	0.0220844	0.00779402	0.0117402	0.0160225	0.0247122	0.0036241	0.0348359	0.012867	0.00370317	0.123318
88	D	2.98985	0.00788778	0.0863012	0.453281	0.0605683	0.044357	0.0272816	0.0120463	0.0481065	0.00638924	0.0125525	0.0107501	0.0400772	0.00180784	0.00846293	0.00735103	0.0320542	0.0140144	0.0124941	0.00261084	0.00510347	0.106502
89	P	3.39232	0.103787	0.0652793	0.00416176	0.0108184	0.0470754	0.0245799	0.00437232	0.0105147	0.000295179	0.0266976	0.00886537	0.0141396	0.200486	0.00267545	0.00749642	0.00868727	0.00602124	0.177665	0.130202	0.0199439	0.126236
90	K	2.7981	0.00563155	0.00360854	0.000874071	0.000728571	0.00301714	0.00673758	0.0804966	0.0201325	0.0763059	0.0470161	0.00710069	0.435764	0.000341793	0.110062	0.118164	0.0106074	0.0468279	0.00530805	0.018487	0.000475052	0.0023137
91	K	1.99412	0.00359736	0.00236764	0.00731231	0.00633453	0.00333651	0.00361578	0.0382443	0.00321969	0.403926	0.00260594	0.00481214	0.0211422	0.00264105	0.0036647	0.00610362	0.0051629	0.00982697	0.00274258	0.0164416	0.00459566	0.448307
92	T	2.68904	0.0126616	0.010253	0.0153797	0.00781997	0.0694863	0.00876349	0.00507206	0.0165157	0.00445075	0.0137134	0.0517985	0.1044	0.017006	0.00747697	0.00323021	0.0107532	0.536849	0.00408642	0.0392008	0.0200121	0.0410706
93	G	2.83702	0.00266783	0.00754886	0.00708507	0.0301648	0.0118364	0.399679	0.00557318	0.0152636	0.015337	0.00597041	0.0751086	0.011579	0.00276977	0.221182	0.00309244	0.00318494	0.0145143	0.00453626	0.0354342	0.02833	0.099142
94	G	2.71368	0.00611943	0.0340579	0.0150112	0.0489217	0.00773068	0.289548	0.0337614	0.013617	0.0108285	0.0305624	0.0141228	0.00611697	0.00454062	0.00482168	0.00895299	0.0100259	0.00640634	0.00418168	0.0275477	0.0110003	0.412124
95	P	3.09375	0.00793478	0.00985736	0.0120224	0.0079482	0.0343007	0.365649	0.0218081	0.00785541	0.0217095	0.00695677	0.012997	0.0284979	0.240835	0.0223808	0.0235918	0.0118393	0.00931506	0.072724	0.0260657	0.012292	0.0434195
96	I	3.31129	0.0114275	0.0839591	0.00441573	0.0148846	0.0631599	0.00238896	0.00682023	0.200915	0.0162462	0.0401593	0.0437558	0.0163952	0.0180717	0.00748822	0.00723521	0.0110816	0.0250062	0.30987	0.0090629	0.0672163	0.0404403
97	Y	3.46821	0.0275101	0.00980595	0.00670082	0.016137	0.135601	0.00346114	0.014532	0.0506871	0.056316	0.0385886	0.0193824	0.0203881	0.0115916	0.0381697	0.0250897	0.0254861	0.0167354	0.0936097	0.00914697	0.330067	0.0509944
98	K	3.57075	0.0291818	0.0236985	0.00698035	0.00430797	0.00222717	0.00306666	0.0555624	0.0174389	0.168579	0.113134	0.0417105	0.117001	0.00318541	0.0130421	0.171545	0.102575	0.028455	0.0646944	0.0151657	0.0166789	0.00176928
99	R	2.41163	0.0014349	0.00691445	0.0163541	0.0230903	0.00372152	0.0101983	0.0111706	0.00469386	0.245448	0.0102411	0.00885608	0.00447536	0.00343627	0.002592	0.229348	0.00611744	0.392236	0.00153426	0.00383303	0.00752955	0.00677412
100	V	2.05834	0.112084	0.0119867	0.00306653	0.00550916	0.000170788	0.00689086	0.0179206	0.0332767	0.00287347	0.666001	0.00177162	0.0110584	0.0191126	0.0108659	0.0158402	0.0119782	0.0235777	0.0330752	0.00577702	0.000875579	0.00628771
101	D	3.56309	0.0414412	0.0161636	0.298524	0.0289285	0.00519652	0.00495166	0.0252703	0.0755455	0.00654752	0.0474105	0.00916116	0.0780211	0.0814126	0.0147075	0.020295	0.0851885	0.0816656	0.0462635	0.00822044	0.00514822	0.0199373
102	R	3.19268	0.00153753	0.00637408	0.00441885	0.00473377	0.0112679	0.0160607	0.00802174	0.0143546	0.147691	0.0199493	0.0148032	0.00952329	0.0196976	0.0423389	0.325394	0.158842	0.00354689	0.016582	0.0329273	0.0489429	0.0929921
103	K	2.50343	0.0161098	0.0173779	0.00834531	0.0170269	0.010367	0.00572043	0.0105114	0.00267465	0.114318	0.0105503	0.0372244	0.580444	0.00415809	0.00608646	0.030323	0.0510294	0.0367069	0.0204469	0.00861013	0.00421695	0.00775219
104	W	2.83671	0.0029622	0.0116971	0.00627341	0.012748	0.104773	0.00800804	0.00538973	0.0219774	0.0144332	0.0172773	0.0114316	0.00412591	0.0187793	0.00361772	0.0217231	0.0114439	0.0619068	0.0154615	0.36062	0.00514033	0.280211
105	M	3.26832	0.00743217	0.00383185	0.0710931	0.00805265	0.3489	0.0212973	0.0305851	0.018654	0.00906115	0.0188492	0.129603	0.000720556	0.0157745	0.0153426	0.00967833	0.0780647	0.00319772	0.0648089	0.0309452	0.101983	0.0121245
106	R	3.09048	0.0230574	0.0120483	0.0170287	0.0758793	0.00689827	0.0381329	0.0157958	0.00757433	0.0218133	0.0102736	0.0294019	0.0142587	0.00294314	0.0248059	0.469042	0.0311262	0.0273196	0.0921014	0.028916	0.0230843	0.028499
107	E	3.17394	0.00853833	0.0582837	0.120787	0.43203	0.023821	0.00827454	0.0112475	0.0134826	0.0332708	0.00812318	0.0507557	0.0421556	0.0466701	0.0285871	0.0147598	0.00633144	0.0128063	0.0337034	0.019761	0.0126739	0.013937
108	L	3.16128	0.0289451	0.00864559	0.012732	0.0135087	0.0446529	0.0379593	0.0232611	0.0302658	0.0212583	0.470699	0.0315788	0.0127599	0.0588652	0.0130266	0.0244271	0.0378979	0.0671627	0.0171732	0.0222318	0.0106626	0.0122867
109	V	3.46536	0.0167242	0.0400031	0.010124	0.173136	0.0228031	0.0157035	0.00630312	0.130841	0.0535433	0.0209185	0.0132827	0.00683473	0.000953377	0.0337099	0.00946427	0.0688353	0.0406528	0.254603	0.0065061	0.00614684	0.0689103
110	L	2.39009	0.00462964	0.0129699	0.00862192	0.00903647	0.0254369	0.00524464	0.00761056	0.0495562	0.0119536	0.637841	0.0198337	0.0396365	0.00825091	0.00767285	0.0187794	0.0324607	0.0125887	0.0152632	0.0342439	0.00629046	0.0320786
111	Y	1.71404	0.000906538	0.00125714	0.00214024	0.000509393	0.0190773	0.00127953	0.0138651	0.000432217	0.00216244	0.0479456	0.0513494	0.0181281	0.00347384	0.0040152	9.8907e-05	0.00129167	0.721761	0.0421987	0.00109272	0.0624422	0.00457312
112	D	2.93743	0.018034	0.0099983	0.256148	0.0944874	0.00560621	0.0114836	0.0100498	0.00251964	0.00465024	0.11229	0.00817835	0.260946	0.00253349	0.00638768	0.0054658	0.00751448	0.00375786	0.00253173	0.00474031	0.150429	0.0222493
113	K	2.71483	0.00265288	0.00857859	0.0120584	0.0576639	0.0306913	0.00336782	0.0416888	0.0122082	0.529688	0.019024	0.00997565	0.0286802	0.00662289	0.124714	0.0293412	0.00412165	0.00604501	0.0099337	0.0255283	0.0113836	0.0260316
114	E	2.69756	0.00253869	0.00351556	0.0765224	0.177608	0.00231818	0.0158454	0.00893377	0.012844	0.105287	0.00185962	0.0122985	0.00657165	0.00322887	0.0324786	0.0026155	0.002029	0.00723055	0.00174876	0.443513	0.0233152	0.0576972
115	E	2.8909	0.0260635	0.0353588	0.0256617	0.509887	0.014403	0.00746252	0.00836475	0.0894742	0.0350682	0.0609476	0.0120142	0.0234768	0.00511819	0.00950155	0.0408901	0.00830071	0.04793	0.0138122	0.0112608	0.00663288	0.00837188
116	I	3.20783	0.0650848	0.0892641	0.00448223	0.00442447	0.0190464	0.0308151	0.027269	0.407859	0.0381546	0.0212944	0.00885504	0.0429603	0.0179883	0.00691474	0.0128752	0.00924764	0.117523	0.0228196	0.00882908	0.0141178	0.0301756
117	R	3.42724	0.00225926	0.0226226	0.00205804	0.00724212	0.032292	0.00281142	0.0511242	0.00994052	0.0718509	0.20519	0.013457	0.0202424	0.00223063	0.0480642	0.0862302	0.00719402	0.144687	0.0868244	0.00240474	0.174454	0.00682052
118	R	3.29596	0.0184692	0.0520676	0.0192695	0.0171612	0.0087102	0.0444031	0.0344759	0.0294481	0.0133759	0.00606377	0.0200869	0.010606	0.0267627	0.0588404	0.41355	0.00825232	0.00850168	0.0183181	0.0331111	0.072397	0.0861293
119	I	3.27495	0.00768344	0.0493896	0.0424657	0.0330458	0.0214708	0.021588	0.0147391	0.450732	0.0149717	0.0140684	0.0344681	0.0466612	0.0451933	0.0321295	0.0164501	0.0468705	0.0150526	0.0117641	0.0323772	0.0202966	0.0285824
120	W	3.06469	0.00479417	0.0261317	0.0121432	0.00795794	0.0777881	0.0468355	0.0110618	0.0098571	0.0120508	0.00710166	0.115554	0.0367523	0.0194387	0.0332281	0.00751002	0.0214304	0.0143067	0.0444824	0.454319	0.0188282	0.0184287
121	R	3.04359	0.00969193	0.0219709	0.0100027	0.016247	0.0344511	0.00724903	0.0327362	0.0028989	0.00758053	0.269336	0.00860746	0.0487385	0.00316411	0.0527478	0.348894	0.0155959	0.0353244	0.010332	0.00884786	0.0183104	0.037273
122	Q	1.55117	0.000338889	0.00449819	0.00274471	0.00362887	0.0127452	0.00310593	0.0150404	0.732142	0.00271256	0.121671	0.0109446	0.00181203	0.00182656	0.0637221	0.00293005	0.00106641	0.00413948	0.00686859	0.00324875	0.00458617	0.000227534
123	A	3.26532	0.287981	0.0358925	0.0107582	0.00320048	0.0156369	0.0839849	0.00305345	0.00382085	0.0030793	0.0620314	0.026328	0.0129446	0.0105825	0.0146493	0.140248	0.170903	0.061775	0.0378735	0.00488745	0.00524463	0.00512597
124	N	3.07345	0.00150749	0.12752	0.00772142	0.0331902	0.0387945	0.0027016	0.0334152	0.0294392	0.0128567	0.00606009	0.00978602	0.234719	0.00574154	0.0364959	0.00769898	0.313609	0.00759668	0.000435146	0.00466987	0.0206585	0.0653829
125	N	3.41981	0.0264859	0.0352195	0.00201551	0.00241736	0.0268513	0.0530126	0.012962	0.0692782	0.0249869	0.101758	0.0225403	0.308985	0.0048342	0.00389127	0.0195804	0.0644997	0.00240623	0.0331594	0.0107987	0.0300105	0.144307
126	G	3.28416	0.0515089	0.0035245	0.00603031	0.0032452	0.00170563	0.271178	0.0253841	0.00491013	0.0106684	0.159464	0.0921173	0.0153262	0.0172247	0.0187938	0.0987156	0.0323605	0.142037	0.0168748	0.0255912	0.00107143	0.0022694
127	D	3.70234	0.14042	0.0437215	0.0729707	0.00813889	0.0224522	0.139799	8.37663e-05	0.1672	0.000488069	0.0445223	0.00673238	0.0372709	0.0802135	0.0213264	0.0834571	0.00794885	0.0246312	0.0542966	0.0133954	0.0200071	0.0109251
128	D	3.24591	0.118028	0.0299403	0.0420639	0.0693708	0.0603949	0.00259385	0.0762119	0.00772657	0.0149454	0.0162346	0.00670765	0.0181168	0.0146992	0.0115572	0.00473872	0.0313949	0.0588588	0.0375861	0.000190433	0.376623	0.00201658
129	A	3.59477	0.25756	0.0178256	0.0066294	0.0133386	0.0484881	0.086396	0.0484011	0.00581924	0.016859	0.0557821	0.016746	0.0527689	0.00733487	0.00936368	0.0603748	0.0243056	0.143917	0.0919536	0.00736046	0.00620828	0.0225684
130	T	2.98078	0.00508699	0.00479237	0.0113772	0.00801196	0.00638451	0.00398441	0.0536707	0.00307229	0.336966	0.0245595	0.0109902	0.0123983	0.0506957	0.014242	0.0502306	0.05232	0.275847	0.0534836	0.0101443	0.00892553	0.00281686
131	A	2.98552	0.296461	0.0753719	0.0196351	0.00705835	0.00800295	0.0144626	0.0631096	0.00540268	0.00569627	0.00232389	0.00781922	0.00912515	0.274788	0.0148741	0.00244519	0.123922	0.00399873	0.0123821	0.0268806	0.0195071	0.00673481
132	G	2.9483	0.019151	0.0176194	0.0259244	0.00681873	0.00655555	0.468736	0.00673694	0.078241	0.00817704	0.0513878	0.08624	0.0278633	0.00463436	0.0587199	0.00669809	0.0792943	0.0079531	0.00943786	0.011519	0.00520668	0.013086
133	L	3.27824	0.0235835	0.00556289	0.032589	0.00685477	0.00722903	0.00619062	0.00574583	0.152892	0.211042	0.262613	0.101477	0.0278366	0.0125882	0.0404276	0.00635039	0.0121637	0.016851	0.0241034	0.0156204	0.0116695	0.016609
134	T	2.73072	0.0163965	0.122249	0.0281294	0.0043482	0.0454369	0.00507312	0.00394509	0.00947644	0.00380914	0.00409115	0.0156605	0.0159217	0.0151534	0.0224078	0.000915923	0.0268158	0.485237	0.135897	0.0242049	0.00948576	0.00534537
135	H	2.9945	0.0383293	0.00449744	0.0189103	0.0206118	0.00289779	0.0660869	0.490866	0.0186208	0.0379502	0.0318127	0.00641063	0.00801995	0.0417634	0.0767025	0.0442142	0.0205752	0.0102488	0.0158678	0.00660267	0.0166639	0.0223477
136	M	2.52163	0.251449	0.0311457	0.00197447	0.00412828	0.0061781	0.00286984	0.00111813	0.188567	0.0025194	0.0316532	0.0363556	0.00230365	0.00171142	0.375172	0.00182574	0.00256281	0.0335574	0.0201137	0.00117139	0.00104904	0.00257537
137	M	2.41596	0.0354819	0.0126771	0.00668038	0.00517951	0.0134208	0.00373855	0.0184334	0.0425269	0.0204604	0.0190927	0.622353	0.00857895	0.028034	0.0142202	0.00216883	0.00266387	0.071043	0.00678988	0.0199948	0.0304603	0.0160014
138	I	2.99697	0.0234601	0.0105507	0.010293	0.0104978	0.021378	0.043565	0.0118478	0.473632	0.00473835	0.0649176	0.0405718	0.0436459	0.0303646	0.00440373	0.00677201	0.00648686	0.00979367	0.0134601	0.0992785	0.0144334	0.055909
139	W	3.6015	0.0190381	0.026975	0.00754301	0.0176325	0.021956	0.0114938	0.169842	0.00628358	0.0150098	0.0386046	0.0462158	0.0194699	0.00496837	0.07645	0.0312574	0.0287536	0.0294671	0.00589482	0.247045	0.0793547	0.0967449
140	H	3.50023	0.00467553	0.0166688	0.0226595	0.0175329	0.00577576	0.0512651	0.298335	0.017335	0.00863509	0.0286858	0.084816	0.0916206	0.014783	0.150994	0.00948724	0.0207951	0.0289367	0.0643444	0.0242898	0.0249245	0.01344
141	S	3.16011	0.010452	0.0225764	0.0185839	0.0111502	0.0259818	0.0709219	0.00991773	0.0857396	0.0126698	0.0117474	0.0649913	0.0229047	0.041045	0.0175511	0.00621451	0.450727	0.0304154	0.0125992	0.0237867	0.0138338	0.0361908
142	N	3.19483	0.0055519	0.0475997	0.0176412	0.00809491	0.0232085	0.0277108	0.0139841	0.0146963	0.0547083	0.0140838	0.0373829	0.418047	0.136746	0.00892304	0.0192642	0.0125329	0.0159422	0.0257508	0.0158666	0.0673084	0.0149569
143	L	3.04611	0.00150798	0.00286059	0.00666489	0.00657355	0.0142986	0.0911467	0.0171939	0.341045	0.00312618	0.245927	0.0471038	0.0213801	0.0119233	0.00635189	0.00428475	0.0233039	0.0631888	0.0137787	0.020635	0.0331157	0.0245903
144	N	2.8453	0.0609083	0.074262	0.0113786	0.0401347	0.0122097	0.00901404	0.0101804	0.0712149	0.017667	0.00630911	0.0174395	0.487148	0.00436525	0.00607105	0.00386641	0.0122897	0.109202	0.00560513	0.0203916	0.0123901	0.00795264
145	D	2.96398	0.0423889	0.00890949	0.281829	0.024362	0.00831353	0.324625	0.0218508	0.0110291	0.0230338	0.00263991	0.048096	0.0129762	0.00447231	0.00589209	0.00632029	0.00575645	0.1097	0.00288175	0.0122365	0.0105791	0.0321081
146	T	2.85429	0.0638188	0.0121784	0.0103464	0.00963213	0.017753	0.0132923	0.00871527	0.0202454	0.0522085	0.00563263	0.0294808	0.0292389	0.00449522	0.035236	0.0155089	0.0347258	0.538916	0.027856	0.0226917	0.0337124	0.0143158
147	T	3.01729	0.00443194	0.216427	0.0180998	0.00595756	0.0229741	0.00637691	0.0667917	0.00991096	0.0350261	0.00311111	0.0182355	0.0274699	0.00365017	0.0223152	0.00362282	0.00440469	0.353302	0.128048	0.00792995	0.0231925	0.0187226
148	Y	2.63257	0.00329512	0.0137577	0.0348484	0.0117322	0.0200643	0.0265785	0.0148088	0.0435669	0.00542533	0.0124215	0.02479	0.0333519	0.0198297	0.00509338	0.0130597	0.0301238	0.0249858	0.00443684	0.00835782	0.583727	0.0657451
149	Q	2.73055	0.0219103	0.00760969	0.00986764	0.0166039	0.0375453	0.00870051	0.0253493	0.0555537	0.00925158	0.00400547	0.0226167	0.030157	0.0286296	0.564346	0.0185415	0.00797683	0.0473187	0.0201934	0.00706947	0.00922605	0.0475272
150	R	2.79599	0.00852218	0.0191182	0.0430465	0.0585328	0.0140263	0.0179621	0.0250685	0.00849808	0.0161563	0.0162164	0.0324062	0.0118257	0.00537063	0.0310745	0.553843	0.0244019	0.0198114	0.00425618	0.0250856	0.0508541	0.0139236
151	T	2.58686	0.0386808	0.0153111	0.0182975	0.0139581	0.0252774	0.0240875	0.0114654	0.00784407	0.0868781	0.0202292	0.0484939	0.0177392	0.00685563	0.0150878	0.00510549	0.00589682	0.587027	0.00562462	0.0167903	0.0148587	0.014492
152	R	2.9228	0.00984606	0.00381528	0.00222291	0.0542642	0.00692986	0.00379997	0.133609	0.00555115	0.16228	0.00785618	0.0136575	0.00776921	0.0109308	0.0405593	0.403069	0.00634877	0.00824459	0.00210785	0.0260936	0.0553936	0.0356515
153	A	2.60561	0.58175	0.0214435	0.0128199	0.00912448	0.030418	0.0161915	0.00728758	0.014962	0.0221476	0.00860192	0.0129025	0.0095842	0.00536543	0.039162	0.00307157	0.0218088	0.0947933	0.0110385	0.0269782	0.0287431	0.0218057
154	L	2.49243	0.00328147	0.0103609	0.0080897	0.0106636	0.0179841	0.00803958	0.00533191	0.209397	0.0102527	0.367444	0.00407159	0.0031549	0.00286896	0.0045239	0.00973658	0.0137958	0.00584633	0.278383	0.00391182	0.00569142	0.0171705
155	V	2.36607	0.0354184	0.0235594	0.0298388	0.00384646	0.0115799	0.0629436	0.0119628	0.0732054	0.00343188	0.00215522	0.0162334	0.00341389	0.00399799	0.00409948	0.0209858	0.0178092	0.00703754	0.621845	0.00793645	0.0227115	0.0159876
156	R	2.00797	0.0488429	0.0186481	0.0032832	0.0123817	0.00721964	0.00569196	0.0343164	0.00729416	0.0162117	0.0141423	0.00883243	0.00400463	0.0194787	0.00661715	0.708309	0.0133377	0.00239095	0.00530107	0.0068874	0.0342104	0.0225982
157	T	0.598819	0.00486386	0.00362425	0.00109342	0.00029548	0.00143472	0.00107845	0.00171294	0.00768087	0.000536708	0.00139872	0.00105831	0.000711524	0.00143319	0.00127965	0.000802126	0.928105	0.0299503	0.0074359	0.00227728	0.000544855	0.00268294
158	G	3.32466	0.0485429	0.0214468	0.010934	0.0122693	0.00148626	0.237963	0.148327	0.0105657	0.00416915	0.108772	0.189979	0.0352319	0.00441641	0.0112101	0.00983158	0.0770891	0.0307993	0.00472272	0.00394834	0.0121843	0.0161109
159	M	2.49996	0.0176423	0.00635703	0.0228988	0.00447043	0.0139551	0.00657356	0.0115102	0.0276916	0.00633326	0.39257	0.366735	0.00391278	0.00579201	0.0262836	0.00705071	0.00542806	0.00401977	0.0163113	0.0283609	0.00482663	0.0212766
160	D	2.32249	0.00422066	0.0190184	0.582428	0.170997	0.00350354	0.0189626	0.0139601	0.0388008	0.00199718	0.00865795	0.0074128	0.00444599	0.00310894	0.0192691	0.012965	0.00600396	0.00478236	0.0262006	0.0150868	0.00274409	0.0354347
161	P	2.99547	0.0553145	0.0326285	0.00327235	0.00674677	0.00394778	0.162517	0.00795127	0.00988968	0.0361401	0.0315261	0.0254947	0.00376747	0.439594	0.0198844	0.0195271	0.0559591	0.0373534	0.00943147	0.00820063	0.00687796	0.0239759
162	R	2.38857	0.0024034	0.0038951	0.0152177	0.0155028	0.0213407	0.0165023	0.0258452	0.0413265	0.0303343	0.0121246	0.0111211	0.0147106	0.0380571	0.003379	0.610064	0.00113341	0.00298896	0.00444403	0.0151363	0.011731	0.102742
163	M	2.73731	0.0267365	0.0371561	0.00170879	0.00843246	0.00280169	0.00949578	0.000909536	0.0261068	0.00414083	0.0495271	0.18649	0.0132122	0.00191335	0.00641323	0.00568819	0.00762758	0.278738	0.314212	0.00457664	0.00300012	0.0111133
164	C	2.85948	0.00542784	0.149895	0.0030588	0.00682738	0.00411706	0.00021968	0.00157355	0.044818	0.00941292	0.00710322	0.302517	0.00510522	0.00560608	0.0177108	0.00139064	0.109034	0.00672532	0.254553	0.0107427	0.0331156	0.0210453
165	S	2.82763	0.259702	0.0173216	0.00765884	0.0117093	0.0113623	0.0498854	0.0050884	0.0252455	0.00780085	0.0112321	0.00846815	0.0716681	0.00748621	0.02398	0.00596025	0.404357	0.0308139	0.00454731	0.0141289	0.0102744	0.0113097
166	L	1.77211	0.00519424	0.00340955	0.000508978	0.381401	0.00168136	0.0022347	0.00263423	0.0190276	0.00267967	0.0706007	0.00713646	0.000523322	0.000490462	0.483024	0.000304141	0.0135408	0.00200987	0.000701001	0.000273287	0.000409936	0.00221489
167	M	2.58947	0.00734418	0.0548745	0.0107145	0.0119323	0.00993816	0.00223379	0.00753838	0.0902934	0.00986851	0.068546	0.542065	0.0096635	0.00309626	0.00532621	0.00939723	0.00866892	0.0052123	0.0308961	0.0131161	0.00757706	0.0916977
168	Q	2.94862	0.041848	0.0504671	0.0138871	0.00841095	0.00715235	0.00941697	0.0580856	0.0444404	0.0148234	0.00473536	0.00842518	0.0275143	0.028548	0.49983	0.0239885	0.0236916	0.00610505	0.0111119	0.0171032	0.0154369	0.0849787
169	G	2.7875	0.0528495	0.00900088	0.020397	0.00611979	0.0141503	0.540741	0.00500399	0.0827322	0.045524	0.0169116	0.0150172	0.0361465	0.00635944	0.00864847	0.0320983	0.0139932	0.0375679	0.0152709	0.0127861	0.00864855	0.0200329
170	S	2.87948	0.0203829	0.00825387	0.0196729	0.00835914	0.0118278	0.00753528	0.0308222	0.0434914	0.0141096	0.0521175	0.024105	0.00694655	0.0175969	0.00916405	0.0164348	0.52128	0.0904714	0.0365548	0.0347731	0.017043	0.00905745
171	T	3.03617	0.00378539	0.0675789	0.0193088	0.0188262	0.0058607	0.00761878	0.0120333	0.0207745	0.00699623	0.0100769	0.126734	0.0703669	0.00758542	0.0435248	0.0162656	0.0319983	0.447504	0.0408707	0.00952238	0.0139481	0.0188209
172	L	2.93547	0.26866	0.0304489	0.00364999	0.0214571	0.00757655	0.00408032	0.00781248	0.0657172	0.00354743	0.357097	0.00844138	0.0463412	0.0100858	0.0367757	0.0155986	0.0652342	0.0160954	0.00855049	0.00941131	0.00220234	0.0112168
173	P	2.72792	0.104514	0.00114899	0.00926646	0.00276179	0.00563973	0.00784056	0.00204804	0.0252261	0.005718	0.0149875	0.00329638	0.0142794	0.252422	0.393814	0.00279956	0.0277199	0.0145363	0.0107674	0.00245725	0.0277384	0.0710182
174	R	2.61442	0.00234582	0.00392298	0.025306	0.00800325	0.00299405	0.0110064	0.00362883	0.0470792	0.00855693	0.00755621	0.0268712	0.207835	0.0135794	0.0159473	0.49228	0.00335511	0.0245504	0.00237901	0.0342376	0.014203	0.0443624
175	R	2.152	0.00460534	0.011219	0.0178342	0.0181774	0.011141	0.0145045	0.00600058	0.00619209	0.0160593	0.011007	0.0241285	0.0224466	0.0122701	0.005532	0.678628	0.0807771	0.0154832	0.00717148	0.0195436	0.0114673	0.00581138
