#SITE	WT_AA	SITE_ENTROPY	PI_A	PI_C	PI_D	PI_E	PI_F	PI_G	PI_H	PI_I	PI_K	PI_L	PI_M	PI_N	PI_P	PI_Q	PI_R	PI_S	PI_T	PI_V	PI_W	PI_Y	PI_*
1	M	3.48623	0.016183	0.0343799	0.0222591	0.0227609	0.0495064	0.0216352	0.0621294	0.0147209	0.0472336	0.0271275	0.394956	0.0229926	0.0220484	0.0279543	0.0149292	0.0140087	0.0544701	0.0135525	0.0403307	0.0480238	0.0287977
2	A	1.47282	0.764433	0.00667087	0.00528394	0.0117476	0.00796908	0.00425348	0.00229929	0.00332485	0.00516214	0.00291166	0.023889	0.00466586	0.000711254	0.00535959	0.00682548	0.00119286	0.00179913	0.118782	0.0115861	0.00599187	0.00514101
3	S	3.17001	0.125599	0.00126485	0.00767125	0.00408671	0.0269207	0.00182775	0.11925	0.00623225	0.0161437	0.0724464	0.281458	0.0090104	0.00119742	0.020265	0.00190338	0.108485	0.0262948	0.0135247	0.00384501	0.149182	0.00339163
4	Q	3.06516	0.0209913	0.0425176	0.00115424	0.000883683	0.20438	0.00558257	0.00215777	0.0352114	0.0149591	0.0422609	0.0020642	0.199232	0.000412323	0.0405849	0.00049201	0.260275	0.0214948	0.0122337	0.00277507	0.08412	0.00621733
5	G	2.6177	0.011011	0.233982	0.00427467	0.00569226	0.00717145	0.276373	0.00312617	0.00508061	0.00400153	0.00112891	0.0071796	0.0059667	0.00734209	0.00142963	0.291723	0.0271606	0.00187303	0.00296868	0.0643703	0.0361691	0.00197545
6	T	1.11656	0.00416596	0.0087287	0.00485201	0.00624339	0.00362893	0.00591323	0.0347347	0.00542686	0.0036663	0.00133288	0.0142444	0.00737388	0.00635391	0.00663066	0.00250272	0.00308548	0.861191	0.00367779	0.00939967	0.0035167	0.0033311
7	K	1.62403	0.002052	0.0126173	0.0234481	0.0126048	0.00590291	0.0176827	0.00620832	0.0037894	0.771827	0.00172677	0.00836173	0.0581978	0.00141208	0.00426948	0.00210828	0.00324519	0.013168	0.00887011	0.0151073	0.0133874	0.0140133
8	R	2.18227	0.00189775	0.0106484	0.00410973	0.00552142	0.00575302	0.0356566	0.00233551	0.00390455	0.00315632	0.147434	0.00767929	0.00557304	0.00673143	0.172971	0.545253	0.00146478	0.00194923	0.00308927	0.0262148	0.00461561	0.0040417
9	S	2.97527	0.262618	0.00639787	0.00328139	0.00323693	0.0102821	0.0251298	0.00774701	0.0152981	0.0231402	0.0085412	0.0606067	0.0161318	0.0013322	0.0465689	0.00526589	0.269832	0.0438733	0.00518492	0.00374192	0.180444	0.0013457
10	Y	3.22164	0.293742	0.0205006	0.0149542	0.00451314	0.00187706	0.00218138	0.00771262	0.108586	0.00600822	0.0806144	0.0234945	0.0854106	0.0383975	0.0276559	0.00103243	0.00338766	0.034423	0.0179491	0.00194578	0.198128	0.0274866
11	E	3.00579	0.00236391	0.0318557	0.0318377	0.384553	0.00467966	0.00709311	0.0120198	0.0219015	0.0763041	0.0120857	0.02997	0.0210464	0.00360484	0.0380957	0.00212907	0.228163	0.0168196	0.0364436	0.0131174	0.00523954	0.0206771
12	Q	3.27173	0.0128404	0.0128775	0.00147551	0.00228974	0.0111124	0.0126987	0.0654459	0.00158053	0.330789	0.01704	0.0274351	0.127514	0.00162571	0.0896803	0.0662533	0.0355961	0.0774029	0.0755519	0.0260333	0.00353818	0.00121936
13	M	2.52517	0.0654157	0.00237908	0.0324897	0.00350328	0.00881226	0.0409242	0.0286004	0.124126	0.0618286	0.0120233	0.548711	0.00731918	0.00758971	0.00340219	0.00509455	0.00241348	0.00656131	0.00459762	0.0167393	0.0144767	0.00299217
14	E	2.57695	0.00698878	0.0149588	0.0487022	0.555498	0.00562175	0.00259779	0.0147248	0.00356113	0.0278589	0.0136875	0.0351591	0.0145102	0.00243305	0.104047	0.00994679	0.00388226	0.0148167	0.00381482	0.0564245	0.0559038	0.00486258
15	T	2.53536	0.001134	0.047334	0.00273114	0.243077	0.00234209	0.0183085	0.0355738	0.386843	0.00275492	0.00851601	0.00304854	0.0180061	0.00270015	0.00274574	0.00152541	0.00804484	0.188951	0.00750996	0.00504035	0.0111344	0.00267954
16	D	3.03937	0.00784012	0.0145857	0.34746	0.228644	0.0299454	0.00926632	0.00642244	0.0225879	0.00475108	0.00602102	0.0492903	0.0060621	0.000821604	0.091841	0.00555993	0.00134903	0.0430924	0.00478594	0.0207114	0.0577669	0.0411947
17	G	2.15525	0.0216217	0.0264634	0.00265452	0.00396423	0.00164274	0.131446	0.00853546	0.0486414	0.00571802	0.00135438	0.620539	0.0105731	0.0462276	0.00967649	0.00233284	0.0365957	0.013706	0.000892232	0.00457899	0.000337506	0.00249799
18	E	2.52079	0.00502101	0.0119105	0.119314	0.103062	0.000659255	0.0167758	0.00352977	0.0111653	0.00515407	0.00544428	0.00359733	0.00971035	0.0571845	0.0102954	0.0103638	0.0212051	0.00697654	0.539516	0.00497755	0.045287	0.00885035
19	R	2.30976	0.0401027	0.0513543	0.0140206	0.0182391	0.00792614	0.00242902	0.0262183	0.018013	0.011699	0.00425812	0.0190002	0.0296997	0.0127107	0.0153822	0.656837	0.0151707	0.015045	0.0130893	0.0150409	0.00682651	0.00693749
20	Q	2.29944	0.00922523	0.00473952	0.00304274	0.00537436	0.0236117	0.00678513	0.0124898	0.00225491	0.0133094	0.00961498	0.0143289	0.0164233	0.191559	0.581493	0.0237858	0.0221014	0.00557943	0.0235501	0.00881265	0.0177939	0.00412465
21	N	3.29721	0.00599793	0.26731	0.00441756	0.00759167	0.00274495	0.00207944	0.0264592	0.0562892	0.0320977	0.0370784	0.0117279	0.218387	0.00510419	0.0150076	0.0480342	0.0430473	0.143562	0.00755364	0.0226831	0.0235351	0.0192925
22	A	2.77281	0.134046	0.00478174	0.000644626	0.00573937	0.0379081	0.0460121	0.0123003	0.00374912	0.154322	0.00303428	0.00272063	0.00950955	0.0213496	0.0214055	0.0357322	0.0246288	0.0178106	0.44693	0.00187037	0.000714426	0.0147908
23	T	2.80345	0.0921333	0.00544772	0.00135701	0.0062512	0.00201122	0.0033684	0.00436321	0.0338111	0.0220361	0.193298	0.0081315	0.0321027	0.00320487	0.0176476	0.0183636	0.411633	0.105998	0.0232404	0.0018568	0.0089487	0.00479662
24	E	2.19402	0.00511924	0.0106924	0.00349905	0.0969493	0.00479486	0.000322768	0.00272973	0.0493397	0.0535794	0.0188552	0.00180517	0.00781699	0.00167975	0.077311	0.00420933	0.00685555	0.00477468	0.0290278	0.000686548	0.00518031	0.614771
25	I	1.02097	0.00229469	5.25817e-05	0.00236019	0.00143223	0.000879235	0.0539439	0.00403093	0.0379117	0.000828206	0.00539095	0.849462	6.82137e-05	0.00313516	0.000957221	0.00175542	0.000113393	0.00292362	0.026535	0.000738095	0.00192768	0.00325949
26	R	2.49028	0.0498739	0.00232147	0.00398414	0.0702391	0.333391	0.0181897	0.00679641	0.00910449	0.00493895	0.0091702	0.00836239	0.00289162	0.00926389	0.033779	0.398983	0.0160061	0.0069071	0.00551995	0.00341129	0.0033184	0.00354747
27	A	2.62092	0.138583	0.00154193	0.0124106	0.00259733	0.0107744	0.00400148	0.0759642	0.00726021	0.513843	0.0414173	0.00289996	0.000937419	0.0381101	0.0135388	0.0381069	0.0157719	0.0559564	0.00933147	0.00177331	0.0068735	0.0083067
28	S	2.63604	0.312077	0.0107487	0.00818245	0.0126255	0.0015377	0.0523767	0.0238928	0.0019071	0.0394677	0.00283937	0.00268814	0.365452	0.00146776	0.00499935	0.047745	0.0633855	0.00133105	0.000599025	0.00229223	0.00114233	0.0432424
29	V	3.08766	0.0082012	0.0360089	0.00457946	0.0332511	0.0106916	0.0158556	0.00898079	0.229504	0.0254404	0.00908525	0.0326999	0.0179473	0.0183568	0.0234081	0.0145883	0.00526946	0.0336004	0.386403	0.0466433	0.0245062	0.0149782
30	G	2.84202	0.215375	0.00409406	0.00458713	0.0234395	0.377181	0.123949	0.00383882	0.00345347	0.0311441	0.0180892	0.0113046	0.00176829	0.00143305	0.000680562	0.0119544	0.0700613	0.0551176	0.00470086	0.0119699	0.00246586	0.0233921
31	K	3.03715	0.0392346	0.0103071	0.00426914	0.0648054	0.00259777	0.00436187	0.0131909	0.0258332	0.326258	0.00799669	0.0281586	0.0101254	0.280167	0.00602054	0.0244279	0.040519	0.0142089	0.0111084	0.0667359	0.00634072	0.0133332
32	M	2.60066	0.0164074	0.00537645	0.0071065	0.0114498	0.0156977	0.0127887	0.0097098	0.0371983	0.021701	0.00317486	0.577147	0.0633381	0.0141791	0.0143521	0.0269059	0.00283772	0.0227233	0.00664292	0.0820444	0.0161464	0.0330725
33	I	3.0646	0.0189937	0.0127931	0.0200609	0.04158	0.0843832	0.0358121	0.00825013	0.460364	0.0119179	0.0118474	0.0587381	0.0361857	0.00773558	0.0110572	0.00661104	0.00899209	0.0131818	0.0794279	0.00803171	0.0525958	0.0114408
34	D	3.06244	0.0585921	0.000412245	0.0546957	0.122193	0.00278434	0.0075711	0.0356863	0.0125904	0.00446888	0.0646391	0.330926	0.003183	0.00034645	0.0155134	0.00294006	0.0639575	0.00613009	0.182742	0.0245706	7.24225e-05	0.00598498
35	G	2.90401	0.0493671	0.0192748	0.00442192	0.0224989	0.0843228	0.475127	0.131063	0.026801	0.00918059	0.0133024	0.0246339	0.0227869	0.00288186	0.00260324	0.0386916	0.0195747	0.0055182	0.0101545	0.012128	0.0145735	0.0110946
36	I	3.39129	0.0190156	0.0290268	0.0300809	0.0468492	0.0058133	0.00201082	0.00953713	0.337894	0.00295573	0.0406585	0.014177	0.0106437	0.012659	0.0256001	0.063136	0.098548	0.0962922	0.015127	0.0273654	0.00812646	0.104484
37	G	3.01402	0.0200446	0.0386393	0.0407372	0.0130312	0.0196929	0.439378	0.0151631	0.0382283	0.0111531	0.145205	0.0098997	0.00553734	0.018597	0.0141715	0.00605505	0.00866389	0.0143053	0.00874232	0.103704	0.0165668	0.0124847
38	R	3.31158	0.0191965	0.0147079	0.0118187	0.0680708	0.00608132	0.0164812	0.0745426	0.00314723	0.0155007	0.00926344	0.0164315	0.0452508	0.10097	0.0145313	0.367762	0.105021	0.0249052	0.00793371	0.0494919	0.00807779	0.0208134
39	F	2.36315	0.0216318	0.00609545	0.00742748	0.00925075	0.144362	0.0095938	0.00553292	0.0111215	0.0206887	0.00605823	0.0233445	0.00498942	0.0176011	0.0137151	0.0150209	0.00537388	0.00716881	0.049946	0.597701	0.00739052	0.0159857
40	Y	2.48383	0.00435685	0.00789387	0.0147014	0.00724183	0.00509789	0.00902996	0.371155	0.00507898	0.00855003	0.0266309	0.0215463	0.00798522	0.00427013	0.0284085	0.00789076	0.00372552	0.00616551	0.00607247	0.0528753	0.383908	0.0174162
41	I	3.7762	0.0260334	0.0513904	0.0123635	0.0363644	0.0243234	0.153803	0.0145999	0.19713	0.00367296	0.121491	0.0182545	0.0395962	0.0208675	0.0860186	0.0623314	0.0404287	0.0257622	0.0136435	0.0138641	0.0177867	0.0202739
42	Q	3.162	0.018714	0.067008	0.0346922	0.0126251	0.0032463	0.15073	0.0375225	0.00263775	0.0150713	0.0145257	0.0385192	0.0063091	0.0192186	0.385044	0.032608	0.0102191	0.0148125	0.0106993	0.0114712	0.0074558	0.106871
43	M	3.05085	0.0136525	0.0288338	0.0387484	0.0132581	0.00977683	0.00138854	0.301766	0.0163326	0.00977661	0.125297	0.18844	0.168294	0.00254684	0.00828424	0.00225676	0.0256974	0.00332213	0.00377192	0.00750991	0.0200126	0.0110333
44	C	3.54503	0.0468704	0.270459	0.0157227	0.0965221	0.0104503	0.0299427	0.0130237	0.115004	0.0865189	0.116535	0.0205909	0.00362588	0.00757431	0.0124932	0.0186237	0.00625121	0.0460243	0.0202932	0.0421733	0.0116219	0.00967935
45	T	3.75215	0.0077933	0.0174207	0.0397204	0.0415752	0.00723704	0.041549	0.0269246	0.0655568	0.107327	0.0322751	0.0856814	0.0276603	0.0234945	0.0186743	0.0235023	0.0889605	0.248883	0.062815	0.0191819	0.00319273	0.0105748
46	E	3.3754	0.00809434	0.0779888	0.0105203	0.192668	0.00240886	0.043775	0.00192903	0.113336	0.00924259	0.0180233	0.013237	0.0146547	0.281425	0.0168788	0.0242941	0.0103693	0.0604628	0.0450069	0.0222965	0.0100979	0.0232905
47	L	3.24959	0.00871388	0.00709045	0.051088	0.00629675	0.00701318	0.0134023	0.0352275	0.0118796	0.0225819	0.280315	0.0571368	0.0222221	0.103009	0.00238063	0.244382	0.0355283	0.0457419	0.00312563	0.00561607	0.00608963	0.0311591
48	K	3.03884	0.0444897	0.0192499	0.00928134	0.00971418	0.00215637	0.0518548	0.0078909	0.00177974	0.202767	0.0291588	0.400822	0.0426031	0.0120942	0.031649	0.041089	0.038891	0.0128586	0.00626386	0.00899372	0.0208806	0.00551249
49	L	1.94608	0.00330905	0.00281901	0.00305402	0.00039623	0.000610973	0.00489738	0.00322773	0.0047256	0.00304525	0.0965298	0.0669826	0.0179398	0.0118671	0.0493808	0.00467047	0.00496031	0.0536165	0.000856311	0.0035739	0.00206595	0.661471
50	S	2.81749	0.481249	0.0333386	0.00330107	0.0074844	0.00365973	0.0466004	0.004377	0.00500908	0.0757218	0.0265734	0.00211146	0.0192792	0.0165778	0.0520979	0.02206	0.0939832	0.0863999	0.00102175	0.0124287	0.000751265	0.00597424
51	D	3.77858	0.0298097	0.0377015	0.130844	0.105622	0.00324184	0.0159553	0.00379954	0.0316874	0.00293053	0.035875	0.0974943	0.112884	0.0711146	0.0213268	0.112487	0.0135718	0.114228	0.0281739	0.00488994	0.0113057	0.0150564
52	Y	3.16379	0.106697	0.00322323	0.0214324	0.0812926	0.0209082	0.0107215	0.0075398	0.0336403	0.00124389	0.00729974	0.057933	0.0692522	0.00711459	0.0112407	0.00840379	0.00746558	0.119155	0.0276486	0.0126158	0.377657	0.00751548
53	E	2.44257	0.0322935	0.014334	0.0082705	0.288619	0.00393868	0.00498534	0.00904879	0.0218279	0.00349672	0.0446192	0.00422372	0.00497621	0.0265178	0.00104515	0.00473761	0.0108004	0.027166	0.00853671	0.466337	0.00373335	0.0104924
54	G	2.9514	0.0438822	0.0458431	0.0138745	0.0179332	0.0076826	0.194939	0.402544	0.00983079	0.00568	0.0132561	0.00271328	0.0111317	0.0310528	0.00563681	0.0181591	0.0535309	0.098645	0.00393816	0.00914848	0.00589012	0.00468784
55	R	2.97513	0.0165973	0.00614407	0.0676308	0.0551912	0.00584205	0.0149057	0.0707441	0.0102444	0.00702579	0.0169064	0.00590097	0.033776	0.0139956	0.0749891	0.482117	0.0230844	0.0224105	0.00881882	0.0189265	0.00321767	0.0415314
56	L	3.08206	0.0136706	0.00565228	0.00417375	0.00362881	0.00286967	0.0149843	0.0028158	0.0491155	0.00355915	0.19631	0.0544943	0.14235	0.200051	0.00478665	0.0158044	0.00833991	0.226279	0.0341478	0.00525074	0.000176388	0.0115394
57	I	3.12943	0.013432	0.00490685	0.0478046	0.00266579	0.00601089	0.0196254	0.00184763	0.244215	0.0803526	0.324876	0.00662399	0.00981829	0.0434799	0.00833483	0.0725451	0.0212685	0.0256704	0.0212182	0.0175898	0.0124953	0.0152189
58	Q	2.8642	0.0174359	0.0038065	0.0069152	0.0833035	0.00491574	0.00668212	0.00524283	0.00180315	0.00250189	0.00740665	0.00117426	0.134326	0.0105025	0.160798	0.12967	0.015086	0.00558417	0.00732669	0.0179797	0.366524	0.011015
59	N	3.09255	0.00844233	0.0387604	0.00880551	0.016508	0.0183172	0.196384	0.0104859	0.010589	0.032133	0.0119907	0.0211873	0.409823	0.0259135	0.0107122	0.0402314	0.00624508	0.0279665	0.0226486	0.0298696	0.00551332	0.0474735
60	S	3.04767	0.0108868	0.120534	0.00874598	0.0481681	0.00602864	0.00833004	0.0060989	0.217433	0.0129824	0.0317834	0.00740124	0.0165446	0.00962721	0.00286299	0.00333696	0.33447	0.00977535	0.0958312	0.0103532	0.0211256	0.0176809
61	L	3.16951	0.0132664	0.200886	0.0204153	0.00143424	0.104957	0.0061149	0.052225	0.0492897	0.0073493	0.34364	0.0104891	0.0205723	0.0202757	0.00612567	0.00807972	0.0052426	0.0105655	0.0184503	0.0182475	0.0243403	0.0580334
62	T	3.28586	0.0427224	0.0315132	0.00236831	0.0218712	0.0395348	0.0442221	0.0384597	0.0108546	0.0167222	0.0249917	0.0114974	0.034623	0.117604	0.0215789	0.00416771	0.0542413	0.402396	0.0516473	0.00607916	0.0140443	0.0088601
63	I	2.8492	0.0152728	0.0136713	0.00384131	0.00661895	0.00185282	0.00969147	0.0499927	0.200169	0.0357541	0.025084	0.00240883	0.00385703	0.0082867	0.0124961	0.0101932	0.00392687	0.00694377	0.335214	0.0265752	0.00511812	0.223032
64	E	3.41655	0.0133014	0.0420847	0.00761998	0.236639	0.0183333	0.03522	0.016725	0.186501	0.0495423	0.0222072	0.174747	0.0113772	0.0822578	0.0038993	0.0262356	0.0127489	0.0218569	0.00935538	0.00320606	0.0141226	0.0120191
65	R	3.1442	0.000950917	0.00588747	0.00344718	0.0277851	0.0855761	0.00251868	0.0253844	0.0121426	0.0341996	0.00699469	0.0449431	0.0194199	0.0104429	0.0070375	0.271687	0.208451	0.0250887	0.00288989	0.012142	0.0106508	0.182361
66	M	3.20985	0.0342458	0.0150813	0.0198027	0.0294047	0.0128888	0.246791	0.0353896	0.0284754	0.00963869	0.00975819	0.337949	0.0249315	0.0261291	0.022439	0.00907658	0.00596019	0.00975744	0.0161526	0.0474975	0.052943	0.00568776
67	V	3.64674	0.0606043	0.0184418	0.0172789	0.0229774	0.0217734	0.0396152	0.0330133	0.0826373	0.0188961	0.0121284	0.174018	0.031551	0.0339783	0.0459405	0.00941858	0.0692124	0.00892119	0.257626	0.015265	0.01195	0.0147526
68	L	3.44744	0.0221074	0.0138079	0.0201895	0.0243403	0.0179289	0.00325153	0.0269413	0.00953952	0.0353598	0.31936	0.140552	0.0057175	0.0520352	0.135619	0.0168317	0.0182735	0.0186759	0.0201095	0.0391348	0.0249891	0.0352363
69	S	2.97432	0.0892813	0.0743783	0.00611884	0.00753825	0.00706097	0.0535778	0.0114957	0.00722917	0.00997915	0.00613185	0.0145253	0.0987011	0.0209734	0.0115547	0.0128221	0.444317	0.0193538	0.00540297	0.00578	0.0107789	0.0829995
70	A	3.2734	0.321179	0.0508048	0.135391	0.0286774	0.0119835	0.0145735	0.00798151	0.137279	0.00284196	0.0104796	0.00648106	0.00434266	0.0183825	0.0207021	0.0080962	0.0111788	0.027262	0.00423259	0.0185126	0.104855	0.0547628
71	F	3.37781	0.0430037	0.0121578	0.0147356	0.0119723	0.226229	0.00431758	0.0611095	0.0114096	0.0215428	0.0307221	0.00542285	0.00884849	0.0487073	0.00059065	0.00419742	0.0924138	0.0246353	0.0316571	0.00499778	0.240298	0.101031
72	D	3.03394	0.0999646	0.03082	0.46433	0.0333481	0.0288294	0.0723945	0.0408705	0.0363698	0.00939675	0.00610976	0.00998743	0.00884849	0.0137638	0.00874424	0.0520262	0.0159402	0.039136	0.00642995	0.00744064	0.010048	0.0052019
73	E	3.24021	0.0658123	0.00470914	0.0517088	0.0471534	0.353056	0.0669784	0.0260051	0.116245	0.01465	0.0120738	0.0511426	0.00815497	0.000424586	0.057182	0.012234	0.00874232	0.0916411	0.00916324	0.000897532	0.000525636	0.00150061
74	R	3.16577	0.0613645	0.020397	0.0171754	0.0422083	0.00568218	0.00564709	0.0151123	0.00285525	0.164494	0.00739235	0.00407328	0.00271261	0.00388039	0.00848451	0.225385	0.00535446	0.00740119	0.0621272	0.0490794	0.0264598	0.262714
75	R	2.54966	0.0067971	0.0248454	0.0105941	0.0130501	0.0683107	0.0178474	0.00898258	0.00764928	0.036557	0.00999275	0.0225557	0.0229042	0.010647	0.00872692	0.599727	0.00283051	0.0406246	0.0134501	0.0367098	0.00710768	0.0300903
76	N	3.2008	0.0781841	0.0249189	0.00515463	0.264983	0.00621344	0.0338029	0.0181159	0.0209495	0.140772	0.0234962	0.0113385	0.174102	0.00191997	0.00470548	0.00448441	0.00675603	0.0142044	0.00346122	0.147689	0.00987953	0.00486791
77	K	2.70723	0.00517144	0.0133191	0.00633585	0.0138304	0.00169957	0.148657	0.0354438	0.320896	0.0156221	0.0218812	0.00528877	0.00548497	0.00191264	0.0178954	0.304667	0.0633207	0.00379334	0.00708886	0.000942281	0.000212952	0.0065365
78	Y	0.607222	0.00345726	0.00142314	0.00125052	0.000184706	0.928264	0.000217043	0.00124837	0.00117888	0.00370441	0.000899047	0.000767201	0.00768028	0.00137229	0.000743121	0.00356761	0.00100604	0.000641602	0.0022903	0.0161902	0.0210649	0.00284883
79	L	2.83479	0.0102079	0.00775882	0.00421128	0.011857	0.00422616	0.0120559	0.00855394	0.0253117	0.00874474	0.395513	0.0209343	0.00924017	0.014489	0.0246516	0.0569441	0.0134946	0.0184059	0.268048	0.00935152	0.00650583	0.069495
80	E	3.79946	0.0354657	0.088323	0.0312518	0.257178	0.00610051	0.0552447	0.024163	0.0561556	0.0531272	0.0307893	0.0728705	0.021938	0.00688183	0.0428271	0.0155874	0.0215074	0.0530732	0.078703	0.00353318	0.0173806	0.0278988
81	E	3.45534	0.00400005	0.0406793	0.00906898	0.223572	0.103352	0.0220041	0.0172461	0.253868	0.0174635	0.0474262	0.00910394	0.0204974	0.00339011	0.00358963	0.0376058	0.0370666	0.0294471	0.0558261	0.0150071	0.0368282	0.0129577
82	H	3.63619	0.0246357	0.252587	0.00264701	0.0171409	0.0709781	0.00213422	0.0932576	0.0129609	0.0116963	0.0171993	0.0301156	0.0148682	0.00169836	0.106224	0.0297779	0.0413112	0.0398604	0.0211217	0.0940343	0.0905416	0.02521
83	P	3.52129	0.0953736	0.00549899	0.00622598	0.00964786	0.00518718	0.0936348	0.00613485	0.00784888	0.00692441	0.00270154	0.00453969	0.202954	0.120086	0.0928246	0.0639891	0.0262656	0.0327321	0.0957383	0.00370947	0.0119049	0.106078
84	S	3.15896	0.257821	0.0798206	0.012755	0.00548772	0.00123889	0.0507519	0.00358216	0.00325514	0.0028533	0.271786	0.031891	0.0335716	0.0404849	0.0483584	0.00218038	0.0964794	0.0227897	0.00548127	0.00539634	0.0180733	0.00594195
85	A	2.56747	0.0639597	0.00500828	0.000250477	0.00150967	0.000244504	0.0158493	0.0235196	0.0099699	0.0055343	0.0229741	0.0323158	0.0640507	0.573049	0.00610549	0.0229162	0.0232715	0.0490766	0.0310172	0.00567765	0.00477048	0.0389293
86	G	1.8019	0.0166811	0.00353317	0.00242062	0.00551141	0.000233931	0.0359433	0.0166842	0.00244255	0.0618713	0.0267266	0.00076156	0.722039	0.00253805	0.00479289	0.0456964	0.00771468	0.00741809	0.00145482	0.0298059	0.00308918	0.00264162
87	K	2.78899	0.0043669	0.0049162	0.00927641	0.0363933	0.00203864	0.0338388	0.00626307	0.0164576	0.52945	0.0187918	0.0163009	0.00815349	0.0170917	0.025194	0.0908139	0.041983	0.041943	0.0597814	0.010917	0.00804033	0.0179888
88	D	0.465843	0.000823961	0.00526383	0.0228422	0.00177652	0.000623469	0.00066904	0.00109022	0.00266766	0.00138534	0.00123052	0.00109324	0.946605	0.000733557	0.00144277	0.0020047	0.000697069	0.000745312	0.000638349	0.000339308	0.000316372	0.00701128
89	P	3.34343	0.16127	0.318507	0.0140343	0.00925253	0.0183021	0.0396262	0.0035082	0.00535861	0.0176303	0.0362526	0.00549221	0.0325581	0.136898	0.00870692	0.0121576	0.0546372	0.00952646	0.0205679	0.0243721	0.0246639	0.046678
90	K	2.91995	0.0063268	0.0161689	0.00180323	0.00188201	0.00313925	0.0206563	0.0361443	0.00546878	0.11121	0.0153789	0.367295	0.0276053	0.00637695	0.236594	0.0415975	0.0117288	0.0508534	0.0212847	0.0127595	0.00179137	0.00393393
91	K	2.54889	0.00772579	0.00567861	0.00763291	0.0149843	0.00499031	0.0507407	0.00390946	0.0132659	0.465106	0.0087508	0.00577419	0.0122481	0.0038806	0.00545091	0.144071	0.0139135	0.0024072	0.0183296	0.00607953	0.00667853	0.198381
92	T	2.36683	0.00828047	0.00181455	0.00338515	0.004062	0.0877157	0.00531131	0.00210324	0.00476635	0.00335216	0.0126839	0.0142174	0.0360027	0.0104539	0.00420542	0.00932154	0.0172092	0.317192	0.00698749	0.0100251	0.00407035	0.43684
93	G	2.37417	0.00572195	0.0193578	0.0067713	0.0392227	0.00854291	0.614926	0.00407111	0.00552809	0.00896195	0.00884052	0.0394142	0.0107019	0.051587	0.0137365	0.00533918	0.00834701	0.00949367	0.00513891	0.0242495	0.0150609	0.0949869
94	G	3.18969	0.00576738	0.0319828	0.0464887	0.0225954	0.012803	0.459018	0.0116632	0.0217715	0.0241531	0.0240182	0.0101232	0.0520749	0.0260855	0.0691476	0.013869	0.0342377	0.0467841	0.00717307	0.0200862	0.0454153	0.0147418
95	P	3.42439	0.0152647	0.0245053	0.175202	0.00986452	0.00802892	0.0136383	0.141678	0.0107505	0.00968054	0.0234128	0.0168283	0.0147322	0.280462	0.0106432	0.0368454	0.012221	0.0133197	0.0593388	0.0356701	0.0171774	0.0707365
96	I	3.10038	0.0542744	0.00408638	0.00356879	0.06448	0.0143671	0.0118122	0.0117782	0.231461	0.00483004	0.356584	0.0535166	0.00448436	0.0146275	0.0111141	0.0245442	0.00209073	0.0318278	0.0328718	0.0184509	0.0295477	0.0196819
97	Y	3.28884	0.00911333	0.0146239	0.0156632	0.010892	0.124228	0.157527	0.0260213	0.02068	0.0110644	0.00858983	0.0085784	0.013216	0.0198889	0.0743838	0.0056824	0.0232989	0.00200706	0.094481	0.0207234	0.319343	0.0199937
98	K	3.20613	0.0205961	0.0430533	0.00355374	0.0309612	0.00418433	0.0237445	0.0272155	0.0134399	0.386421	0.183347	0.0149931	0.00736979	0.00394723	0.0223367	0.0298514	0.0572132	0.0321999	0.00962091	0.0202553	0.0332726	0.032423
99	R	3.35799	0.0841696	0.0271671	0.00405129	0.0234202	0.00723465	0.211109	0.0661048	0.00444874	0.0921035	0.0104239	0.0106335	0.00415875	0.00719463	0.00725366	0.273596	0.0428105	0.00825074	0.023511	0.0172765	0.0374051	0.0376768
100	V	2.60226	0.551417	0.000333614	0.000487607	0.0220121	0.01487	0.037944	0.019603	0.00471276	0.0831323	0.0200941	0.00295365	0.0870038	0.0176545	0.0034006	0.0136965	0.0283083	0.014603	0.0443796	0.00174195	0.0283697	0.00328214
101	D	2.71601	0.00598892	0.00147734	0.229229	0.0250335	0.00174759	0.0334886	0.00592307	0.00640697	0.0330485	0.0114066	0.00333108	0.0729686	0.0142415	0.0106266	0.00496491	0.0066179	0.0594777	0.0269704	0.0050425	0.00554839	0.43646
102	R	3.53299	0.0649599	0.0844009	0.00995856	0.00697995	0.104608	0.0303037	0.0551096	0.00356339	0.00856867	0.00941915	0.141405	0.00186587	0.0043825	0.00728514	0.208709	0.0202916	0.0280583	0.00686237	0.00954895	0.0663604	0.12736
103	K	3.56726	0.0244092	0.0326265	0.0185796	0.0113687	0.011739	0.0458074	0.0211469	0.0162928	0.301316	0.108566	0.0537079	0.0690048	0.0122495	0.0302315	0.0472297	0.039629	0.00675078	0.118407	0.0108027	0.00805433	0.012081
104	W	2.82854	0.0123434	0.010686	0.0964008	0.00740411	0.0517741	0.00615708	0.00548063	0.02416	0.00602752	0.00686247	0.0179106	0.00384346	0.00487598	0.0113941	0.0220654	0.00980697	0.0194336	0.0174817	0.399724	0.0165034	0.249665
105	M	2.26352	0.00306287	0.627062	0.00457806	0.00548507	0.0401726	0.0197424	0.00861949	0.00830164	0.0403422	0.033203	0.0518668	0.0787111	0.000484494	0.0107951	0.0114562	0.00575479	0.00135624	0.00559732	0.0395443	0.000353953	0.00351074
106	R	2.92316	0.0220619	0.144435	0.014356	0.0430171	0.00981199	0.00681719	0.0542663	0.0115533	0.00922247	0.0125684	0.0200783	0.0137881	0.00753909	0.00899865	0.475928	0.00800175	0.0145791	0.00784496	0.0453335	0.0463816	0.023417
107	E	3.01762	0.0178879	0.00996946	0.0393291	0.416285	0.0234717	0.0065762	0.00725552	0.00737242	0.0160062	0.0480215	0.013145	0.172621	0.00847946	0.0114108	0.0442718	0.014395	0.00905293	0.100128	0.0143989	0.0098873	0.0100344
108	L	3.37633	0.0234699	0.0751921	0.0104804	0.00863739	0.0145555	0.0372294	0.103233	0.00848929	0.0264789	0.325096	0.0436337	0.00741144	0.0244212	0.165886	0.0209659	0.0252968	0.00959722	0.0364114	0.0119101	0.0164561	0.00514827
109	V	2.21012	0.0193381	0.593735	0.00704903	0.000845514	0.00603762	0.00238837	0.0264828	0.00527865	0.00143251	0.054367	0.00604409	0.00118058	0.0173897	0.00951729	0.0064167	0.00528666	0.0095031	0.110158	0.00157467	0.0013644	0.114611
110	L	2.81008	0.013448	0.0471436	0.0102966	0.0157338	0.0404733	0.00470565	0.00624259	0.0447783	0.0169128	0.490743	0.0116663	0.0250938	0.0189464	0.00710866	0.0181384	0.014263	0.0081482	0.0235973	0.00785241	0.00744079	0.167267
111	Y	2.2632	0.000212055	0.00223159	0.00354574	0.00139322	0.604259	0.00340826	0.0600831	0.0490614	0.0164469	0.00852091	0.0287689	0.00133675	0.000615246	0.00437347	0.00657351	0.00437842	0.0688592	0.0626919	0.000900756	0.0643503	0.00798927
112	D	3.05091	0.0188252	0.0255022	0.217095	0.0524527	0.00440316	0.0355455	0.0112283	0.0524975	0.00284319	0.012434	0.00898036	0.315388	0.00798648	0.00424678	0.0184851	0.0129308	0.00943419	0.00225797	0.0115477	0.00665536	0.16926
113	K	2.65248	0.020226	0.00709069	0.0132872	0.0202062	0.0460148	0.0060051	0.00593659	0.0251574	0.585495	0.0104941	0.041243	0.0273117	0.0270796	0.0450586	0.0228953	0.00967215	0.00698159	0.00640346	0.0111618	0.0286723	0.0336071
114	E	3.10968	0.00187905	0.00829084	0.341571	0.141692	0.0869337	0.0254906	0.0332368	0.0268421	0.0847716	0.00736528	0.0028549	0.00311428	0.0249846	0.144807	0.00260843	0.0232533	0.0114218	0.00296658	0.00385695	0.00936985	0.0126892
115	E	2.92493	0.00351926	0.00684826	0.0221013	0.277195	0.302994	0.0106283	0.00464928	0.0105933	0.029693	0.0217661	0.00851377	0.00471927	0.00611557	0.00692301	0.00700449	0.0176571	0.0287631	0.00374715	0.00505229	0.074488	0.147028
116	I	2.78343	0.00110762	0.0225972	0.00239783	0.0268314	0.0027237	0.00207003	0.0261865	0.240561	0.0150442	0.0427716	0.00255417	0.0256709	0.0050149	0.00734926	0.00495983	0.00879522	0.0128778	0.342051	0.00783005	0.00893481	0.191671
117	R	2.97165	0.00904167	0.12309	0.0121475	0.00282115	0.079022	0.00321104	0.0107023	0.00237329	0.00974004	0.0126897	0.00446322	0.0309499	0.00626238	0.23337	0.33637	0.0172344	0.0213088	0.00240085	0.0116984	0.0110877	0.0600151
118	R	3.40599	0.0977548	0.0211769	0.0186144	0.0295406	0.0246021	0.0114343	0.0168918	0.022511	0.200901	0.00965576	0.0268038	0.00553061	0.00326931	0.030712	0.266107	0.00437856	0.11407	0.0548101	0.0109956	0.0116662	0.0185746
119	I	3.12966	0.0457167	0.344007	0.03485	0.00600033	0.0179845	0.0018932	0.00907228	0.191099	0.00749625	0.0675528	0.102303	0.052642	0.00200474	0.039585	0.00443427	0.0128038	0.00538516	0.00235293	0.0352022	0.00762346	0.00999063
120	W	2.8026	0.00388035	0.00482285	0.0100699	0.0305904	0.0376339	0.0221974	0.0112535	0.0176118	0.00493362	0.00583823	0.0281347	0.283417	0.0209704	0.0202219	0.0133971	0.00397217	0.0106438	0.0134066	0.40226	0.0110684	0.0436763
121	R	3.05658	0.00460018	0.341812	0.00341256	0.00520769	0.0232669	0.00956294	0.00645728	0.00524419	0.0106545	0.0757128	0.110565	0.00460705	0.00302241	0.0179921	0.115901	0.00561689	0.0198487	0.017953	0.178279	0.0083836	0.0319001
122	Q	3.07549	0.00668061	0.00384787	0.00150195	0.0114469	0.00159496	0.0129437	0.303487	0.00157325	0.00975828	0.0170458	0.0014806	0.065974	0.117844	0.107055	0.0115261	0.0599758	0.0508872	0.196909	0.0111313	0.00257832	0.00475847
123	A	2.68561	0.350739	0.360795	0.00612886	0.00835439	0.00992423	0.0237484	0.0401132	0.00317544	0.00323202	0.0171178	0.00654466	0.0105632	0.0130654	0.00205921	0.00628992	0.0205848	0.0236408	0.042483	0.0310962	0.0136264	0.00671845
124	N	2.07822	0.00166392	0.00484752	0.00431309	0.0055276	0.00224752	0.564547	0.0348924	0.0114624	0.00553987	0.00486626	0.0211746	0.248275	0.0427373	0.0143053	0.0070748	0.00084699	0.00375726	0.00166907	0.0130872	0.00231032	0.00485385
125	N	1.97881	0.0129137	0.658393	0.111379	0.00129214	0.00541661	0.00644954	0.00461642	0.00152751	0.00162138	0.0113125	0.00945607	0.0601898	0.000486949	0.00234058	0.0230268	0.00380357	0.00842924	0.00101515	0.0601267	0.0034073	0.0127963
126	G	3.62563	0.0281188	0.134547	0.016444	0.00906037	0.0584048	0.220571	0.00130637	0.016582	0.0238166	0.0481557	0.0173355	0.0617888	0.00678545	0.0828759	0.0121453	0.0186103	0.0120287	0.0419625	0.0307499	0.00609925	0.152612
127	D	3.35735	0.269791	0.00816925	0.055081	0.0279664	0.025191	0.0636324	0.151871	0.0160558	0.0215485	0.00835388	0.0123165	0.0241245	0.00194163	0.0155683	0.0385556	0.0421189	0.188121	0.00954103	0.00110153	0.0145633	0.0043878
128	D	2.82501	0.0701452	0.00327661	0.0301036	0.00676798	0.000130173	0.00732522	0.008556	0.0565719	0.00370309	0.0127477	0.0223003	0.381358	0.22832	0.00205216	0.0264402	0.0133941	0.104161	0.0161358	0.00201649	0.000624133	0.00387091
129	A	3.05603	0.183882	0.0065819	0.000718223	0.00595659	0.00306543	0.378235	0.00104096	0.0101025	0.0243348	0.0308978	0.0201381	0.012677	0.0471829	0.0432906	0.00796892	0.0655784	0.0655873	0.0160409	0.00606104	0.00139007	0.0692695
130	T	3.52309	0.00369792	0.078308	0.0185561	0.0259635	0.0277012	0.0108212	0.0138582	0.00421671	0.147148	0.0308389	0.00607826	0.00731221	0.0213872	0.02507	0.0742649	0.0256027	0.246124	0.150965	0.0540515	0.0206408	0.00739381
131	A	2.89561	0.171089	0.0149724	0.00483332	0.00347108	0.0110651	0.00380016	0.136112	0.0249426	0.00291023	0.0149502	0.0100563	0.0441696	0.410919	0.0536118	0.00999789	0.0173185	0.00609757	0.0379097	0.0041879	0.01257	0.00501566
132	G	3.0236	0.0217627	0.00966248	0.00821339	0.068937	0.0173062	0.486869	0.0158162	0.0483553	0.0414588	0.0252003	0.0141398	0.0495694	0.0263497	0.0587068	0.00549858	0.0179065	0.00261722	0.00943339	0.0362145	0.00529644	0.0306861
133	L	3.009	0.00599086	0.00560998	0.0211689	0.0107075	0.00947226	0.0151918	0.00699918	0.0983306	0.0159464	0.390722	0.085513	0.00392868	0.0210459	0.0115916	0.0406843	0.00818251	0.00212767	0.00785427	0.0121148	0.0474531	0.179364
134	T	3.16296	0.0297893	0.00652302	0.0273819	0.0320212	0.011066	0.0146839	0.00204939	0.00505864	0.010993	0.0148822	0.0223579	0.134501	0.0124581	0.00668127	0.0212965	0.113079	0.376456	0.100917	0.00828491	0.00909774	0.0404224
135	H	2.88321	0.0126077	0.0263039	0.0178059	0.015713	0.0356263	0.0160127	0.449044	0.00191392	0.00492438	0.0115038	0.0264605	0.0754412	0.0298415	0.0652888	0.00273854	0.00671478	0.020303	0.00212928	0.00589723	0.0060551	0.167674
136	M	3.04582	0.00266117	0.0124474	0.0191252	0.0056875	0.00996126	0.0128366	0.0257753	0.170491	0.0180718	0.244384	0.273726	0.00937981	0.0162372	0.00683817	0.00803488	0.0308128	0.00972243	0.103735	0.00187985	0.00525911	0.0129326
137	M	2.78578	0.00582585	0.00633792	0.0404093	0.113318	0.0139804	0.00523424	0.0029887	0.0233664	0.203186	0.0110418	0.423069	0.00262364	0.020247	0.0585153	0.0158108	0.00178139	0.0107028	0.0233006	0.0117782	0.00203578	0.00444669
138	I	3.11218	0.0474987	0.0620583	0.110927	0.00222986	0.0173231	0.00175741	0.0152972	0.206784	0.0897709	0.309464	0.0454395	0.00424268	0.00237104	0.0124036	0.00116858	0.0194589	0.0295379	0.00164288	0.0111241	0.00308085	0.00641932
139	W	2.84832	0.0104385	0.0290174	0.0513862	0.0176853	0.00883974	0.0537255	0.0583931	0.0149698	0.00758269	0.0126317	0.0138535	0.0658273	0.00961255	0.0154559	0.0166561	0.00914805	0.00396479	0.00512558	0.517844	0.0117752	0.0660669
140	H	2.94454	0.0186552	0.0202651	0.0373415	0.0258888	0.012375	0.008323	0.491335	0.0406506	0.0189988	0.0117297	0.0177204	0.0287662	0.0133429	0.116264	0.00494861	0.0129843	0.00839464	0.00884007	0.0250075	0.0110913	0.0670774
141	S	2.64013	0.00558904	0.0221563	0.0212836	0.0872542	0.0527317	0.0113683	0.0135563	0.0428485	0.0158837	0.00964984	0.0278017	0.00451581	0.0131318	0.00787063	0.00979466	0.56993	0.00688073	0.0307318	0.0301189	0.0100147	0.00688788
142	N	2.65045	0.0139759	0.01131	0.0169708	0.1003	0.0127459	0.0234173	0.0229378	0.0109802	0.0496402	0.0184854	0.0379714	0.562519	0.00341694	0.00870219	0.00385397	0.00613835	0.022009	0.00526899	0.0155299	0.0129118	0.0409147
143	L	3.08463	0.0245933	0.0160776	0.00971032	0.0213272	0.00797331	0.022179	0.129818	0.11873	0.00419095	0.379008	0.0345793	0.0102263	0.126179	0.00558243	0.00680717	0.00953372	0.0154985	0.00712469	0.00875721	0.00505223	0.0370518
144	N	2.82143	0.00593229	0.0113978	0.0241804	0.0120603	0.00727191	0.108507	0.00527742	0.0212281	0.01119	0.0065403	0.0244043	0.503159	0.0182175	0.010989	0.00563185	0.00948128	0.0623447	0.0194708	0.0849928	0.0104253	0.0372977
145	D	2.79034	0.031951	0.0800902	0.451917	0.0686038	0.00709878	0.00667436	0.00376466	0.0188044	0.0052777	0.00238021	0.00990694	0.0193642	0.0163812	0.0105519	0.00281111	0.00360777	0.0276355	0.0102379	0.0148802	0.0188251	0.189236
146	T	2.32208	0.0188339	0.0143095	0.00492779	0.00279328	0.00382513	0.00345614	0.0368818	0.00371775	0.00984343	0.0246584	0.0185713	0.00138529	0.00456431	0.0104612	0.00607479	0.577462	0.154876	0.000620533	0.00711301	0.0709998	0.0246244
147	T	2.98217	0.00537382	0.0429675	0.0246888	0.0159132	0.0124675	0.0180831	0.0686221	0.0327725	0.0175713	0.0217785	0.0238099	0.0392978	0.0231358	0.0302958	0.00586884	0.00327386	0.509237	0.0323678	0.00979652	0.0450126	0.0176661
148	Y	2.86574	0.00227113	0.0074968	0.0148193	0.00990629	0.0663494	0.0133145	0.00724354	0.0620837	0.0133853	0.0196685	0.0110723	0.0218097	0.198264	0.0249274	0.00607725	0.0141419	0.0214508	0.00976116	0.00771651	0.446097	0.022144
149	Q	2.53472	0.00929076	0.0113192	0.0157572	0.0076391	0.0134147	0.0104706	0.0184548	0.00522639	0.0336226	0.0119229	0.0342645	0.00695038	0.0167902	0.591649	0.0161239	0.0915906	0.025243	0.00724819	0.00968114	0.00773012	0.0556102
150	R	3.02683	0.0112689	0.00634286	0.007733	0.0931291	0.0207107	0.00738395	0.00747693	0.0175137	0.0261162	0.0225248	0.0338252	0.00822564	0.0525354	0.024129	0.474996	0.016918	0.00504686	0.0113902	0.0414842	0.0597776	0.0514718
151	T	2.9057	0.0202468	0.00961762	0.0255603	0.0414394	0.0152855	0.0132455	0.0215237	0.0137687	0.0261437	0.0126577	0.027485	0.0125425	0.0489492	0.00405869	0.0351531	0.021274	0.528446	0.0232534	0.0169631	0.00916312	0.073223
152	R	2.56306	0.0213055	0.00945357	0.0248351	0.0126537	0.0269943	0.00416365	0.00369044	0.017993	0.03045	0.0099368	0.00615894	0.00696934	0.0103522	0.0486451	0.463457	0.0153483	0.00298551	0.00418083	0.00848468	0.00434821	0.267594
153	A	3.03176	0.482609	0.0215363	0.014204	0.00891949	0.00850956	0.035697	0.0478669	0.0120935	0.00543175	0.0290901	0.00702164	0.0348231	0.0262698	0.0226882	0.0399794	0.00757393	0.0508984	0.0562592	0.0067896	0.00706261	0.0746769
154	L	1.57215	0.00258784	0.00447819	0.0214915	0.00130525	0.00488646	0.00378334	0.00229572	0.712619	0.000661425	0.167594	0.00135387	0.00674373	0.00439996	0.00425457	0.00297589	0.00269428	0.00493695	0.0326108	0.00277791	0.0057472	0.0098024
155	V	3.11576	0.0144883	0.00768633	0.046165	0.004047	0.0172802	0.00576355	0.00816905	0.0432879	0.0154066	0.025897	0.00336853	0.0059367	0.00613412	0.0229427	0.0584985	0.131535	0.254667	0.286011	0.00267919	0.00326026	0.0367761
156	R	2.65946	0.0308025	0.00659075	0.0237817	0.0141521	0.00605888	0.00987998	0.00539258	0.0108071	0.0312161	0.00173152	0.0657561	0.00462234	0.0182851	0.00494371	0.559484	0.056995	0.0387057	0.0342316	0.0125856	0.00488793	0.0590899
157	T	3.10856	0.185115	0.0949367	0.00155717	0.00246263	0.00577631	0.0050113	0.00983063	0.110442	0.00474183	0.0321191	0.0618534	0.000488486	0.00162989	0.0117565	0.0123168	0.287672	0.0935163	0.0684066	0.0031451	0.00117362	0.00604896
158	G	2.92348	0.0641811	0.0646317	0.017701	0.00167243	0.00425216	0.48791	0.0548117	0.0847814	0.00433539	0.0133412	0.00995774	0.0109704	0.00756345	0.0326536	0.00862703	0.0495232	0.0103356	0.0168068	0.0102764	0.0172577	0.0284105
159	M	2.96436	0.00345876	0.00725996	0.162973	0.0233585	0.00534722	0.0362341	0.0104978	0.0658462	0.00316919	0.117612	0.405181	0.00423962	0.00303176	0.0113276	0.00556383	0.00900054	0.00809612	0.0415825	0.0417389	0.0117216	0.0227609
160	D	2.91756	0.0139962	0.0642362	0.514242	0.0565579	0.0336732	0.0269794	0.0346201	0.0246799	0.0337657	0.0164552	0.00618804	0.0329045	0.0176156	0.0601219	0.0116641	0.0123412	0.00584909	0.0097843	0.00524647	0.013258	0.00582103
161	P	2.49769	0.480313	0.0040388	0.0114141	0.000984423	0.00105938	0.129121	0.00122519	0.00688599	0.00177206	0.00335293	0.00252565	0.0112015	0.149311	0.00170345	0.08779	0.0615834	0.00795365	0.0150013	0.00450574	0.00448785	0.0137697
162	R	2.72883	0.0123454	0.00997549	0.0125973	0.0407312	0.00539457	0.0234183	0.0107016	0.0473857	0.0813274	0.0126778	0.0185867	0.0101581	0.0169218	0.00815303	0.537366	0.00786719	0.0120396	0.0143931	0.015958	0.00616545	0.0958358
163	M	3.04701	0.00661967	0.258904	0.0117476	0.00329177	0.00388485	0.00666069	0.00739628	0.061883	0.00620411	0.00862034	0.214711	0.0061455	0.000694917	0.00163131	0.00191879	0.0179923	0.169399	0.0616063	0.114231	0.0281776	0.00828037
164	C	3.28632	0.263357	0.19224	0.00399438	0.00109862	0.0102994	0.0109841	0.0289534	0.109233	0.0303186	0.0141138	0.0109541	0.0609606	0.00290428	0.0245796	0.011735	0.141562	0.0150483	0.0377395	0.0211239	0.00329671	0.00550308
165	S	3.26352	0.121577	0.148148	0.0427971	0.0120129	0.013374	0.0102365	0.00161117	0.0647247	0.00120546	0.0248528	0.00248096	0.0798188	0.15574	0.00145871	0.0030085	0.244723	0.0494404	0.00418874	0.0082077	0.00676861	0.00362504
166	L	2.67184	0.00515735	0.0103671	0.0346551	0.0218866	0.0367205	0.00514303	0.0160867	0.0251843	0.0170455	0.509056	0.189824	0.0103298	0.0107273	0.011748	0.00150129	0.0165022	0.0183084	0.0066131	0.027013	0.0082927	0.0178381
167	M	2.9371	0.0070849	0.0159659	0.0196421	0.00664141	0.00293168	0.00835938	0.106482	0.0334226	0.0139427	0.164438	0.433822	0.00757973	0.00973039	0.0133671	0.0169382	0.0190057	0.0213038	0.00377551	0.00818778	0.0309234	0.0564558
168	Q	2.42603	0.474519	0.0315074	0.00697753	0.00769645	0.0278897	0.0035794	0.00720883	0.0100913	0.00553026	0.00551275	0.00916235	0.0185504	0.00412467	0.293079	0.0141724	0.0334461	0.0123245	0.00829791	0.00726335	0.0156349	0.0034322
169	G	2.95437	0.0592458	0.00555395	0.00842924	0.0168602	0.0140969	0.467196	0.143973	0.0166534	0.00327752	0.0212359	0.0311595	0.00638121	0.0254271	0.009011	0.00666754	0.014038	0.0531794	0.0279024	0.0370389	0.00968379	0.0229889
170	S	2.7227	0.0675601	0.00898723	0.00735567	0.0162808	0.0417503	0.00665409	0.00364506	0.0166413	0.0188581	0.0116093	0.00741284	0.0167169	0.00687104	0.0232902	0.0102376	0.493224	0.00661862	0.0244252	0.0259206	0.00557369	0.180368
171	T	2.94523	0.002209	0.324103	0.177787	0.0218698	0.00375174	0.00954089	0.0175788	0.0185105	0.00101063	0.0171269	0.158386	0.0345769	0.00974131	0.0122526	0.00167717	0.00642275	0.151276	0.0098871	0.00812704	0.00121106	0.0129532
172	L	3.33689	0.0652783	0.115939	0.00361647	0.0545899	0.0725488	0.0011707	0.00370026	0.00671934	0.00510304	0.337827	0.00644906	0.0821139	0.0222813	0.0459491	0.0235436	0.0390642	0.00558337	0.0702112	0.00881036	0.0114422	0.0180589
173	P	3.38275	0.0565863	0.0288867	0.0130117	0.0224875	0.00473345	0.0345938	0.124323	0.00547247	0.0111541	0.0254014	0.01863	0.0374231	0.369644	0.00180472	0.0426793	0.064705	0.0530091	0.0179471	0.00910732	0.0278527	0.0305482
174	R	1.93516	0.0128903	0.00983639	0.0142385	0.0284336	0.0030519	0.0133132	0.0152489	0.00435277	0.00516312	0.0152444	0.0147806	0.0188598	0.00503527	0.00741735	0.727858	0.00846727	0.00416631	0.00824013	0.0372458	0.0113478	0.034809
175	R	3.25196	0.0373267	0.022807	0.00538161	0.0072472	0.0652576	0.0107088	0.00783453	0.0409131	0.0375102	0.0344897	0.00916881	0.0190388	0.0650432	0.00780269	0.421674	0.00825582	0.00399938	0.0343359	0.0549428	0.0574776	0.048785
