#SITE	WT_AA	SITE_ENTROPY	PI_A	PI_C	PI_D	PI_E	PI_F	PI_G	PI_H	PI_I	PI_K	PI_L	PI_M	PI_N	PI_P	PI_Q	PI_R	PI_S	PI_T	PI_V	PI_W	PI_Y	PI_*
1	M	3.54014	0.0274241	0.0259812	0.0422666	0.0302568	0.0330344	0.0244315	0.114909	0.0115168	0.0370103	0.0234868	0.363571	0.0271308	0.0225335	0.0245923	0.0253995	0.00675022	0.0190635	0.021971	0.0549948	0.0353715	0.0283038
2	A	1.34647	0.80491	0.00688239	0.00502715	0.0114647	0.00745091	0.00753919	0.00235274	0.00426235	0.00566604	0.00338117	0.0102588	0.00406456	0.000728158	0.00415689	0.00618561	0.00238385	0.00407325	0.0856718	0.0138547	0.00482877	0.00485656
3	S	2.9232	0.105202	0.000562539	0.00189674	0.00124911	0.0173133	0.00198084	0.128647	0.00443594	0.0122276	0.0606497	0.329939	0.013815	0.00133308	0.00679306	0.00133403	0.14176	0.0232205	0.0092531	0.00105819	0.136209	0.00112023
4	Q	2.94355	0.0161176	0.0292272	0.000200462	0.000722876	0.220592	0.0045444	0.00105426	0.0281143	0.0136788	0.04649	0.001343	0.166335	9.60369e-05	0.0482533	0.000459063	0.312476	0.021664	0.0118305	0.00264133	0.0631577	0.0110029
5	G	2.53183	0.0244142	0.278366	0.0123785	0.00634194	0.00489453	0.418233	0.00477332	0.0039028	0.00898558	0.000988933	0.00858068	0.00615786	0.00672282	0.00227179	0.110044	0.0448405	0.0022979	0.00455985	0.0317035	0.0165698	0.002973
6	T	0.9748	0.00497654	0.00422411	0.00484258	0.00518987	0.00380694	0.0026849	0.0108626	0.00548248	0.00305932	0.00905236	0.0107444	0.00957611	0.00855088	0.00534041	0.00241761	0.00295536	0.887324	0.003627	0.00962489	0.00292763	0.00273042
7	K	1.31863	0.00139177	0.00382163	0.00800308	0.0138942	0.00534704	0.0114057	0.00327795	0.00421704	0.804613	0.00122228	0.00711852	0.0907687	0.00229614	0.00851731	0.00253645	0.00376588	0.00137954	0.00259314	0.0125526	0.00580863	0.00546949
8	R	1.9578	0.00306647	0.0128297	0.00573967	0.00352341	0.00581726	0.0320073	0.00292606	0.00304346	0.00473494	0.108227	0.00709148	0.0037161	0.00485935	0.117355	0.648963	0.00193393	0.0102355	0.00466481	0.0105612	0.00510738	0.00359774
9	S	2.79033	0.249068	0.0123722	0.00387872	0.00574145	0.00553699	0.0100238	0.00265145	0.0189211	0.00811778	0.0111607	0.0555795	0.00945282	0.00224694	0.031793	0.0025109	0.372615	0.0712106	0.00808767	0.00687729	0.110213	0.00194065
10	Y	3.07654	0.262886	0.017672	0.0114035	0.0011276	0.00261653	0.00215433	0.00481281	0.155881	0.00353714	0.0527015	0.0536788	0.058594	0.0349408	0.0105621	0.000149552	0.00568039	0.0304239	0.0107508	0.00161764	0.250608	0.0282023
11	E	2.83606	0.0081846	0.013743	0.0448722	0.496303	0.00469292	0.00479454	0.0355537	0.0192772	0.075476	0.00888378	0.021497	0.0286026	0.00184059	0.0255334	0.00407444	0.117493	0.00720711	0.0401501	0.00829199	0.00642657	0.0271027
12	Q	3.27867	0.0102996	0.0193777	0.00100551	0.00629232	0.00941635	0.0264122	0.0614544	0.00296774	0.332913	0.0133505	0.0383959	0.129665	0.000377637	0.111533	0.0478879	0.0313766	0.0749426	0.0568624	0.0203977	0.00398941	0.00108168
13	M	2.2178	0.0413749	0.00409522	0.0511956	0.00665059	0.00455063	0.0326167	0.0148478	0.0652262	0.0347941	0.0151897	0.649484	0.00579531	0.00243703	0.00763631	0.00626496	0.00121598	0.00449281	0.00206261	0.0260462	0.0119846	0.0120386
14	E	1.92015	0.0112075	0.00782162	0.0460182	0.720383	0.00685359	0.00526565	0.0142422	0.00460458	0.0279351	0.00619289	0.0172585	0.0368715	0.00202251	0.0123395	0.00392191	0.00314272	0.00198116	0.0065084	0.0337091	0.0226417	0.00907834
15	T	2.49593	0.00290057	0.0650441	0.00712046	0.132469	0.00369193	0.00297889	0.0492068	0.379208	0.00312327	0.00876066	0.00548134	0.0139983	0.00165609	0.00213281	0.000965529	0.00535006	0.293621	0.0108801	0.00517683	0.00322156	0.00301349
16	D	2.71159	0.00119066	0.0234384	0.413282	0.278729	0.00961155	0.0213865	0.00504187	0.0247762	0.00779494	0.00253082	0.0440355	0.0193959	0.00122043	0.0542357	0.00591501	0.00149572	0.0230794	0.0112063	0.0118489	0.013791	0.0259946
17	G	2.03934	0.0212569	0.0140823	0.00335098	0.00270557	0.00216157	0.179393	0.00105301	0.0497631	0.00835626	0.00121692	0.614113	0.0106484	0.0424751	0.00939465	0.000916791	0.0222705	0.00619308	0.0025166	0.00448268	0.00102997	0.00261945
18	E	2.18135	0.00159331	0.00513081	0.152175	0.101125	0.000477337	0.0118861	0.00123176	0.00465664	0.00423123	0.00398141	0.00235324	0.00661915	0.0517994	0.00887658	0.00616353	0.0152252	0.00439662	0.580636	0.00561383	0.0304753	0.00135206
19	R	2.2465	0.0350765	0.0457493	0.011766	0.036822	0.0151048	0.00124081	0.0178822	0.0048301	0.00642192	0.00156587	0.0161813	0.0485423	0.00184943	0.0218706	0.658562	0.00506493	0.0149567	0.0193382	0.0142152	0.010602	0.0123581
20	Q	1.31346	0.00269495	0.00505704	0.00430002	0.0137906	0.0165254	0.00251346	0.00681974	0.00279208	0.0202293	0.00525885	0.012485	0.00501446	0.0203983	0.834645	0.012075	0.00647528	0.00386732	0.00820017	0.00553197	0.00441701	0.0069092
21	N	3.06696	0.00223842	0.277152	0.00255391	0.00350154	0.00610083	0.00490029	0.0249751	0.0371245	0.0168103	0.0291268	0.0105536	0.246711	0.00446705	0.0161188	0.0575389	0.0235898	0.180447	0.00419159	0.0127654	0.019051	0.020082
22	A	2.64954	0.152429	0.00382586	0.000578098	0.00402614	0.0133365	0.0569098	0.00913909	0.00173663	0.156024	0.00134606	0.00405564	0.00954052	0.0201279	0.0150438	0.042067	0.0247123	0.0153327	0.455184	0.00583434	0.000389468	0.00836193
23	T	2.56253	0.102994	0.00426561	0.000643791	0.00790545	0.000552426	0.00473237	0.00147106	0.0324759	0.018172	0.209183	0.000585525	0.0198091	0.00137337	0.013327	0.0116095	0.437996	0.105555	0.016447	0.00055235	0.00432984	0.00601984
24	E	1.46417	0.00208535	0.00225762	0.00135734	0.0754055	0.000781493	0.000128539	0.000546589	0.0175454	0.0398514	0.00969896	0.00126124	0.000904493	0.000802099	0.0616339	0.00284998	0.00298465	0.00227483	0.0170271	0.000583319	0.00088116	0.759139
25	I	0.714362	0.000680885	0.000317521	0.00111495	0.000193719	0.000389374	0.0309435	0.00337751	0.0309753	0.000246157	0.00332868	0.904475	0.000394108	0.00211127	0.000109225	0.000615556	0.00106059	0.00231332	0.0123954	0.0016082	0.0014931	0.00185633
26	R	2.62249	0.0495583	0.0060273	0.00252202	0.0580962	0.246815	0.0119831	0.00299648	0.00416036	0.237077	0.0101409	0.00565622	0.00280148	0.00309899	0.0204711	0.315629	0.00827606	0.00274304	0.00225902	0.00543176	0.00173221	0.00252416
27	A	2.2154	0.152537	0.001141	0.00154631	0.00269121	0.0114029	0.00281175	0.0481673	0.00406706	0.601683	0.0320853	0.00791123	0.0079172	0.0210902	0.00574655	0.0365389	0.0117418	0.0327665	0.00566829	0.000216058	0.00184148	0.0104293
28	S	2.34959	0.374536	0.0093756	0.00466342	0.00627362	0.000829655	0.037768	0.0180389	0.00106643	0.0363403	0.0010307	0.00153872	0.372589	0.00101036	0.00360497	0.0511185	0.0558536	0.000360792	8.14221e-05	0.0033072	0.000544249	0.0200689
29	V	2.50674	0.0108742	0.00629645	0.00929217	0.0216667	0.0152442	0.0145011	0.00313799	0.312675	0.0211049	0.00548742	0.0138739	0.00669169	0.00964096	0.0106229	0.0127549	0.00784047	0.0331717	0.445919	0.023982	0.00288536	0.0123365
30	G	3.00249	0.187877	0.00357059	0.00105491	0.0134303	0.317513	0.184751	0.00144255	0.00942098	0.0502014	0.0207859	0.00753338	0.00318143	0.00147073	0.00403311	0.0207308	0.0336322	0.0621452	0.00428523	0.0141524	0.00503537	0.0537529
31	K	2.55931	0.0125412	0.00649947	0.00614633	0.0160277	0.0073385	0.00189346	0.00498138	0.0174901	0.467985	0.00767842	0.040213	0.0150272	0.251705	0.00453487	0.054682	0.0379615	0.010629	0.00253385	0.0256041	0.00434176	0.00418649
32	M	2.1228	0.00379596	0.00492797	0.00452739	0.00793722	0.00792569	0.00912338	0.0100836	0.0372268	0.00594865	0.00561256	0.65737	0.0729447	0.0120265	0.00333196	0.0165268	0.0038313	0.0151683	0.00795423	0.0901216	0.0129476	0.010668
33	I	2.57739	0.0191632	0.00316277	0.0114648	0.0315149	0.0381337	0.0147195	0.00257091	0.583539	0.00535956	0.0166374	0.0626953	0.0286541	0.00590717	0.0129671	0.00711666	0.0218322	0.0101466	0.077209	0.0107775	0.0184103	0.0180186
34	D	2.95367	0.0549687	0.000315967	0.059309	0.0941385	0.00198538	0.00692719	0.0328919	0.0142994	0.00571319	0.0644493	0.370695	0.00716882	0.000169129	0.0218827	0.00153709	0.0331053	0.00503146	0.199255	0.0214511	0.000981046	0.00372543
35	G	2.48063	0.0428161	0.00652142	0.00340588	0.00686867	0.0657917	0.582153	0.0824916	0.0146207	0.014427	0.00400348	0.0195774	0.0190647	0.00215694	0.00295875	0.0594395	0.0251021	0.00240723	0.00967377	0.0252017	0.0037435	0.00757474
36	I	2.98018	0.00220662	0.024309	0.0116232	0.0350976	0.00542165	0.00327773	0.00263683	0.452721	0.0052184	0.020373	0.0227381	0.00838667	0.0139399	0.0288274	0.0486826	0.0594494	0.103225	0.0159097	0.0202917	0.00937943	0.106286
37	G	2.73421	0.0137737	0.0424769	0.0382824	0.0197771	0.00891274	0.536066	0.0104776	0.0305409	0.00363927	0.0881362	0.016074	0.00568146	0.00489283	0.0166342	0.00432361	0.00458833	0.0113596	0.0148175	0.0661599	0.0104769	0.052909
38	R	2.97128	0.0132194	0.0182265	0.0169391	0.0200208	0.00722086	0.0220502	0.0538543	0.00523945	0.00818789	0.00507563	0.017344	0.0384313	0.0474452	0.0563127	0.487345	0.0959517	0.01855	0.00427385	0.0375899	0.0081773	0.018545
39	F	2.1932	0.00366203	0.0108517	0.00235774	0.00912567	0.234703	0.00560068	0.00592017	0.0103405	0.00903265	0.00299731	0.0257622	0.00629214	0.0279096	0.013053	0.0144164	0.00115113	0.00396758	0.0240542	0.565687	0.00693503	0.0161809
40	Y	2.23293	0.00309999	0.00352359	0.00545834	0.00449167	0.0051089	0.00458934	0.359384	0.00359165	0.00319804	0.0129697	0.00503934	0.0107886	0.0147268	0.0563658	0.00459045	0.00221286	0.00190039	0.00238496	0.0185883	0.431892	0.0460955
41	I	3.61715	0.0161196	0.0419824	0.00864362	0.0256382	0.0231339	0.167111	0.00935516	0.227533	0.00332821	0.131221	0.0102407	0.0451011	0.024982	0.0781751	0.0606776	0.0305003	0.0316961	0.020195	0.0274391	0.00463147	0.0122957
42	Q	2.59956	0.00312441	0.0433261	0.00918378	0.0115754	0.00663905	0.0910679	0.039277	0.00529902	0.0227213	0.00762958	0.0265974	0.00474296	0.00705447	0.553508	0.0255546	0.00470276	0.00783078	0.0132975	0.0111064	0.0120255	0.0937365
43	M	3.03085	0.00733482	0.00938788	0.0102081	0.0189657	0.0221411	0.00182395	0.284056	0.024242	0.00742415	0.105758	0.240029	0.156957	0.00141824	0.00682756	0.00202824	0.0307086	0.00757285	0.00447976	0.0126154	0.0331384	0.0128835
44	C	3.40069	0.0344757	0.340311	0.0163381	0.0463762	0.0136097	0.0189693	0.00659994	0.126972	0.0626126	0.103193	0.0261643	0.00372686	0.00223295	0.0150795	0.0167143	0.00426194	0.0543829	0.0337872	0.034058	0.0144737	0.0256607
45	T	3.4889	0.0100573	0.0170953	0.0425446	0.0205532	0.00326523	0.0525217	0.0353099	0.0418662	0.0882671	0.0363117	0.0542538	0.0056883	0.0220704	0.0129324	0.0154491	0.0819082	0.336338	0.089506	0.0141145	0.00508314	0.014864
46	E	3.34576	0.00616615	0.0623692	0.0404745	0.233481	0.00790151	0.0441904	0.00197818	0.120817	0.00457449	0.0159137	0.0303655	0.0140695	0.238933	0.0113768	0.015591	0.00629953	0.0812928	0.0268219	0.00478403	0.00691031	0.0256897
47	L	3.11335	0.0157991	0.0190526	0.0352983	0.00887841	0.00907399	0.00541303	0.0777741	0.014472	0.0177811	0.409442	0.017411	0.0229697	0.0832033	0.00305252	0.139742	0.0267116	0.0565339	0.00793124	0.00865581	0.00651112	0.0142934
48	K	3.0623	0.057828	0.0127578	0.00473056	0.0082431	0.00531413	0.0499365	0.00854464	0.0022401	0.246195	0.0312661	0.360355	0.0460171	0.00571239	0.020042	0.0294008	0.0320185	0.0234713	0.00550989	0.0164097	0.0226948	0.0113127
49	L	1.32617	0.00130271	0.00240756	0.00139075	0.000396615	0.00259213	0.00163992	0.00168128	0.00155989	0.000336828	0.0666076	0.0385688	0.00731873	0.0055149	0.0187883	0.00231764	0.00169488	0.0530778	0.00108254	0.00125157	0.000852177	0.789617
50	S	2.68175	0.510529	0.0281659	0.00413599	0.00928072	0.00290463	0.0464534	0.00375022	0.00296618	0.0858854	0.0195738	0.00132587	0.0202596	0.014493	0.0481138	0.0176883	0.0964085	0.0723127	0.00200033	0.00768354	0.00011838	0.00595026
51	D	3.66685	0.0192285	0.0416229	0.148562	0.0770366	0.000898931	0.0626221	0.00311817	0.0218877	0.00122902	0.0417445	0.151455	0.110756	0.0566999	0.0134091	0.0637901	0.00967451	0.126917	0.0325722	0.00402965	0.00478449	0.00796081
52	Y	2.96108	0.0503446	0.00274535	0.0176339	0.0410379	0.0264542	0.00782302	0.0211476	0.0293472	0.00350465	0.00572174	0.0457982	0.0626913	0.011181	0.00661937	0.0114854	0.00866579	0.103249	0.0364845	0.018085	0.480459	0.00952119
53	E	2.21563	0.030447	0.0157516	0.00549835	0.365162	0.00167873	0.000708285	0.00993826	0.0121538	0.00429008	0.0370742	0.0162751	0.00332957	0.0131203	0.0051241	0.00110869	0.00671842	0.0154306	0.00764051	0.442853	0.00264254	0.00305452
54	G	2.85141	0.0731661	0.0203652	0.026044	0.0270819	0.00103152	0.224436	0.393736	0.00243665	0.00190286	0.00837381	0.00225243	0.012828	0.0233658	0.00712228	0.0112839	0.0391743	0.0941068	0.00613245	0.00421402	0.0033627	0.0175837
55	R	2.55198	0.00526292	0.00499522	0.0645336	0.0738272	0.00443855	0.00517253	0.0265764	0.00462986	0.00815401	0.017431	0.0163582	0.0111337	0.0118288	0.183954	0.510202	0.00884212	0.0114028	0.00338991	0.00359407	0.00891696	0.0153562
56	L	2.82068	0.0162223	0.00132076	0.00422467	0.000701277	0.000160391	0.00507614	0.00143286	0.0334432	0.0087169	0.211504	0.0254481	0.149112	0.258866	0.00384492	0.00946144	0.00368053	0.222108	0.0293546	0.00582035	0.00216752	0.00733402
57	I	2.78219	0.00597108	0.00124406	0.0312245	0.00257026	0.00729735	0.0127081	0.00169729	0.294353	0.0848976	0.344471	0.00516497	0.0164455	0.0303191	0.00200214	0.0943252	0.0143065	0.00819187	0.0140545	0.00982116	0.0140239	0.00491094
58	Q	2.93015	0.0148186	0.00196335	0.0104813	0.11308	0.00406641	0.00640599	0.00373952	0.000843368	0.00379985	0.00761515	0.0027221	0.137397	0.00785372	0.232361	0.216586	0.00930807	0.00540771	0.00724594	0.0155603	0.19137	0.00737502
59	N	2.77672	0.00412577	0.0214752	0.00469154	0.00599399	0.0245321	0.215707	0.00721635	0.01358	0.0354411	0.00603856	0.016398	0.460556	0.0163238	0.0109925	0.0291606	0.0044802	0.0360152	0.0127457	0.0251634	0.00390983	0.0454525
60	S	2.92228	0.00168709	0.134495	0.0127762	0.0374156	0.00704858	0.00479969	0.00409603	0.113026	0.0114125	0.0416631	0.00627596	0.0383096	0.00504053	0.00757768	0.00337176	0.438635	0.00571372	0.0541071	0.0126008	0.0263224	0.0336249
61	L	2.78505	0.00828903	0.129652	0.0146342	0.00339044	0.0281007	0.00313072	0.0476035	0.0929706	0.0084623	0.490955	0.00350291	0.018368	0.0112699	0.0194262	0.00712094	0.00209299	0.0183253	0.0135072	0.0179405	0.0103199	0.0509379
62	T	2.85694	0.0250946	0.0321067	0.00293329	0.00842503	0.0341279	0.0239469	0.0268139	0.00228816	0.0106688	0.0168874	0.00624244	0.0302483	0.132508	0.0290171	0.00369696	0.052619	0.498796	0.0286742	0.00816117	0.0136267	0.0131176
63	I	2.717	0.0124944	0.0276398	0.00494508	0.00324826	0.00148746	0.00644651	0.0174374	0.306516	0.0136868	0.020448	0.00702493	0.00966111	0.00678992	0.0138486	0.00887823	0.00417997	0.00765711	0.226297	0.0233717	0.00288933	0.275052
64	E	3.21308	0.00438687	0.038307	0.00372698	0.268258	0.00805052	0.0183755	0.0215036	0.238574	0.0402764	0.0169311	0.154357	0.00532627	0.0639491	0.00710096	0.028733	0.0107019	0.0136634	0.0115814	0.0101558	0.0308189	0.00522141
65	R	2.7608	0.00138254	0.00333053	0.0150136	0.0197582	0.0483683	0.00276073	0.0121611	0.00138662	0.0303249	0.00410986	0.029763	0.0204478	0.0074896	0.00414718	0.295692	0.267934	0.00988656	0.00151089	0.00829321	0.00127455	0.214965
66	M	2.92731	0.0201307	0.0175128	0.0160861	0.0215804	0.00971184	0.317299	0.00597949	0.0423563	0.00823958	0.00651673	0.343786	0.0185995	0.0125603	0.00981404	0.0370653	0.00293685	0.023717	0.014862	0.028002	0.037866	0.0053783
67	V	3.37548	0.0397536	0.0311503	0.0152573	0.0195466	0.0228344	0.0437551	0.0283455	0.023203	0.0169153	0.00816032	0.274625	0.031512	0.0396713	0.012315	0.00698322	0.00997633	0.00903414	0.266066	0.064472	0.0228588	0.0135647
68	L	3.32081	0.0163015	0.04341	0.0277523	0.0386812	0.0140172	0.00706608	0.00850997	0.00668559	0.0111618	0.343805	0.188816	0.0194102	0.0362964	0.0729513	0.0193199	0.00260405	0.0163895	0.0169719	0.0266452	0.0274261	0.0557786
69	S	2.68851	0.0864982	0.0390945	0.00651145	0.013892	0.0092717	0.0414457	0.00705777	0.00770228	0.00476851	0.0110821	0.0120655	0.0686235	0.00720744	0.00805454	0.00495178	0.530806	0.0195211	0.00368023	0.0117399	0.0179031	0.0881229
70	A	2.7943	0.366977	0.0250677	0.28603	0.0237375	0.0084738	0.0186956	0.00264509	0.0912193	0.00255328	0.00852638	0.0181606	0.00402216	0.00522831	0.00560624	0.00785246	0.00586649	0.00969518	0.00712638	0.00708017	0.051832	0.0436053
71	F	3.14896	0.0322079	0.0139851	0.00670528	0.0135958	0.269644	0.00406449	0.0553084	0.00737175	0.0188487	0.0196388	0.0037691	0.00751766	0.0298073	0.00173485	0.00567343	0.0954913	0.0271165	0.0291251	0.00359254	0.281788	0.0730134
72	D	2.73323	0.0788499	0.0132578	0.554451	0.0307095	0.00542724	0.0629656	0.0247988	0.0171896	0.0117694	0.00511521	0.0135477	0.0145642	0.012403	0.00504385	0.0350674	0.0140865	0.0289179	0.0155058	0.00801595	0.0343517	0.0139615
73	E	3.41537	0.0642424	0.00450824	0.0405346	0.0495416	0.272593	0.0612523	0.0200314	0.15264	0.0399668	0.0137553	0.0569649	0.0122221	0.000153508	0.0780787	0.010573	0.0106507	0.100898	0.00419514	0.00363707	0.000179529	0.0033805
74	R	2.98726	0.0353457	0.0206184	0.00984656	0.0384896	0.00377481	0.00193979	0.00826064	0.0019791	0.234696	0.0123071	0.00578352	0.00844144	0.00624027	0.00797942	0.323824	0.00717869	0.00526284	0.065288	0.041452	0.0146995	0.146592
75	R	2.37964	0.00266637	0.00743523	0.0201297	0.0304437	0.0205595	0.0164966	0.00767414	0.0167493	0.0806062	0.00493737	0.021617	0.0246745	0.00556764	0.0135894	0.624163	0.00198539	0.00819815	0.00353641	0.0237865	0.0150912	0.0500921
76	N	2.82117	0.045927	0.0123373	0.00348495	0.34417	0.00945296	0.0172958	0.00310996	0.0165981	0.0777126	0.0279379	0.00759656	0.208091	0.00163594	0.00263083	0.00148152	0.00559656	0.0110852	0.001793	0.185653	0.0151624	0.00124716
77	K	2.39219	0.00117027	0.00772456	0.00295809	0.00551257	0.00143856	0.219549	0.0241716	0.353662	0.0145222	0.0129446	0.00178634	0.0044759	0.000770941	0.0141543	0.279964	0.0477453	0.00086603	0.00265978	0.000623922	0.000247663	0.00305232
78	Y	0.491274	0.00202406	0.000720347	0.00190736	0.00175051	0.945062	0.000354487	0.00123477	0.0018792	0.00136493	0.00031964	0.00463603	0.00365249	0.002572	0.000766574	0.000881125	0.000180163	0.00024601	0.000478508	0.0105225	0.0168765	0.00257108
79	L	2.68054	0.0018838	0.00920303	0.0114047	0.00264511	0.00966665	0.0297464	0.00525397	0.0245064	0.0143642	0.511293	0.0301717	0.00924286	0.0105124	0.019847	0.0464696	0.00931081	0.0181885	0.167428	0.0127023	0.00402489	0.0521343
80	E	3.6055	0.0311475	0.110147	0.0153215	0.3035	0.00444814	0.0546722	0.0296801	0.0591199	0.0548258	0.0166424	0.0698027	0.0204036	0.00530996	0.0307261	0.0121381	0.0159372	0.0443339	0.0732458	0.00369392	0.0212274	0.0236768
81	E	3.32305	0.00275505	0.0353454	0.0249559	0.272107	0.0764337	0.0265314	0.0117111	0.255036	0.012877	0.0500196	0.00380171	0.0212269	0.0046013	0.00504251	0.027034	0.0376456	0.0300011	0.0438407	0.00514394	0.0466936	0.00719647
82	H	3.50493	0.0122863	0.220858	0.000932447	0.00823762	0.0596935	5.46064e-05	0.110046	0.00707062	0.00698486	0.0157605	0.0360252	0.020732	0.000516745	0.141258	0.0278042	0.0363735	0.0385711	0.0171832	0.104926	0.11996	0.0147258
83	P	3.43385	0.0918316	0.00622881	0.00395151	0.00418447	0.00288466	0.108538	0.00727435	0.00457298	0.0106373	0.00196451	0.0142144	0.224869	0.136008	0.0890434	0.0527199	0.0256768	0.029723	0.102764	0.00182648	0.00549893	0.0755878
84	S	3.07292	0.235888	0.0690991	0.00702167	0.00120058	0.00266822	0.0442642	0.000544101	0.00137858	0.00533085	0.304165	0.044887	0.0454405	0.0382427	0.0471239	0.00187281	0.103959	0.0222112	0.00366356	0.00741143	0.00817538	0.00545206
85	A	2.32464	0.0605358	0.0026797	0.000399614	0.000374986	0.000795652	0.0104016	0.0140534	0.00763973	0.0106922	0.0230172	0.0213709	0.0601224	0.626342	0.00851003	0.0175574	0.0182052	0.0447677	0.031471	0.00489269	0.00335897	0.0328122
86	G	1.44551	0.0101308	0.00297842	0.00101269	0.00398152	0.000841918	0.0276197	0.0104263	0.000783903	0.0582079	0.0248937	0.000350879	0.787487	0.0012909	0.00637009	0.0333664	0.00439189	0.00534267	0.000648946	0.015356	0.00241302	0.00210492
87	K	2.33057	0.00197019	0.00932759	0.00902161	0.0572362	0.00322807	0.0265176	0.00235185	0.0165927	0.639961	0.0115505	0.0190495	0.00761776	0.0105881	0.0179838	0.0552149	0.0122607	0.0258604	0.0372227	0.00657594	0.00796393	0.021905
88	D	0.327173	0.000197971	0.00342374	0.0165575	0.0018474	0.000489929	0.000294617	0.000482526	0.00173706	0.00106838	0.00068761	0.000828375	0.963848	0.00012405	0.000976371	0.000462774	0.000374544	3.3617e-05	0.000268864	0.000409599	0.00030984	0.00557701
89	P	3.15534	0.202347	0.326105	0.0133011	0.00863135	0.0134084	0.0434853	0.00196858	0.00667212	0.0160658	0.0251589	0.0077492	0.0174771	0.147616	0.00574905	0.00811123	0.056115	0.00796989	0.0163614	0.0141186	0.0273226	0.0342675
90	K	2.64369	0.00379844	0.00821416	0.000916404	0.00176237	0.000882536	0.0146882	0.0356966	0.00648077	0.119612	0.0102984	0.406447	0.0195373	0.0036822	0.249175	0.0404039	0.00895559	0.0479213	0.0125625	0.0048987	0.00159145	0.00247532
91	K	2.25304	0.00810676	0.00522415	0.0150458	0.006079	0.00335083	0.022952	0.00158187	0.0169222	0.568826	0.00725781	0.00377001	0.014109	0.0048141	0.00852076	0.155929	0.00142225	0.0083664	0.0155282	0.00790562	0.00212441	0.122164
92	T	2.51907	0.006638	0.00420689	0.0101363	0.00625202	0.107381	0.00251315	0.00295389	0.00520857	0.0068408	0.00841688	0.0163062	0.0505662	0.00837906	0.00341979	0.0106872	0.0110313	0.453369	0.0109533	0.0207812	0.0052507	0.248708
93	G	1.96219	0.00892602	0.0105106	0.00679317	0.0233362	0.0181723	0.709856	0.00519963	0.00436036	0.00504949	0.00435901	0.0176417	0.0127455	0.0175921	0.00759066	0.00411995	0.00247245	0.00708693	0.00407801	0.0592142	0.0249856	0.0459102
94	G	2.68513	0.0140333	0.031275	0.0157833	0.033926	0.0163591	0.579525	0.00791246	0.00949061	0.0178844	0.0399455	0.0143389	0.0467091	0.00657851	0.0252428	0.0115032	0.00517662	0.0271976	0.00896214	0.0141074	0.0526906	0.0213586
95	P	3.30316	0.00533211	0.0375809	0.118537	0.00977201	0.0157534	0.00979131	0.175034	0.00947182	0.0211477	0.0205676	0.0157306	0.0289271	0.336279	0.0124549	0.0264515	0.010246	0.0091888	0.0399926	0.0281554	0.0103765	0.0592093
96	I	2.87426	0.0307884	0.0088719	0.00449329	0.0194179	0.0129773	0.0113631	0.00242482	0.282035	0.00994164	0.37596	0.0531488	0.00410594	0.0135111	0.0106029	0.0180854	0.00165104	0.01289	0.0584225	0.0289491	0.0223026	0.0180574
97	Y	3.06875	0.00713762	0.00642543	0.01337	0.00955829	0.114979	0.153638	0.0131538	0.0134868	0.00427171	0.00801806	0.0221828	0.00779383	0.0156165	0.0809669	0.0146823	0.0104663	0.00760694	0.064393	0.0154254	0.389684	0.0271424
98	K	2.86968	0.0128319	0.0225128	0.00276631	0.0283443	0.00731811	0.0184872	0.0212034	0.00838191	0.462251	0.19909	0.019385	0.0135893	0.0052956	0.01315	0.0352801	0.0326929	0.0345687	0.00649829	0.0128996	0.0215924	0.021861
99	R	3.13162	0.078263	0.0206752	0.00241559	0.0258279	0.00366296	0.160036	0.0645514	0.0102911	0.109721	0.00249575	0.0171308	0.00319602	0.00132146	0.00563237	0.353798	0.0120133	0.00982833	0.0148024	0.00940395	0.0413305	0.0536025
100	V	2.17589	0.647932	0.00187436	0.00310379	0.0152609	0.00810696	0.029436	0.00996002	0.00273139	0.0672204	0.0146737	0.000847936	0.0767795	0.0140339	0.00415754	0.0110293	0.0221819	0.00703643	0.039055	0.00198333	0.0209888	0.00160672
101	D	2.61566	0.00319371	0.00312671	0.317984	0.0220847	0.00401225	0.0274897	0.00437718	0.00664527	0.0345895	0.00290914	0.00688309	0.0823122	0.00958818	0.00530226	0.00621746	0.00361047	0.0643842	0.0132821	0.00519923	0.00431137	0.372497
102	R	3.45602	0.0425389	0.0927512	0.00879518	0.011719	0.0488718	0.021832	0.0379901	0.00531666	0.0116906	0.00820712	0.0950215	0.00609935	0.00881582	0.00775701	0.289901	0.0164726	0.0321711	0.00350588	0.0291344	0.0792824	0.142126
103	K	3.36937	0.0225443	0.0151909	0.00827736	0.0476704	0.00825414	0.0240851	0.0150525	0.00964083	0.34743	0.0583827	0.0288127	0.0608585	0.00824525	0.0406425	0.0401596	0.0480762	0.0204929	0.166855	0.0116328	0.00933192	0.00836459
104	W	2.29788	0.0123276	0.00428083	0.0423628	0.0101594	0.0138516	0.00362446	0.00674743	0.0417053	0.00636752	0.00550675	0.0107907	0.00574573	0.00383425	0.00359984	0.00922949	0.00204701	0.0109895	0.0204001	0.547244	0.0131392	0.226046
105	M	2.04381	0.00111538	0.663487	0.00260055	0.00185983	0.0468184	0.0156634	0.0045987	0.0122365	0.0368889	0.028839	0.0472612	0.0722052	0.00168071	0.0128873	0.00395009	0.00625183	0.000649444	0.000672924	0.0394065	0.000468098	0.000459335
106	R	2.29533	0.0126357	0.0114757	0.015247	0.048964	0.00989755	0.00824673	0.0151315	0.0200955	0.0139319	0.0048042	0.0131885	0.0130237	0.013171	0.0215665	0.657229	0.00703777	0.00372348	0.01031	0.0452581	0.0431228	0.0119399
107	E	2.88184	0.0131387	0.00568426	0.0450252	0.500891	0.0181527	0.0192388	0.0073434	0.0357483	0.0137358	0.0462261	0.0149012	0.109376	0.00517816	0.0190338	0.0668137	0.00558201	0.0103307	0.0254506	0.0091309	0.0211346	0.00788424
108	L	3.29898	0.00679782	0.0493617	0.00733406	0.0221936	0.0199364	0.0400424	0.0907064	0.00430963	0.0233487	0.327171	0.0640708	0.00649458	0.0241455	0.195207	0.0208674	0.0130123	0.0166482	0.0409782	0.0100982	0.00778064	0.00949557
109	V	2.24883	0.0128529	0.603416	0.0108	0.00126598	0.0111173	0.000554397	0.0311511	0.024545	0.00363502	0.0496976	0.00757122	0.00509154	0.0135219	0.00426558	0.00527489	0.00484032	0.00526635	0.117775	0.00505194	0.0014289	0.0808777
110	L	2.52069	0.0167678	0.036941	0.00542011	0.00832961	0.0354428	0.00833719	0.00422233	0.0189541	0.00568321	0.579787	0.0145191	0.0406331	0.0112657	0.00457842	0.0118972	0.0156706	0.010648	0.0439971	0.00981968	0.00469701	0.112389
111	Y	1.93193	0.000351831	4.00514e-05	0.0020519	0.000319606	0.668355	0.000229125	0.0503815	0.0450988	0.0105034	0.00715408	0.031769	0.00117717	0.00086388	0.00234183	0.00432456	0.00191378	0.053529	0.0556233	0.000418206	0.0621366	0.00141688
112	D	2.72477	0.0117817	0.0214716	0.233277	0.0321863	0.0100307	0.0446963	0.0206645	0.0151163	0.0025206	0.00452253	0.00528719	0.417742	0.00865208	0.00228517	0.0132836	0.0138132	0.0101048	0.00487189	0.00410391	0.00422109	0.119367
113	K	2.37765	0.00954278	0.0140398	0.0126636	0.0223132	0.0684021	0.00678157	0.00344248	0.0239323	0.618548	0.00622033	0.0115947	0.019542	0.0126376	0.0803608	0.0322473	0.00712821	0.00257351	0.0036846	0.0107049	0.0263531	0.00728757
114	E	2.87535	0.00396503	0.00721235	0.362356	0.159761	0.0790222	0.0104324	0.0276362	0.0159111	0.113864	0.00344315	0.00902031	0.00180676	0.00981507	0.152158	0.00164765	0.0184894	0.00541077	0.00750254	0.00346042	0.00298205	0.00410336
115	E	2.83572	0.00863474	0.00638378	0.038029	0.388666	0.276547	0.00854076	0.00917246	0.0101923	0.0296071	0.0181442	0.00791334	0.00875631	0.00872065	0.0279733	0.00343971	0.00860967	0.0312115	0.00765064	0.00809675	0.0209367	0.0727741
116	I	2.38531	0.00153937	0.0292632	0.00578521	0.0105783	0.00255544	0.000949158	0.0174327	0.266796	0.0107867	0.0392704	0.00317013	0.0117409	0.00182746	0.00250344	0.00216958	0.00579531	0.00668034	0.456861	0.00303252	0.0107505	0.110512
117	R	2.66375	0.00299668	0.0554758	0.0116901	0.0078884	0.0296287	0.00458486	0.011693	0.0034314	0.0161769	0.00984087	0.0143105	0.0142694	0.00721623	0.234942	0.459547	0.0138361	0.0150614	0.00323023	0.0209108	0.00389466	0.0593744
118	R	3.1731	0.0615222	0.0129832	0.0268735	0.0169467	0.018665	0.00607927	0.00893924	0.0174275	0.18075	0.00410994	0.0184507	0.00701101	0.0154258	0.0389236	0.349868	0.00324208	0.121212	0.0579999	0.0158786	0.00757539	0.0101171
119	I	2.88452	0.0570127	0.384394	0.0335676	0.00713847	0.0114915	0.00285871	0.0125369	0.269962	0.00905842	0.037286	0.0379803	0.0309757	0.00269067	0.0307755	0.00707224	0.0109828	0.00989674	0.00510083	0.0219892	0.00704251	0.0101863
120	W	2.68004	0.00750962	0.00737469	0.0247179	0.0637095	0.0236554	0.0134636	0.00645469	0.0204747	0.00538113	0.00317193	0.0257603	0.226734	0.0175125	0.00539761	0.0107047	0.00683619	0.00279116	0.0114187	0.467688	0.0137522	0.0354914
121	R	3.18449	0.00512916	0.228892	0.00281915	0.00232576	0.0156834	0.0110787	0.0164436	0.00350311	0.0271189	0.078194	0.167161	0.00354105	0.00169674	0.0181599	0.158047	0.00335753	0.0194881	0.0221493	0.182498	0.00616703	0.0265466
122	Q	2.8086	0.00636236	0.0052927	0.00087212	0.0046879	0.00156066	0.00881108	0.305048	0.0041346	0.00162249	0.00846982	0.00288659	0.0354966	0.140556	0.109543	0.00775254	0.0638167	0.0413504	0.248074	0.00231417	0.000862093	0.000486096
123	A	2.53145	0.401976	0.347503	0.0129461	0.00471247	0.00910379	0.0156428	0.0444318	0.00515324	0.00659476	0.0120422	0.00987418	0.00980546	0.00815945	0.00986399	0.00474609	0.0225582	0.0143352	0.0323202	0.0209947	0.00242862	0.00480751
124	N	2.36624	0.00390566	0.00312542	0.0071645	0.00690187	0.00250142	0.351646	0.0418647	0.0171549	0.00740091	0.00389724	0.00704891	0.407499	0.0469443	0.057658	0.00183523	0.00295409	0.00525865	0.00185983	0.012843	0.00670411	0.00383166
125	N	1.68191	0.0134803	0.717609	0.100314	0.000533277	0.00317429	0.00385035	0.00253654	0.000918197	0.00475607	0.00517974	0.00267535	0.053991	0.000196346	0.00290849	0.0198462	0.00465112	0.00596061	0.000154117	0.0473886	0.00145259	0.00842388
126	G	3.33594	0.0294353	0.142818	0.0252747	0.00535226	0.0202819	0.309656	0.000984318	0.00222979	0.0139901	0.0450401	0.0178381	0.0548835	0.00500919	0.0783285	0.0158013	0.0169191	0.0131164	0.0451174	0.00930647	0.00849833	0.14012
127	D	3.31611	0.248613	0.00471199	0.0558532	0.0470936	0.0265277	0.0669703	0.140695	0.0159809	0.0239893	0.00843516	0.0116703	0.0241278	0.00107398	0.0100873	0.031404	0.03738	0.221625	0.00814286	0.00087886	0.0133529	0.0013872
128	D	2.93167	0.0818682	0.0014898	0.0333581	0.00636599	0.000566313	0.00725989	0.00482735	0.0644613	0.00347214	0.0142624	0.0216388	0.273933	0.278949	0.00143553	0.032236	0.0129626	0.135305	0.0213945	0.000894827	0.000197644	0.00312202
129	A	3.05566	0.21094	0.0184246	0.00446715	0.0142385	0.00485605	0.366695	0.00306817	0.00690092	0.0187915	0.0296549	0.00805491	0.0079929	0.0301021	0.0372614	0.00821847	0.0873907	0.0613461	0.0108988	0.0108717	0.00255001	0.0572762
130	T	3.41082	0.0226207	0.100857	0.00674812	0.0291776	0.0363397	0.00830602	0.0147462	0.00672089	0.029254	0.0491248	0.0136747	0.0134101	0.0241625	0.035713	0.0549345	0.0200766	0.331308	0.142424	0.0534352	0.00359253	0.00337306
131	A	2.64709	0.194263	0.0137756	0.00726489	0.00441869	0.00753367	0.00719454	0.0891669	0.0236044	0.0104273	0.00265182	0.00644794	0.0503834	0.474806	0.027221	0.00317143	0.0214998	0.00557392	0.0375347	0.00582202	0.00263071	0.00460794
132	G	2.52625	0.0243607	0.0148106	0.00811302	0.0597523	0.00460058	0.599177	0.0124187	0.065794	0.0300855	0.0126172	0.0142338	0.0252342	0.015429	0.0210118	0.00215947	0.0117261	0.00486128	0.0107788	0.0155432	0.00547323	0.0418191
133	L	2.74298	0.0021933	0.0148167	0.0100424	0.00854735	0.00980235	0.0146034	0.00695769	0.201281	0.0112053	0.424101	0.0672862	0.00630222	0.00837683	0.00696316	0.0126235	0.0055773	0.00619341	0.0179475	0.0134904	0.0112283	0.140461
134	T	2.89731	0.0421406	0.00703362	0.00699061	0.0291996	0.00344331	0.0149883	0.00183365	0.00371946	0.0157697	0.00778516	0.0220552	0.101418	0.00965306	0.00698419	0.0138495	0.116405	0.438945	0.108696	0.00503308	0.003351	0.0407053
135	H	2.43442	0.0051463	0.0337523	0.00511836	0.00914832	0.026034	0.0061507	0.575845	0.00166733	0.00412741	0.00586173	0.017339	0.0222933	0.0189232	0.100221	0.00291878	0.0194124	0.0211341	0.0020334	0.0096808	0.00784902	0.105344
136	M	2.77195	0.000951406	0.00731974	0.0127973	0.000985976	0.00264416	0.0108225	0.0331891	0.182175	0.00878216	0.269319	0.306934	0.0156078	0.00932488	0.00667347	0.00271751	0.0175104	0.00745048	0.0848921	0.0106633	0.00169558	0.00754391
137	M	2.65578	0.00615005	0.0105718	0.0346466	0.0981519	0.0165329	0.0042075	0.00214753	0.0462593	0.154724	0.00774437	0.499497	0.00658473	0.0100717	0.0342643	0.00925789	0.00170551	0.00929112	0.0094276	0.00909749	0.00536802	0.0242995
138	I	2.88522	0.0339356	0.022341	0.0962514	0.00680713	0.0191043	0.00158418	0.0147354	0.267333	0.0458468	0.330529	0.0948003	0.00956024	0.000729292	0.0114208	0.000655185	0.00729149	0.0206171	0.00257011	0.00782261	0.00205859	0.00400602
139	W	2.60139	0.00917752	0.0268316	0.0129393	0.00987563	0.008368	0.111925	0.0373468	0.0122548	0.00713941	0.0177922	0.0202827	0.0190545	0.0139612	0.00580127	0.010558	0.00947299	0.00385935	0.00623756	0.560388	0.0225326	0.0742015
140	H	2.53719	0.00314962	0.0213525	0.0267775	0.0171643	0.0146683	0.00479194	0.586773	0.0138137	0.0204193	0.00666596	0.0207587	0.0335466	0.0101512	0.111559	0.0045343	0.0115783	0.00996221	0.0108478	0.0326748	0.0258001	0.013011
141	S	2.3653	0.0132839	0.035247	0.00855991	0.04343	0.0218601	0.00935578	0.0167173	0.0217028	0.020434	0.00459709	0.0253083	0.00622188	0.0103646	0.0100454	0.0180672	0.650625	0.00619743	0.0197188	0.0101249	0.0190223	0.0291167
142	N	2.00431	0.00453356	0.011579	0.0178002	0.00992869	0.0105964	0.0158099	0.016943	0.00657723	0.0689428	0.0103756	0.0349536	0.707311	0.00592982	0.0186398	0.00428316	0.00848157	0.00784952	0.00663677	0.0150263	0.0119389	0.00586336
143	L	2.93724	0.00891996	0.0276566	0.0202087	0.0072093	0.0252053	0.0154845	0.08288	0.123612	0.00492147	0.462257	0.0455828	0.0103892	0.0625757	0.00298851	0.00392804	0.00874707	0.0120558	0.00532774	0.0384599	0.00757377	0.0240161
144	N	2.46919	0.0194758	0.0125258	0.0148	0.00804536	0.0110298	0.040984	0.00875942	0.0116187	0.0246317	0.00713576	0.0238681	0.611904	0.00691246	0.0114035	0.00653977	0.00695028	0.0667348	0.00538085	0.0557367	0.0112224	0.0343413
145	D	2.386	0.020323	0.0620711	0.551249	0.0767912	0.00609936	0.00810378	0.0059341	0.0180563	0.00570088	0.00222388	0.0108295	0.0114682	0.00474598	0.00441015	0.00290462	0.00170238	0.010355	0.00723259	0.0138232	0.00895127	0.167024
146	T	2.01348	0.0382406	0.00542423	0.0090828	0.00137135	0.00288777	0.00107991	0.0220905	0.00517123	0.0147504	0.00958451	0.00844979	0.00326423	0.00343215	0.00904205	0.00524372	0.631515	0.18062	0.00148938	0.0106199	0.026855	0.00978614
147	T	2.54893	0.00749052	0.0261486	0.0181701	0.0259006	0.0112526	0.00849165	0.0450235	0.0121075	0.0544595	0.0203648	0.03385	0.0145645	0.00447918	0.0185817	0.0028121	0.0035805	0.60415	0.0382317	0.0181511	0.0131706	0.019019
148	Y	2.41625	0.0058363	0.00719319	0.029648	0.0052312	0.0144242	0.00493316	0.0116605	0.0651746	0.00558869	0.00519866	0.0165994	0.00671479	0.199051	0.0154356	0.0055887	0.013532	0.015369	0.00780429	0.00991363	0.543877	0.0112261
149	Q	2.40436	0.00348536	0.00632269	0.0101048	0.00741897	0.0144006	0.0147675	0.00864106	0.00929106	0.0242276	0.00958571	0.0751111	0.0054305	0.0343091	0.605602	0.0133199	0.0584089	0.0105788	0.00110493	0.00464486	0.0131615	0.0700834
150	R	2.44719	0.00744233	0.00599298	0.0307087	0.022449	0.0136295	0.00524898	0.0049197	0.0113417	0.0133621	0.0182184	0.0366265	0.0120079	0.0357442	0.0492529	0.624982	0.00831795	0.0166036	0.00539072	0.0465754	0.0189589	0.0122264
151	T	2.32073	0.00902883	0.0179029	0.0235205	0.00785726	0.00905898	0.0146763	0.00689123	0.0147319	0.0456845	0.00749892	0.0106683	0.0128397	0.0306761	0.0137416	0.0299142	0.00251207	0.654179	0.0106984	0.0190742	0.0126044	0.0462406
152	R	2.57018	0.0107091	0.0300301	0.0142756	0.0229135	0.0244598	0.00132944	0.00414823	0.00765069	0.0561061	0.00901099	0.0188635	0.00786793	0.00544643	0.069272	0.515349	0.00801324	0.00303525	0.00114753	0.00793334	0.00906201	0.173376
153	A	2.59652	0.590751	0.013538	0.00516119	0.00396612	0.0139541	0.0241647	0.026801	0.021341	0.018337	0.0159747	0.00830214	0.0485738	0.00898286	0.0116123	0.0323618	0.00890117	0.0405572	0.0498805	0.00324934	0.00920335	0.0443873
154	L	1.25425	0.00123351	0.000950724	0.0110785	0.000515578	0.00477672	0.00199105	0.0020022	0.765173	0.00284156	0.15978	0.00120774	0.00530517	0.0035536	0.00172021	0.001621	0.000799723	0.00241971	0.0243647	0.00085859	0.00150582	0.006301
155	V	2.74569	0.0138437	0.0156739	0.0144419	0.00234093	0.0119089	0.00760954	0.00149873	0.0229451	0.0141352	0.0179281	0.00536195	0.00169998	0.00355837	0.0109369	0.0496334	0.114881	0.300607	0.348508	0.00278509	0.00130452	0.0383982
156	R	2.22817	0.0303442	0.00752024	0.0186626	0.00669051	0.0126567	0.0103963	0.0219709	0.0089959	0.021632	0.00211005	0.0252486	0.00441037	0.00467218	0.0131318	0.668618	0.0159291	0.024927	0.0206886	0.00647749	0.0139028	0.061015
157	T	2.89125	0.196729	0.0812903	0.000769867	0.0023419	0.000715434	0.00368532	0.009867	0.102652	0.0042967	0.0286547	0.0248549	0.00247757	0.000778762	0.0124412	0.00769096	0.347253	0.0951545	0.0696207	0.00450289	0.000665635	0.00355757
158	G	2.51244	0.0418186	0.0388239	0.0121504	0.00938573	0.00523921	0.595314	0.0400744	0.086104	0.00367285	0.0112922	0.00480831	0.011855	0.00750086	0.0141909	0.00578581	0.0331774	0.0108072	0.0217221	0.00978133	0.00987075	0.0266252
159	M	2.50576	0.00665411	0.00605167	0.0665303	0.00494601	0.00251515	0.0180713	0.00840898	0.0685759	0.00386192	0.164526	0.525249	0.0048517	0.00271102	0.0113439	0.00257566	0.00324571	0.00425937	0.0258805	0.0377105	0.00968243	0.0223485
160	D	2.38476	0.0154934	0.0424104	0.630171	0.0694124	0.0164753	0.0100226	0.0291921	0.016944	0.0230783	0.0103284	0.00768507	0.0243239	0.00670573	0.0359566	0.00925239	0.00843988	0.0014628	0.00645334	0.00357456	0.00934674	0.0232715
161	P	2.33923	0.491737	0.00209931	0.00813678	0.00168544	0.000862117	0.118335	0.000677857	0.00100244	0.000426265	0.00215074	0.00116952	0.00919383	0.175917	0.00252876	0.0799693	0.0702736	0.00460929	0.0149237	0.00304692	0.00285084	0.00840411
162	R	2.36294	0.00267474	0.0237071	0.0169762	0.0527124	0.00324389	0.0134165	0.00970076	0.0225843	0.0624316	0.0142177	0.0121668	0.0057875	0.00527609	0.0167825	0.629396	0.00331215	0.012793	0.00810762	0.0351364	0.00532014	0.0442572
163	M	2.78378	0.00309804	0.30791	0.00250981	0.000813654	0.00103358	0.00232631	0.00529152	0.0596974	0.00626986	0.0116636	0.248298	0.00337213	0.00091769	0.0028035	0.00226776	0.0103201	0.134256	0.0497498	0.124781	0.01568	0.00694117
164	C	3.13939	0.267128	0.221201	0.00334918	0.00153668	0.00122039	0.00809777	0.0289191	0.119188	0.00942021	0.00723647	0.00913614	0.077882	0.00487425	0.0161503	0.00844942	0.127291	0.00790473	0.0390575	0.0131426	0.0209919	0.00782339
165	S	3.03533	0.124076	0.162681	0.0257563	0.0141579	0.0125052	0.00387671	0.000913367	0.0229465	0.00164985	0.0177656	0.00549457	0.0760638	0.153426	0.00299064	0.00186389	0.309023	0.0451298	0.00248204	0.0107985	0.00149184	0.00490761
166	L	2.00199	0.00395349	0.00627346	0.0366347	0.00360182	0.00366378	0.00178395	0.0193716	0.0194159	0.00930633	0.667477	0.134695	0.0089754	0.0101162	0.0149476	0.00220898	0.0146865	0.00539035	0.0184897	0.00678295	0.00391757	0.00830762
167	M	2.52202	0.00180365	0.00863351	0.00745221	0.0134513	0.0033444	0.00244264	0.1086	0.0301088	0.011804	0.166456	0.517122	0.00284744	0.011888	0.0208782	0.00510959	0.00595907	0.00960209	0.011367	0.00840511	0.0140397	0.0386846
168	Q	2.14459	0.492914	0.0261765	0.00241152	0.00434595	0.0107734	0.00544667	0.0120822	0.0105975	0.0104194	0.00246935	0.00460481	0.0117236	0.0112469	0.334569	0.00663223	0.0226126	0.00620544	0.00426606	0.00318542	0.0148197	0.00249791
169	G	2.4796	0.0511975	0.0134617	0.0131852	0.00638557	0.022849	0.569707	0.149676	0.0134181	0.00953338	0.017818	0.00668568	0.00492944	0.0055715	0.010821	0.00595284	0.00716924	0.0224875	0.0112065	0.037189	0.00562606	0.0151294
170	S	2.1466	0.0416999	0.0111697	0.00895478	0.00661223	0.0233189	0.0035296	0.0058601	0.0107443	0.00571986	0.00908398	0.010783	0.00647282	0.00555407	0.0169201	0.00768801	0.644079	0.00416999	0.0140302	0.0232168	0.00617882	0.134214
171	T	2.74804	0.00063911	0.360743	0.0727536	0.0228186	0.00117058	0.0112146	0.0285941	0.00284909	0.00168716	0.0133708	0.191761	0.018359	0.00775146	0.00653188	0.00243159	0.00168224	0.210798	0.0124496	0.0170942	0.00332003	0.0119806
172	L	2.95729	0.0569095	0.0614423	0.00278354	0.0416577	0.0380192	0.00165568	0.00778876	0.0331476	0.00368958	0.468918	0.00903187	0.0899721	0.0163929	0.0505253	0.0205889	0.0268406	0.00410394	0.0523299	0.00388977	0.00190333	0.00840948
173	P	3.001	0.0322218	0.0275885	0.00904528	0.0119422	0.0027807	0.0177449	0.13736	0.00431325	0.00888273	0.0171825	0.0195276	0.023379	0.456649	0.0146179	0.0326556	0.0710343	0.0591732	0.0163075	0.0119746	0.00590763	0.0197115
174	R	1.33971	0.00265737	0.00339906	0.00683531	0.00854902	0.00299619	0.00649972	0.0104764	0.00363617	0.0179575	0.00800689	0.0165085	0.0111319	0.00391027	0.00802635	0.828953	0.00559253	0.00523373	0.00511032	0.0315916	0.00302291	0.00990543
