#SITE	WT_AA	SITE_ENTROPY	PI_A	PI_C	PI_D	PI_E	PI_F	PI_G	PI_H	PI_I	PI_K	PI_L	PI_M	PI_N	PI_P	PI_Q	PI_R	PI_S	PI_T	PI_V	PI_W	PI_Y
1	M	3.5134	0.0203778	0.0281765	0.0348045	0.028939	0.0354276	0.0251866	0.0908057	0.0145031	0.0406152	0.0217585	0.373551	0.0395953	0.0215964	0.0435494	0.0231857	0.0193857	0.030779	0.0171303	0.0580855	0.0325475
2	A	1.44415	0.804052	0.00876708	0.00956616	0.0135261	0.00850399	0.00792202	0.00349876	0.00841868	0.0098489	0.00248288	0.0343091	0.00619195	0.0016523	0.00825	0.00426305	0.00291178	0.00338408	0.0426031	0.0125488	0.00729948
3	S	3.53824	0.083833	0.0017219	0.00370173	0.00200758	0.025631	0.00258524	0.0730699	0.0566275	0.00690049	0.10735	0.0940353	0.101396	0.0019146	0.02588	0.0168505	0.166397	0.0295006	0.00960471	0.023212	0.167781
4	Q	3.52899	0.0262617	0.0286177	0.00289435	0.021481	0.166821	0.00672766	0.0101009	0.0437624	0.0156596	0.123929	0.0220257	0.146572	0.000341122	0.0584861	0.000645157	0.119812	0.0201866	0.0419835	0.0063207	0.137372
5	G	2.8624	0.225607	0.0827154	0.0191144	0.00851034	0.00523992	0.387895	0.00472659	0.00395971	0.00895616	0.0158773	0.013423	0.0134254	0.00537225	0.00302084	0.0764249	0.0607633	0.0362298	0.00348086	0.018334	0.00692315
6	T	1.1415	0.00495251	0.00793842	0.00679729	0.00767379	0.00578865	0.00392509	0.0183377	0.00666318	0.00502196	0.00528569	0.0111373	0.0108362	0.00770113	0.0074478	0.00367165	0.00308944	0.862004	0.00411157	0.0136589	0.00395774
7	K	1.34296	0.00242809	0.0116031	0.00644777	0.0106715	0.00566446	0.00498619	0.00385916	0.00968809	0.813216	0.00212325	0.00921457	0.0626757	0.00169535	0.0216829	0.00363606	0.00217481	0.00327213	0.00522031	0.0136711	0.00607003
8	R	1.95585	0.00302431	0.0191278	0.00842476	0.00664268	0.00695496	0.0278314	0.00456594	0.0032359	0.00456333	0.031871	0.0108152	0.00514785	0.023703	0.103241	0.687985	0.00357411	0.00684906	0.00479565	0.0311945	0.00645277
9	S	2.62591	0.0738331	0.0141298	0.00512579	0.00997017	0.0116938	0.00524627	0.00522388	0.0346843	0.00642049	0.0661828	0.0345414	0.0395785	0.00311191	0.0338827	0.00361484	0.556723	0.0303572	0.0104278	0.00756419	0.0476882
10	Y	3.47909	0.170556	0.0159949	0.0401315	0.00719353	0.0684453	0.00991785	0.0585347	0.0645737	0.0244013	0.067944	0.0582063	0.0296211	0.0213868	0.0114001	0.00207737	0.0156446	0.0281358	0.0201971	0.00273139	0.282907
11	E	2.82045	0.0133467	0.0197947	0.0480142	0.527545	0.00822748	0.00432194	0.018005	0.0202764	0.032512	0.0112191	0.0550974	0.0249524	0.00783843	0.0213531	0.0111556	0.0375686	0.00660858	0.0628375	0.0622042	0.00712193
12	Q	3.66753	0.0326945	0.0504564	0.0136171	0.00624275	0.0165024	0.0190447	0.0412859	0.035166	0.24873	0.0746379	0.0127431	0.105825	0.00593182	0.126346	0.0547171	0.051941	0.0538212	0.0202363	0.0215181	0.00854214
13	M	2.65707	0.0200921	0.058194	0.229444	0.00537643	0.00720366	0.0206775	0.0102606	0.0476638	0.0122046	0.00628497	0.462384	0.0425969	0.00353993	0.00726594	0.00921112	0.0028	0.0175176	0.00753339	0.0185431	0.0112059
14	E	2.33189	0.0112706	0.0324427	0.0538037	0.501949	0.00565792	0.00593474	0.00796591	0.00405148	0.269725	0.00791306	0.015522	0.013049	0.002527	0.0115793	0.00566325	0.00647137	0.00309168	0.00809279	0.0246548	0.00863492
15	T	2.88731	0.00484326	0.0286429	0.005222	0.0478716	0.0412847	0.00354768	0.0275418	0.113759	0.00505404	0.263971	0.0101535	0.0204095	0.00330614	0.00868907	0.00155191	0.0267748	0.34896	0.00915671	0.0204674	0.00879281
16	D	2.90173	0.00673022	0.0115352	0.399828	0.147345	0.00881082	0.150428	0.00828662	0.0138483	0.00695493	0.00367273	0.0397009	0.0227349	0.00150735	0.0209433	0.0967407	0.00869406	0.00957753	0.00981596	0.0144832	0.0183617
17	G	2.96519	0.0105884	0.0150761	0.00617068	0.00933899	0.00421898	0.35356	0.00822554	0.0485596	0.021272	0.00269937	0.173635	0.0213416	0.137015	0.123054	0.00281566	0.0246875	0.0173659	0.00678507	0.0106477	0.00294325
18	E	3.49818	0.0127053	0.0160818	0.118056	0.187514	0.0202472	0.0214625	0.00836096	0.0289786	0.0188142	0.103605	0.0104071	0.0497562	0.058604	0.0108011	0.00338554	0.0150527	0.01336	0.227511	0.0163864	0.0589106
19	R	2.3942	0.0212593	0.0420258	0.0115233	0.0166343	0.0576366	0.0134252	0.0482149	0.00868421	0.00678297	0.00341707	0.0182861	0.0235365	0.00936402	0.0108989	0.631709	0.0124718	0.0237353	0.0142836	0.0144165	0.0116951
20	Q	2.25228	0.0033164	0.00570404	0.00378464	0.00871944	0.00808044	0.00345493	0.00677197	0.00690961	0.00923341	0.00395869	0.00761379	0.00358851	0.180657	0.504054	0.0282956	0.189804	0.00872864	0.00442165	0.0057695	0.00713393
21	N	3.60107	0.0166148	0.0784485	0.010022	0.229339	0.00552522	0.0148641	0.0160692	0.0278873	0.0668232	0.0774966	0.0385522	0.183506	0.013359	0.0179163	0.0397501	0.0478428	0.0743295	0.0220438	0.00994884	0.00966163
22	A	3.47503	0.147561	0.0114101	0.0865037	0.0059606	0.00769878	0.0206084	0.0347412	0.0102407	0.11211	0.00484118	0.0051876	0.0199754	0.0302728	0.0279017	0.0584965	0.0365688	0.209311	0.157464	0.00309614	0.0100509
23	T	3.691	0.0419281	0.0238825	0.00256932	0.0158916	0.00722412	0.0430313	0.18901	0.0118268	0.0210675	0.0853757	0.014527	0.0845189	0.0155442	0.0811621	0.0303533	0.150215	0.114139	0.0204564	0.0375184	0.00975851
24	E	3.28322	0.0138659	0.00865057	0.023252	0.317838	0.00386278	0.00228421	0.0190698	0.049054	0.0648145	0.0167349	0.00908126	0.0069724	0.00532385	0.17597	0.0832162	0.0272375	0.0643205	0.0412804	0.00344377	0.0637273
25	I	3.09535	0.00968259	0.00525346	0.0104102	0.00775722	0.00756135	0.0228224	0.00727189	0.247506	0.0710994	0.0451763	0.248476	0.0106801	0.0104706	0.0892266	0.0120022	0.00858973	0.00363388	0.16327	0.0134134	0.00569671
26	R	2.80057	0.0846951	0.0148421	0.00593833	0.0229542	0.0670109	0.00629079	0.0392606	0.00675898	0.270963	0.0114419	0.0167264	0.00348737	0.00449698	0.0224915	0.376093	0.0223793	0.00715812	0.00581948	0.00682729	0.00436414
27	A	3.52148	0.11542	0.00719041	0.00169346	0.00322061	0.00537814	0.0176976	0.0614565	0.0248562	0.162124	0.0528653	0.122191	0.0140721	0.0485446	0.144435	0.150531	0.00729288	0.0272052	0.0121639	0.00989726	0.0117648
28	S	3.45535	0.136098	0.0234868	0.00282301	0.00559589	0.0704683	0.095795	0.0237471	0.00673477	0.0621301	0.00345494	0.0243295	0.178107	0.00284794	0.0742825	0.0536786	0.194964	0.0226101	0.00370228	0.00714145	0.00800222
29	V	2.82929	0.146282	0.0143652	0.0176847	0.0116415	0.0153751	0.00720731	0.00463408	0.273969	0.01158	0.0109333	0.0159729	0.00719002	0.00876348	0.0191402	0.00929603	0.0124648	0.0307581	0.353426	0.0148152	0.0145009
30	G	3.12998	0.167351	0.00956298	0.010809	0.028974	0.0872435	0.274281	0.0057828	0.0113497	0.0198474	0.0123021	0.0135749	0.0176543	0.0141328	0.237548	0.0148807	0.017312	0.0199144	0.00646659	0.0270687	0.00394302
31	K	3.23835	0.0150582	0.0173958	0.00920933	0.214285	0.041863	0.17017	0.00441542	0.00958644	0.259222	0.00927798	0.0307237	0.00986537	0.0638854	0.0123863	0.0631461	0.0301375	0.00930405	0.015006	0.0104912	0.00457181
32	M	2.82308	0.0055898	0.0183346	0.00513616	0.00529647	0.005326	0.00546766	0.00614451	0.030515	0.0270266	0.00493901	0.371487	0.027877	0.0153075	0.00373905	0.00869401	0.234628	0.00637416	0.149465	0.0353718	0.0332815
33	I	2.94109	0.148901	0.0276146	0.00808624	0.00993838	0.0103092	0.00541441	0.00131428	0.201226	0.00285994	0.231454	0.232949	0.0219462	0.00196551	0.00490933	0.00217824	0.00708118	0.0243899	0.0415447	0.0103404	0.00557701
34	D	3.88127	0.0547358	0.0782228	0.0827431	0.0810691	0.0180714	0.0413825	0.0393827	0.0162123	0.00556221	0.0956448	0.18073	0.0207885	0.00118925	0.0786948	0.0206353	0.0550745	0.0270659	0.0538429	0.014746	0.0342066
35	G	3.04707	0.0627004	0.0298923	0.00784373	0.00734664	0.0235265	0.361645	0.0400284	0.0256325	0.0245372	0.00522309	0.0343659	0.0291912	0.005796	0.0038394	0.0242574	0.251624	0.0107811	0.013663	0.027464	0.0106416
36	I	3.14052	0.00352861	0.0135229	0.0145773	0.0249958	0.0170194	0.00382015	0.0477922	0.294781	0.00932353	0.0115053	0.237734	0.00717975	0.00509356	0.0763673	0.0348891	0.0194281	0.0310879	0.127429	0.0146474	0.00527732
37	G	3.13466	0.0117087	0.0242325	0.0396202	0.228902	0.0397077	0.370707	0.0147458	0.0150807	0.0103226	0.0252569	0.0435777	0.0420549	0.00723438	0.0193922	0.0109133	0.0251704	0.0182662	0.0154831	0.0302208	0.00740267
38	R	3.40216	0.0393195	0.0241694	0.0178777	0.0137572	0.0184909	0.0664373	0.0190793	0.0178381	0.016964	0.172467	0.0188182	0.0240622	0.0157582	0.0537417	0.316137	0.0441743	0.00895077	0.00738495	0.0945168	0.0100551
39	F	3.3459	0.202576	0.0250996	0.00777116	0.0614934	0.235849	0.0141401	0.00687113	0.0150724	0.00889972	0.00977725	0.0407487	0.0205813	0.0241483	0.00675989	0.0145056	0.00791722	0.0295243	0.0123564	0.16315	0.0927574
40	Y	2.81333	0.059057	0.010663	0.147065	0.00464015	0.0125784	0.00994659	0.148183	0.0114871	0.00661976	0.0142426	0.00649626	0.010943	0.0142018	0.0482181	0.00594861	0.00544116	0.0175979	0.00440604	0.0257984	0.436466
41	I	3.85263	0.0280322	0.0973327	0.00909718	0.0943734	0.0149904	0.0847102	0.0137824	0.125191	0.00256057	0.0838914	0.0324517	0.130308	0.00856625	0.0377713	0.0215008	0.0582192	0.0811439	0.0121814	0.0422946	0.0216014
42	Q	2.95687	0.0203157	0.0500827	0.015582	0.0157544	0.0065701	0.0364697	0.0461549	0.00698455	0.140587	0.0152412	0.0161292	0.0179632	0.0243515	0.474659	0.0262633	0.00824321	0.00965013	0.0327384	0.0183281	0.0179309
43	M	3.45742	0.0308425	0.0275662	0.0129152	0.0179489	0.0184604	0.0116269	0.0924255	0.0641841	0.10112	0.0880145	0.302896	0.110156	0.00424876	0.00960037	0.0382562	0.014081	0.00970837	0.0151196	0.015839	0.0149906
44	C	3.58313	0.0332767	0.238841	0.00926351	0.0316264	0.0110988	0.022129	0.00688996	0.110413	0.116101	0.070254	0.0159487	0.0660034	0.00473043	0.0162003	0.136436	0.0156	0.0278304	0.0181078	0.0308402	0.0184101
45	T	3.43108	0.0177053	0.163614	0.0216558	0.0109587	0.00803692	0.0274407	0.0150483	0.0239162	0.0260325	0.17765	0.0270102	0.00923729	0.0525169	0.0114891	0.0227881	0.0302693	0.246099	0.0904679	0.00912038	0.00894429
46	E	3.62842	0.0120875	0.0471302	0.0310978	0.302322	0.0356249	0.028161	0.00881459	0.0680534	0.0145402	0.0122608	0.0245061	0.0656486	0.0978621	0.0240999	0.078133	0.020605	0.0587613	0.0385694	0.0197401	0.0119825
47	L	3.29387	0.00735135	0.0227651	0.0191002	0.00961859	0.00947299	0.0260581	0.0281535	0.0233373	0.0588887	0.358437	0.0442974	0.0222379	0.0299537	0.0110958	0.0648558	0.0102805	0.0547907	0.0106608	0.0158132	0.172832
48	K	3.55929	0.174487	0.0212672	0.0487484	0.0107287	0.00747521	0.0186575	0.0518633	0.031645	0.262202	0.025763	0.110442	0.0585883	0.00813273	0.0283783	0.0205992	0.041191	0.0284774	0.0279895	0.0146463	0.00871772
49	L	3.38442	0.164701	0.00930068	0.00499109	0.00278367	0.0131431	0.0136342	0.00569082	0.0203999	0.0047781	0.170344	0.0616764	0.0127376	0.0142074	0.0301731	0.0303461	0.00964093	0.0720059	0.114179	0.0269693	0.218297
50	S	3.59248	0.194827	0.023151	0.024545	0.111477	0.00642993	0.193868	0.0276825	0.00834644	0.0455654	0.0245587	0.0113301	0.0400478	0.049643	0.0268279	0.0142936	0.0962383	0.0763058	0.00807483	0.0075828	0.00920449
51	D	3.52838	0.0381028	0.0154857	0.137566	0.0340872	0.00797785	0.0846796	0.00889878	0.0366394	0.00296939	0.0508585	0.0582488	0.253072	0.0544043	0.0125393	0.0208014	0.0213598	0.127606	0.0286062	0.00281719	0.0032791
52	Y	3.16076	0.0290705	0.00752054	0.0191287	0.0146618	0.0398982	0.0553477	0.0164318	0.0136232	0.0283364	0.00932916	0.028744	0.0215815	0.00415005	0.00723408	0.00720764	0.141264	0.309342	0.0116296	0.010776	0.224722
53	E	3.12393	0.020779	0.0150695	0.0756252	0.321513	0.0222614	0.00471927	0.0331079	0.0197182	0.013886	0.0150465	0.0191163	0.0061758	0.00646267	0.0104206	0.0532776	0.00697063	0.0111207	0.00399507	0.121209	0.219525
54	G	3.47465	0.116104	0.031574	0.0129725	0.0698471	0.00431852	0.285141	0.126207	0.0108951	0.00606192	0.00848399	0.0254931	0.0594768	0.0256334	0.0150797	0.0123527	0.0707016	0.0708065	0.0110947	0.0108165	0.0269391
55	R	3.42377	0.00953411	0.0864549	0.0475892	0.0282079	0.00335668	0.0067467	0.0394424	0.0146001	0.0518499	0.122526	0.0149722	0.0134053	0.0424248	0.141258	0.294419	0.0198242	0.0212392	0.0285328	0.00382111	0.00979501
56	L	3.66631	0.0227519	0.0878471	0.0130976	0.00543575	0.0143474	0.0397125	0.0834138	0.0455148	0.0102546	0.144355	0.0898011	0.136116	0.0691474	0.00435136	0.00432721	0.0126864	0.13112	0.074454	0.00478722	0.00647883
57	I	3.10295	0.0106869	0.0163825	0.0266699	0.00569996	0.00809668	0.108353	0.00420462	0.201395	0.0239255	0.337789	0.0106598	0.00602066	0.0247998	0.0893302	0.0419802	0.00995318	0.00852336	0.051826	0.00491363	0.0087892
58	Q	3.29789	0.0434774	0.0063792	0.0122688	0.080722	0.0226923	0.0106582	0.0876236	0.00355854	0.0163734	0.0182575	0.0075515	0.101997	0.0174062	0.363914	0.0789831	0.0292424	0.0167503	0.0126566	0.0114434	0.0580445
59	N	3.00843	0.0246273	0.0145514	0.0467505	0.0192791	0.0255464	0.0669605	0.0466426	0.011715	0.121608	0.0150848	0.0272503	0.465559	0.0127338	0.00724928	0.0275349	0.0050941	0.0214015	0.018365	0.0160102	0.00603587
60	S	3.28856	0.0205887	0.0633906	0.0192661	0.0191333	0.0048832	0.0615191	0.00487805	0.0839411	0.0098013	0.0284591	0.0150118	0.137618	0.00691886	0.0179202	0.0103182	0.334243	0.11702	0.0205825	0.0116561	0.0128505
61	L	3.46016	0.0241434	0.0417186	0.00523708	0.0150605	0.0241845	0.0200714	0.0217234	0.0875657	0.00787352	0.279643	0.0150248	0.0416604	0.00878163	0.0241314	0.00873098	0.0985007	0.115223	0.135305	0.00864295	0.0167771
62	T	2.95143	0.0202495	0.0393072	0.00226546	0.00646765	0.0124826	0.0157785	0.0101577	0.00383761	0.00621192	0.0199089	0.00634332	0.283187	0.0397753	0.0102848	0.00330179	0.263345	0.185956	0.0297384	0.00323518	0.0381655
63	I	3.30221	0.1004	0.0807808	0.0231382	0.0104005	0.0126175	0.0135621	0.0102706	0.375965	0.0218662	0.0377362	0.0411927	0.00805547	0.0756691	0.0129334	0.0211264	0.00898963	0.0276687	0.0833668	0.0274498	0.00681114
64	E	3.48648	0.014672	0.012674	0.043003	0.351321	0.0249848	0.0185122	0.0276748	0.0943749	0.0158699	0.043084	0.0493013	0.031409	0.0500229	0.00753654	0.0546406	0.0136634	0.0396805	0.00658791	0.0222835	0.0787044
65	R	3.29231	0.018998	0.0145258	0.0160882	0.0510689	0.0278214	0.0436255	0.0146801	0.0037049	0.0973214	0.0293524	0.0199411	0.0554066	0.0209026	0.0286158	0.392075	0.101136	0.0240739	0.00997312	0.0245846	0.00610441
66	M	3.40921	0.019052	0.0610107	0.044405	0.0228127	0.182802	0.0907286	0.00787705	0.0515998	0.017065	0.0141127	0.310992	0.0152708	0.00801408	0.0149229	0.0228868	0.0276361	0.0185394	0.0150901	0.0403332	0.0148498
67	V	3.60708	0.109641	0.0295038	0.0213679	0.0229178	0.0335409	0.0324789	0.0317337	0.0321807	0.0307458	0.0195075	0.165672	0.0363491	0.0164741	0.019757	0.019492	0.027235	0.0141067	0.280793	0.0322561	0.0242467
68	L	3.60214	0.0275233	0.0524508	0.0122844	0.0308439	0.0612026	0.0151832	0.150335	0.140084	0.0129381	0.247119	0.0628611	0.0155055	0.0248803	0.0365626	0.0139629	0.0184125	0.0208474	0.00823845	0.0275824	0.021183
69	S	2.90572	0.0657049	0.0304293	0.00635583	0.00889901	0.0181806	0.0685702	0.0288219	0.0480809	0.00733157	0.0169382	0.0145056	0.0419559	0.022145	0.00959147	0.00628065	0.504484	0.0616159	0.0148351	0.011106	0.0141678
70	A	3.15328	0.239321	0.021305	0.226216	0.0125932	0.00832725	0.171598	0.00606745	0.0271484	0.0109845	0.0109562	0.0150962	0.0206105	0.0032353	0.00991094	0.00392126	0.0934176	0.0888632	0.0057985	0.00540987	0.0192189
71	F	3.38295	0.0784974	0.0110601	0.057792	0.00865883	0.211623	0.0407109	0.0240003	0.00961452	0.0170358	0.016504	0.00415877	0.0237284	0.0497861	0.00551599	0.0137807	0.0478309	0.0373251	0.0515237	0.00630621	0.284548
72	D	3.01307	0.0288273	0.0244327	0.440925	0.0678708	0.0173889	0.0466235	0.0136281	0.0107901	0.0103823	0.016768	0.0145484	0.0163987	0.00761343	0.0114571	0.025494	0.0181585	0.0376536	0.00782573	0.165076	0.0181379
73	E	3.79413	0.0382678	0.0161056	0.0538711	0.0478268	0.0872297	0.0319424	0.0230301	0.182309	0.0975084	0.0251209	0.0311563	0.0212608	0.00189945	0.0315737	0.015964	0.0244815	0.0528065	0.144525	0.0727442	0.000376844
74	R	3.12563	0.0290317	0.0135374	0.00783503	0.0258505	0.012265	0.00673483	0.0165935	0.0129347	0.215112	0.0410743	0.0315658	0.0344089	0.00821494	0.0121565	0.37297	0.0619545	0.00933463	0.0283022	0.0497314	0.0103916
75	R	2.87	0.0435613	0.0411527	0.0124396	0.0156395	0.0186062	0.0161843	0.013264	0.00926161	0.100932	0.00633416	0.0191517	0.0358477	0.0105196	0.0119868	0.495038	0.00874035	0.0952747	0.00820867	0.0254209	0.0124357
76	N	3.209	0.0301657	0.0305787	0.00474977	0.120335	0.00569364	0.00784331	0.00251559	0.0154888	0.0358457	0.0444005	0.0183631	0.164584	0.00539144	0.16598	0.0160241	0.013379	0.0114534	0.0110643	0.285694	0.0104498
77	K	3.3971	0.0529608	0.0625107	0.00698257	0.0129589	0.00484688	0.0832107	0.0260522	0.110657	0.0330522	0.0468871	0.0666114	0.0112262	0.00662655	0.0582028	0.317486	0.0744695	0.00428362	0.0156033	0.00314814	0.00222261
78	Y	2.67517	0.0163816	0.0329231	0.0130109	0.0186077	0.446337	0.019248	0.0691161	0.0333101	0.00667387	0.00476392	0.0168592	0.0115336	0.00466265	0.00913066	0.00986821	0.00433847	0.00376695	0.0140244	0.016057	0.249387
79	L	3.02377	0.0139807	0.052689	0.0105466	0.00391488	0.010522	0.0193869	0.00728794	0.0812472	0.0164774	0.472677	0.0792395	0.0108468	0.0179829	0.0355942	0.0268971	0.0256193	0.0184665	0.0549549	0.0159633	0.0257059
80	E	3.62914	0.0242864	0.0468706	0.0499169	0.287925	0.0144871	0.0223965	0.0321131	0.0395623	0.0490455	0.0242861	0.0249826	0.073023	0.00256114	0.0260642	0.00991072	0.029661	0.130788	0.0643523	0.0066834	0.0410838
81	E	3.53862	0.0127293	0.0426518	0.041373	0.33451	0.0816153	0.0460818	0.014052	0.094133	0.0332021	0.0429796	0.00580276	0.0523593	0.00965419	0.010839	0.0251783	0.0415323	0.0277981	0.0467797	0.00894329	0.0277856
82	H	3.62211	0.0126821	0.0879879	0.0026897	0.00624309	0.0917083	0.00211677	0.0890839	0.00718125	0.0344838	0.0235648	0.0871733	0.0279255	0.00189027	0.213945	0.0339735	0.0505243	0.0218451	0.0146555	0.120564	0.0697612
83	P	3.45478	0.0543882	0.0249461	0.00648529	0.0157556	0.00611769	0.0694926	0.0283604	0.0244639	0.0117283	0.00953636	0.0212916	0.0909862	0.129731	0.324567	0.0273867	0.032345	0.0366087	0.0596708	0.00938966	0.0167494
84	S	3.42628	0.117214	0.173011	0.00393996	0.00410284	0.0046877	0.0623563	0.00358629	0.0354168	0.00220087	0.101573	0.0388254	0.160763	0.0178501	0.0204873	0.00300282	0.0765349	0.148	0.00967299	0.00950335	0.00727156
85	A	3.73156	0.097982	0.0474073	0.00577269	0.0169233	0.00514767	0.0227361	0.0209432	0.0286976	0.015574	0.0291195	0.0106945	0.143748	0.189234	0.0449287	0.0885494	0.0502932	0.106183	0.034991	0.00676303	0.0343112
86	G	3.02228	0.0249705	0.0111478	0.00114214	0.00868006	0.0080776	0.0780607	0.177411	0.00641122	0.0268198	0.0975168	0.0120861	0.39066	0.051221	0.00968845	0.0225669	0.0270596	0.0189387	0.00416813	0.00948915	0.0138846
87	K	2.20403	0.00641817	0.0180515	0.0139397	0.0322439	0.00859765	0.00948868	0.00621735	0.0188897	0.679132	0.0101454	0.0337223	0.0103673	0.0252701	0.0110622	0.0355542	0.0226428	0.0168793	0.0214347	0.00778706	0.0121563
88	D	2.72582	0.00480836	0.215814	0.213861	0.0218581	0.0098967	0.0170206	0.0107262	0.0197017	0.00376577	0.0125773	0.01913	0.360821	0.0123328	0.0026479	0.00320096	0.0432268	0.012101	0.0114882	0.00299174	0.00203045
89	P	3.57313	0.154223	0.137133	0.00717208	0.0064606	0.101253	0.0534987	0.0147646	0.00577878	0.0136463	0.0284051	0.0122468	0.0111601	0.157266	0.00684062	0.0114496	0.145879	0.0213683	0.0336526	0.0484239	0.029378
90	K	3.63532	0.0196642	0.0145551	0.00913458	0.0144125	0.00430289	0.0323757	0.0820302	0.0228211	0.130857	0.0265088	0.12716	0.0683218	0.00238443	0.0866345	0.0460976	0.052783	0.206	0.0414282	0.00893517	0.00359305
91	K	2.19313	0.00705179	0.0146256	0.00738259	0.00931589	0.0285101	0.0110112	0.00301428	0.0101174	0.597705	0.00566266	0.0154851	0.0216644	0.00391417	0.015745	0.195485	0.00985605	0.0072005	0.01193	0.018229	0.00609447
92	T	2.88252	0.0593118	0.0102072	0.00853769	0.00731408	0.0534142	0.0732906	0.0439575	0.00873827	0.0139719	0.0202442	0.0157439	0.0643721	0.0152343	0.0154307	0.0109115	0.034427	0.506823	0.0129496	0.0197608	0.00536005
93	G	2.63806	0.0144757	0.0109584	0.0164551	0.0193802	0.0101786	0.541708	0.00598025	0.00773671	0.0154294	0.0102717	0.0244552	0.00939254	0.0579433	0.0242467	0.012994	0.127984	0.00933617	0.00548408	0.0598825	0.0157067
94	G	3.11288	0.00969359	0.040989	0.0600526	0.0426815	0.0139214	0.471575	0.0268066	0.057845	0.0541795	0.0225567	0.0214549	0.0358542	0.024526	0.0321528	0.014537	0.00808042	0.0148128	0.00735836	0.0135103	0.0274128
95	P	3.52812	0.15836	0.037045	0.043745	0.0105591	0.0134263	0.0211547	0.0738641	0.0188421	0.0430064	0.00872641	0.0204921	0.0419707	0.27758	0.0213135	0.0104474	0.113634	0.014767	0.0269464	0.0363256	0.00779446
96	I	3.31352	0.0163817	0.0117941	0.0407754	0.0161263	0.0216972	0.0115442	0.0143204	0.326477	0.012069	0.207984	0.0442906	0.0257356	0.0109745	0.00856659	0.0139589	0.0272612	0.0333766	0.0730799	0.0206526	0.0629345
97	Y	3.42473	0.0161941	0.0801286	0.0202038	0.0458921	0.0390478	0.0569	0.0178256	0.0315419	0.0755374	0.0266078	0.0102777	0.00855288	0.00800352	0.0424311	0.0598121	0.0123019	0.0131215	0.0291245	0.0326272	0.373868
98	K	3.45029	0.0243361	0.0224715	0.00406082	0.014059	0.0199811	0.0152719	0.0684762	0.0115269	0.326854	0.076834	0.0206757	0.0581793	0.0112771	0.0945878	0.111398	0.0152949	0.0518248	0.0185144	0.0211219	0.0132546
99	R	3.31996	0.0295138	0.0324866	0.013738	0.0175738	0.00682653	0.0599487	0.0449094	0.012503	0.227981	0.0277342	0.0126246	0.0284671	0.00477794	0.0403717	0.316997	0.0118622	0.0174558	0.0415103	0.0288613	0.0238577
100	V	3.93365	0.202292	0.0115718	0.0162013	0.0220956	0.0274826	0.0329039	0.044279	0.0579076	0.027144	0.0623414	0.071919	0.042535	0.0838926	0.0568997	0.0151896	0.0503432	0.0176057	0.0811358	0.0136479	0.0626119
101	D	3.35929	0.0255072	0.019667	0.35518	0.0521914	0.00580851	0.0363887	0.00898699	0.0117256	0.018811	0.0678554	0.0152455	0.135002	0.0633394	0.0351779	0.0498177	0.0111408	0.0515198	0.0230219	0.00596781	0.0076456
102	R	3.65943	0.0225216	0.0552659	0.00528104	0.00661366	0.115922	0.0800047	0.0200517	0.00839622	0.0957759	0.107629	0.0434325	0.0115486	0.00681887	0.0130055	0.210893	0.0370564	0.0206209	0.00538032	0.0519717	0.0818111
103	K	3.47983	0.10305	0.00899261	0.00577724	0.0277269	0.00441546	0.0347381	0.0450425	0.0320322	0.191587	0.0399738	0.036334	0.0298589	0.00710747	0.0312058	0.0376714	0.0353863	0.0380116	0.273762	0.0117639	0.00556264
104	W	2.8307	0.00955534	0.0123371	0.0224308	0.0165679	0.214558	0.00444519	0.0077273	0.0920443	0.00568697	0.0186664	0.0149051	0.00573334	0.00591445	0.0066872	0.0278173	0.0367749	0.00801026	0.038542	0.427257	0.0243395
105	M	3.8457	0.016188	0.197932	0.0586322	0.0229142	0.103427	0.0134208	0.0421179	0.034362	0.0236053	0.0273573	0.144984	0.0713349	0.0388045	0.0223782	0.0441989	0.0104286	0.0502264	0.0226279	0.0204158	0.0346438
106	R	2.90513	0.0276015	0.0188505	0.0198676	0.0464606	0.0222955	0.0188569	0.0294653	0.0158629	0.031361	0.0186724	0.0322419	0.0379142	0.00882538	0.0150949	0.53368	0.019816	0.00877711	0.00984775	0.0413478	0.0431609
107	E	3.15168	0.00998321	0.0297666	0.0733573	0.39724	0.0191207	0.0100663	0.162392	0.0217499	0.0169528	0.0735864	0.0151256	0.0485127	0.00541337	0.015422	0.0202759	0.0119248	0.0196913	0.0197319	0.0125358	0.0171511
108	L	3.56346	0.0234465	0.0294763	0.00817262	0.0103423	0.0299787	0.0697078	0.0526804	0.00991956	0.0142157	0.282115	0.047272	0.00505788	0.131827	0.109295	0.0232997	0.0362236	0.0436199	0.0466123	0.0113876	0.0153496
109	V	3.14143	0.0331514	0.31917	0.0101846	0.00439973	0.0516534	0.0102301	0.0205836	0.0691038	0.0585922	0.0276786	0.0238541	0.00615675	0.020767	0.0196229	0.0171101	0.0269408	0.00842232	0.259729	0.00577944	0.00687002
110	L	2.83083	0.00819807	0.0214365	0.00583508	0.0106716	0.0289621	0.00782801	0.0295495	0.142452	0.0185781	0.495694	0.0174967	0.0193942	0.0166872	0.0106963	0.00940515	0.0100899	0.0259059	0.071338	0.0339639	0.0158177
111	Y	3.30277	0.0123451	0.00931086	0.0090565	0.11705	0.174647	0.00682337	0.0362856	0.0270133	0.00600062	0.0178746	0.30351	0.033288	0.00197507	0.0199308	0.0199573	0.0615769	0.0506001	0.0185696	0.000996418	0.0731888
112	D	2.85879	0.0230549	0.0356621	0.215197	0.0359728	0.00820722	0.0341515	0.0326527	0.00901394	0.00445761	0.0255774	0.0156435	0.442404	0.027384	0.00721386	0.0162016	0.0152045	0.00984646	0.00509752	0.0324837	0.00457413
113	K	2.76787	0.00816534	0.0154999	0.0123852	0.0215145	0.0251714	0.0046849	0.0278624	0.0121694	0.543908	0.0148123	0.0250456	0.0215116	0.00906136	0.0861932	0.0356614	0.0542174	0.0334006	0.00729007	0.0284339	0.0130113
114	E	3.56014	0.0526976	0.0152497	0.128508	0.177524	0.0816797	0.0161478	0.0215863	0.0210129	0.163015	0.00891989	0.0142022	0.121827	0.0127469	0.0865215	0.00898058	0.0114379	0.0250519	0.00255603	0.00521686	0.0251176
115	E	3.09026	0.0243519	0.0204258	0.100488	0.452079	0.0816552	0.020608	0.0230805	0.00832114	0.0569421	0.0104152	0.0366201	0.0238602	0.0101139	0.0400786	0.0155018	0.0197844	0.0245138	0.00778301	0.00951857	0.0138585
116	I	2.95501	0.00492009	0.159185	0.00969903	0.0128006	0.0137894	0.0201148	0.00998731	0.333046	0.0320716	0.0213265	0.00359594	0.0333299	0.00783426	0.0121774	0.00347771	0.00722948	0.0346014	0.242739	0.0284473	0.00962689
117	R	3.60717	0.0232186	0.0944024	0.01466	0.0203691	0.00960717	0.017068	0.0407916	0.0192353	0.0260079	0.0678373	0.103964	0.00800098	0.00949709	0.0999138	0.270188	0.0388914	0.0269782	0.0792691	0.0205489	0.0095511
118	R	3.63208	0.0269604	0.0336111	0.0165037	0.0767293	0.0125303	0.0133274	0.00443063	0.0564478	0.0789561	0.0704847	0.0220515	0.00865176	0.0110087	0.0736539	0.280227	0.0128539	0.0520948	0.0420441	0.089145	0.0182874
119	I	3.50962	0.0199086	0.110119	0.0284434	0.0169281	0.0179209	0.0334656	0.0313111	0.318335	0.0110909	0.0259765	0.0360632	0.0370425	0.0135826	0.0334504	0.0139376	0.0180235	0.0461739	0.142482	0.0251621	0.0205823
120	W	2.96037	0.0222813	0.0253232	0.0323058	0.0309552	0.0547587	0.0246414	0.0165292	0.0349914	0.0153473	0.0187641	0.0235068	0.0748044	0.0108133	0.0119105	0.0255021	0.0269294	0.00582476	0.010259	0.511504	0.0230481
121	R	3.657	0.00966865	0.0795169	0.0100009	0.0042309	0.0173438	0.0156392	0.0326286	0.0270107	0.0177811	0.117131	0.0571326	0.074591	0.00627508	0.00825977	0.213436	0.144516	0.0517678	0.0323332	0.05914	0.0215967
122	Q	3.68615	0.0136838	0.0395955	0.00144648	0.0103254	0.155415	0.0126264	0.122715	0.0551548	0.0244899	0.0792363	0.022451	0.0471504	0.0365888	0.104312	0.0293483	0.021169	0.0263243	0.18052	0.0107948	0.00665376
123	A	3.37086	0.353169	0.151097	0.016501	0.0348302	0.0134499	0.0335272	0.0187925	0.0341027	0.00630734	0.012624	0.038841	0.0209407	0.0181815	0.020641	0.025328	0.0856407	0.0466372	0.0420256	0.0232428	0.00412093
124	N	3.29531	0.0110519	0.0242979	0.00888338	0.0294541	0.0455323	0.135927	0.0393708	0.0258182	0.0198435	0.018076	0.0197956	0.399155	0.0492585	0.0454848	0.0122096	0.0377393	0.0150721	0.0149443	0.0302897	0.017796
125	N	3.74426	0.0258329	0.19973	0.0351547	0.00736564	0.069813	0.0342162	0.0296322	0.020938	0.0121439	0.0782678	0.0256592	0.172441	0.0137089	0.0966307	0.0210518	0.0641911	0.0223024	0.0139061	0.0244886	0.0325258
126	G	3.54778	0.0606023	0.0548952	0.0225425	0.0457226	0.00975728	0.213029	0.0071551	0.011581	0.0172491	0.220262	0.0332663	0.0811105	0.00269754	0.048708	0.0203112	0.0786025	0.0283136	0.0277185	0.00852787	0.00794711
127	D	3.94522	0.119519	0.00929624	0.0564912	0.0408609	0.0639797	0.0319844	0.0542151	0.0235659	0.0462352	0.131091	0.0327494	0.0368302	0.00507089	0.0586204	0.0258589	0.0283089	0.114379	0.0949068	0.00671273	0.0193241
128	D	3.76812	0.0651639	0.0199885	0.0875544	0.0141971	0.00684756	0.0191809	0.0791924	0.0337651	0.011584	0.0881191	0.0129264	0.187801	0.100328	0.021616	0.030768	0.0407944	0.0870178	0.0834088	0.00197346	0.00777329
129	A	3.70905	0.19761	0.0312108	0.00363057	0.0270849	0.0100674	0.17519	0.00796329	0.0311506	0.0424822	0.0570185	0.0140621	0.0226807	0.0172721	0.0450714	0.0564311	0.077599	0.084602	0.0726377	0.0100899	0.0161454
130	T	3.6762	0.0167214	0.0547814	0.00581528	0.0112819	0.0128383	0.00685445	0.0791254	0.00380802	0.102415	0.0245657	0.0563951	0.0313585	0.0301306	0.0379572	0.0567387	0.0424531	0.188176	0.18605	0.043355	0.00917895
131	A	3.42463	0.242823	0.0206905	0.00938474	0.028089	0.0058842	0.0145599	0.048534	0.00987062	0.013915	0.00600869	0.0581037	0.0760255	0.210483	0.0692785	0.00316973	0.10155	0.0134816	0.0402524	0.0141638	0.0137316
132	G	3.06706	0.0382978	0.0227334	0.0113768	0.0203577	0.0117266	0.40894	0.0296577	0.0970374	0.0121276	0.00929081	0.0186139	0.0152565	0.0116563	0.0421084	0.00717473	0.175973	0.020821	0.0153136	0.0127048	0.0188324
133	L	3.11704	0.0309574	0.0186507	0.127899	0.0191288	0.0233128	0.00835546	0.010392	0.193214	0.00874153	0.349956	0.0704394	0.0100577	0.0101429	0.0132613	0.0108805	0.0108641	0.0156421	0.0481012	0.00961077	0.0103929
134	T	3.01883	0.042725	0.0381689	0.034692	0.0307351	0.00619192	0.019377	0.0119416	0.0152937	0.010503	0.00987899	0.0231726	0.0486968	0.0088015	0.0120253	0.00737732	0.123984	0.449954	0.0844702	0.0128294	0.00918172
135	H	2.87736	0.0172986	0.0355599	0.00883283	0.0121684	0.0656082	0.00647089	0.476967	0.0134686	0.00842995	0.0100276	0.139039	0.0156842	0.018707	0.0744082	0.0101035	0.0207941	0.0194435	0.00827299	0.0133532	0.025362
136	M	3.13498	0.00908872	0.0964988	0.00813413	0.00886167	0.032665	0.0125083	0.0179545	0.275457	0.00583418	0.113346	0.204621	0.0117175	0.00532282	0.0153219	0.0053077	0.0109799	0.00940835	0.137436	0.008597	0.0109389
137	M	2.94258	0.00389258	0.0204245	0.0179914	0.0352874	0.0612914	0.00756519	0.0195488	0.0921107	0.0577602	0.036932	0.492349	0.0114594	0.0151744	0.0260654	0.0109024	0.00487912	0.0124274	0.0295367	0.0124086	0.0319934
138	I	2.93055	0.0417519	0.0203049	0.0286235	0.00994717	0.0212427	0.0111115	0.0114376	0.469807	0.0217694	0.13592	0.0860844	0.0139819	0.019432	0.00897351	0.00575439	0.00988447	0.0161751	0.0215447	0.0371096	0.00914412
139	W	2.99377	0.0085239	0.0231025	0.0166724	0.00710617	0.157489	0.0601819	0.021059	0.0430142	0.0111194	0.0508859	0.0226802	0.0114942	0.0145407	0.0078485	0.00873077	0.0116396	0.00696107	0.00593035	0.427507	0.083513
140	H	3.2393	0.0194683	0.015529	0.0193997	0.129636	0.0123381	0.0143315	0.391661	0.041174	0.0136076	0.00875298	0.0139395	0.0156409	0.0116437	0.0957873	0.00501893	0.0387762	0.035973	0.0270936	0.0367939	0.0534343
141	S	2.95491	0.017774	0.0396265	0.0124	0.0292042	0.0272421	0.0354679	0.0266859	0.0258779	0.0130824	0.0108131	0.0229768	0.0169839	0.0265417	0.0162384	0.0124393	0.5213	0.0300395	0.0671372	0.0172724	0.0308974
142	N	3.04028	0.0259065	0.0157659	0.0221328	0.00797551	0.0634636	0.0289489	0.040269	0.0119186	0.0484425	0.0121036	0.0320874	0.469155	0.0049833	0.0263077	0.012093	0.0882223	0.0118697	0.00607456	0.0579493	0.0143305
143	L	3.03516	0.0150903	0.117517	0.0103566	0.00667496	0.0225473	0.0111158	0.0337865	0.190851	0.00918608	0.385043	0.0390545	0.0194324	0.0238934	0.00554175	0.00535634	0.00719212	0.011175	0.0472488	0.023995	0.0149426
144	N	3.04386	0.0456278	0.0477684	0.0134028	0.0208131	0.0126955	0.0921759	0.00908114	0.0173304	0.0186811	0.0128815	0.0230463	0.475033	0.0112765	0.0394808	0.00496312	0.0207615	0.0297182	0.0574253	0.0355159	0.0123217
145	D	2.75754	0.0244442	0.0268163	0.536801	0.102047	0.0125677	0.0179237	0.0713376	0.0278718	0.0187809	0.00924179	0.0137697	0.0128894	0.0181266	0.00923958	0.00530595	0.018043	0.0239285	0.00787244	0.0238662	0.0191269
146	T	2.95511	0.0477836	0.00462443	0.0263981	0.0043677	0.00643175	0.0148321	0.0139686	0.00931745	0.0199542	0.00623516	0.012686	0.233007	0.0103426	0.0135061	0.00359544	0.331805	0.163521	0.0484475	0.00914836	0.020029
147	T	2.90427	0.00965151	0.0519345	0.0152908	0.0241386	0.0185119	0.0101891	0.0470184	0.0315205	0.0332552	0.015484	0.0279227	0.0321171	0.0099698	0.0372911	0.00794816	0.0186223	0.530477	0.0389929	0.0192705	0.020394
148	Y	2.56019	0.00640071	0.0123548	0.0201444	0.00852932	0.018063	0.00596683	0.0300706	0.0725436	0.0103048	0.0106325	0.0199231	0.0161714	0.0561266	0.0156048	0.0055756	0.0250654	0.0240894	0.0324629	0.0174661	0.592504
149	Q	2.71642	0.0115103	0.0281001	0.0096342	0.0224837	0.00926531	0.0114032	0.0140682	0.0137282	0.0220631	0.00930217	0.0290514	0.00670929	0.0205723	0.539731	0.125474	0.0332242	0.0325831	0.0116436	0.0390889	0.0103628
150	R	2.90372	0.0116273	0.0125803	0.038254	0.018367	0.00932295	0.0222428	0.0200776	0.0175814	0.0318657	0.0718383	0.021422	0.0146828	0.0364568	0.0355401	0.524144	0.0385956	0.0164125	0.00605694	0.0402994	0.0126324
151	T	2.64517	0.0166878	0.0128298	0.0156958	0.0107396	0.011635	0.0182347	0.0239856	0.011636	0.0456056	0.0367635	0.022161	0.0117315	0.0156913	0.0120533	0.0192001	0.101331	0.570296	0.0140044	0.0187384	0.010979
152	R	2.81869	0.0140172	0.0152259	0.00902976	0.0143615	0.0375057	0.0451089	0.0165411	0.0049147	0.0761865	0.00714596	0.0269244	0.0298691	0.0186447	0.0878119	0.520473	0.023437	0.00570797	0.00966249	0.0257277	0.0117049
153	A	2.64213	0.591055	0.0301804	0.0117584	0.00812062	0.00969882	0.0242343	0.0143177	0.0109795	0.012094	0.0202192	0.0232309	0.0204159	0.0143227	0.0452754	0.0244437	0.0182439	0.0480713	0.035636	0.0173557	0.0203464
154	L	2.60013	0.010073	0.045374	0.00750951	0.0104168	0.00934404	0.00971558	0.00662201	0.352316	0.00742896	0.38042	0.0290882	0.0082756	0.00646235	0.00634351	0.0194957	0.0118106	0.0187077	0.0336139	0.0200272	0.00695533
155	V	3.1413	0.0103941	0.0318059	0.0264682	0.00707234	0.0131908	0.0225781	0.00782275	0.0543751	0.0372182	0.0184332	0.00815753	0.0196292	0.00385033	0.0459087	0.0303826	0.16551	0.0977745	0.38363	0.00608494	0.00971321
156	R	2.7295	0.0126647	0.0125873	0.0165626	0.0522052	0.0224599	0.0210295	0.0142895	0.0176263	0.0277903	0.00723884	0.0189868	0.0110306	0.0228554	0.0108035	0.571931	0.042182	0.0333031	0.0312874	0.033878	0.0192877
157	T	3.25779	0.0906164	0.0874418	0.00903653	0.00163422	0.00153698	0.0192308	0.00682998	0.240281	0.00910665	0.013129	0.0118277	0.0368596	0.002708	0.0226266	0.00641695	0.137726	0.177626	0.105935	0.0157067	0.00372389
158	G	3.13925	0.0484378	0.0280564	0.0107832	0.0132997	0.00526572	0.40822	0.0272669	0.031255	0.00292246	0.0415596	0.107196	0.0789617	0.00766448	0.0156057	0.00485249	0.0925873	0.0410438	0.0114992	0.0160293	0.00749375
159	M	2.76943	0.0178857	0.0255213	0.0201901	0.00827157	0.00556999	0.0129027	0.00663252	0.0974049	0.0148934	0.24005	0.419177	0.0210947	0.004283	0.0150216	0.00556713	0.00661575	0.0051287	0.040924	0.0220991	0.0107666
160	D	2.82681	0.0099484	0.0501535	0.518176	0.0893626	0.0246703	0.0167538	0.0253728	0.0116933	0.0107154	0.0075697	0.0734496	0.0260638	0.0132176	0.0419946	0.0110965	0.00753739	0.0253076	0.0167667	0.0143727	0.00577738
161	P	2.87324	0.421995	0.0202802	0.0138324	0.00410104	0.00155351	0.0915089	0.00504298	0.00844284	0.0201839	0.00578235	0.0159563	0.00942493	0.166432	0.0361422	0.0349277	0.100383	0.0230951	0.0140431	0.0032219	0.00365094
162	R	2.74778	0.0457735	0.013422	0.0179333	0.0564109	0.011983	0.0211153	0.00665627	0.0207462	0.0440423	0.0160963	0.0267609	0.0129438	0.0218158	0.0197347	0.564229	0.0209576	0.0088626	0.0124232	0.0239192	0.0341745
163	M	3.44057	0.0114348	0.119098	0.00393886	0.0107267	0.0425536	0.00935748	0.0118042	0.130918	0.00605051	0.0658973	0.185775	0.00445243	0.000941369	0.0224358	0.00278161	0.0192273	0.094134	0.149045	0.0992331	0.0101946
164	C	3.09301	0.345552	0.173771	0.00604311	0.00252987	0.00556805	0.0101709	0.010609	0.0566988	0.0215485	0.00716327	0.00488919	0.100967	0.0152154	0.0118357	0.00675843	0.0818046	0.0120641	0.0928924	0.0104344	0.0234853
165	S	3.19206	0.150984	0.063891	0.0170564	0.00824164	0.0176132	0.0605475	0.00769315	0.0091397	0.00355989	0.0146759	0.0304671	0.0476991	0.0682256	0.0141422	0.00287541	0.352036	0.104851	0.00757714	0.00616209	0.0125622
166	L	2.74953	0.0179108	0.00602566	0.0444416	0.0319251	0.00531387	0.00745397	0.0126131	0.011145	0.00587756	0.338357	0.0978283	0.0168128	0.004888	0.321376	0.0026739	0.037921	0.0233819	0.00809768	0.0035945	0.00236197
167	M	3.35214	0.0123134	0.0353297	0.017198	0.0101653	0.0146484	0.0973201	0.0342573	0.0438778	0.0112609	0.0972217	0.37983	0.0287846	0.0134051	0.0462251	0.00783194	0.0433732	0.0293488	0.0160269	0.0491199	0.0124621
168	Q	3.28379	0.190711	0.0214177	0.0182881	0.00607689	0.0284278	0.00686249	0.00943813	0.0401819	0.0197702	0.0184656	0.033118	0.033638	0.084452	0.33913	0.027269	0.0576836	0.00915632	0.0399241	0.00677945	0.00920902
169	G	2.98392	0.069763	0.0124179	0.0248467	0.180476	0.0142869	0.412828	0.0664843	0.0121142	0.07042	0.0180788	0.00626235	0.0315051	0.00643255	0.0110797	0.00696293	0.00939187	0.0122056	0.0137401	0.0127918	0.00791235
170	S	2.55568	0.0297776	0.0186516	0.00863277	0.0078496	0.0598529	0.0433965	0.0323527	0.016006	0.0279676	0.0129056	0.0140104	0.0138406	0.0116094	0.0133402	0.0204249	0.599545	0.0118485	0.00919459	0.0429616	0.00583158
171	T	3.00428	0.0104245	0.165825	0.0937856	0.0206373	0.0168506	0.040312	0.014479	0.0153434	0.00905525	0.0170717	0.0786787	0.0340488	0.00614823	0.0183989	0.00481102	0.00483337	0.412051	0.0167359	0.0107281	0.00978168
172	L	2.93842	0.0419532	0.0286707	0.00591007	0.0178188	0.0240078	0.00448168	0.00745153	0.228595	0.00637935	0.347734	0.00711201	0.0262654	0.0150179	0.162063	0.00852071	0.0160372	0.0199144	0.0204962	0.0071477	0.00442334
173	P	3.18379	0.0457112	0.0305905	0.00565827	0.0230677	0.022205	0.0339547	0.0856374	0.0058503	0.00985591	0.016784	0.0166904	0.0200127	0.414043	0.101872	0.0149978	0.0770065	0.0337761	0.0284838	0.00864693	0.00515546
174	R	2.20695	0.00492433	0.0100414	0.0368105	0.0107928	0.0159714	0.0238643	0.0100061	0.00725949	0.0385833	0.00654853	0.0303966	0.043946	0.0244984	0.0174302	0.668464	0.00694259	0.00511938	0.00485697	0.0274315	0.0061117
175	R	2.87712	0.0171098	0.0122593	0.00936073	0.0262247	0.0141298	0.0112726	0.00958554	0.00934579	0.253882	0.0113487	0.0113714	0.0333123	0.0176643	0.0147148	0.413823	0.0335647	0.0140485	0.0136561	0.0486132	0.0247124
176	S	2.75146	0.314016	0.0265218	0.00725888	0.00655547	0.00925534	0.129365	0.0343781	0.0223217	0.00606049	0.0073434	0.00766123	0.00594869	0.00750719	0.00598003	0.00393359	0.332522	0.0380757	0.00787428	0.0111676	0.0162529
177	G	2.414	0.0151597	0.00743112	0.00851813	0.0788357	0.062685	0.606144	0.0150688	0.00994505	0.00805673	0.0113923	0.0145114	0.0128105	0.00757678	0.0170212	0.0150666	0.00810221	0.0104275	0.0697834	0.010517	0.0109465
178	A	3.46997	0.338102	0.0199386	0.0290803	0.0098332	0.00582932	0.0307869	0.0214505	0.0231264	0.0443874	0.0300395	0.00963818	0.0974523	0.0776009	0.0321432	0.0271107	0.0156286	0.0614188	0.0213127	0.0080641	0.0970563
179	A	2.58698	0.596243	0.0190812	0.0168829	0.0370121	0.00984356	0.0373506	0.0171043	0.00641608	0.00986047	0.0462472	0.0278619	0.0113418	0.0122312	0.0158582	0.0250893	0.0414813	0.00530725	0.0379962	0.0182598	0.00853221
180	G	2.65316	0.0313905	0.0115063	0.0707889	0.0263513	0.0520098	0.573424	0.0116373	0.0123343	0.0403652	0.00865193	0.0220323	0.0157865	0.00899753	0.0382362	0.0111811	0.00682591	0.0104419	0.0162118	0.0121706	0.0196571
181	A	3.54596	0.205531	0.0593557	0.0094362	0.00943794	0.023323	0.064346	0.0607586	0.00914131	0.0311682	0.0656193	0.216768	0.00664671	0.00228483	0.0600426	0.0211324	0.0810953	0.0271519	0.00660922	0.0321973	0.00795461
182	A	3.28981	0.381892	0.0297113	0.00806348	0.00927689	0.0396232	0.0575446	0.111693	0.00771919	0.0082668	0.0178875	0.00903137	0.0265443	0.0128407	0.0270619	0.00650892	0.0549045	0.0679189	0.0273427	0.0198055	0.0763628
183	V	2.97141	0.0692674	0.0263816	0.0463184	0.00647693	0.00669859	0.0120426	0.00594249	0.20206	0.0166546	0.0187069	0.0202723	0.0209881	0.0130249	0.0129546	0.0118997	0.0215592	0.0547265	0.413783	0.00354022	0.0167017
184	K	2.59237	0.0346839	0.0235416	0.00556299	0.0188074	0.0222539	0.00568208	0.0304008	0.0276151	0.594756	0.0317082	0.0112665	0.0321787	0.0236947	0.0378205	0.0438908	0.00718364	0.00435003	0.00549927	0.0255357	0.0135688
185	G	2.63219	0.0385489	0.023017	0.0258157	0.106632	0.0094884	0.558062	0.051698	0.00620907	0.00461477	0.00949497	0.0239083	0.035308	0.00791228	0.0216778	0.0117043	0.0171911	0.00610935	0.00895316	0.00727231	0.0263824
186	V	3.37456	0.0131652	0.0350355	0.00619708	0.00750647	0.161326	0.00265717	0.157413	0.11027	0.0132425	0.0981193	0.0133504	0.035699	0.0174324	0.0523573	0.0041141	0.0059172	0.0208488	0.22207	0.00367977	0.0195992
