#SITE	WT_AA	SITE_ENTROPY	PI_A	PI_C	PI_D	PI_E	PI_F	PI_G	PI_H	PI_I	PI_K	PI_L	PI_M	PI_N	PI_P	PI_Q	PI_R	PI_S	PI_T	PI_V	PI_W	PI_Y	PI_*
1	M	3.50602	0.0329423	0.0296865	0.0350425	0.0439591	0.0209232	0.0255306	0.0443459	0.0302574	0.0396431	0.0297871	0.404068	0.0290667	0.0248795	0.0208619	0.025559	0.0216218	0.0312044	0.012889	0.0492152	0.0337238	0.014793
2	A	1.71797	0.711588	0.00783079	0.00480744	0.0124445	0.00896419	0.0079823	0.00351484	0.00813994	0.00687216	0.00198005	0.0436715	0.00611666	0.0013837	0.00424685	0.00335597	0.0032918	0.00318221	0.136112	0.0121205	0.00761153	0.0047829
3	S	3.17626	0.172097	0.00361882	0.00183913	0.00170369	0.0378668	0.000686344	0.020158	0.171103	0.00334162	0.032109	0.00323466	0.184208	0.000303661	0.00631284	0.00293458	0.082028	0.0138683	0.0119078	0.0870718	0.161978	0.00162869
4	Q	3.51808	0.0401255	0.045486	0.00765921	0.014814	0.144088	0.000803433	0.0141479	0.0560876	0.0178249	0.0368838	0.0332217	0.241722	0.000456746	0.0578534	0.00145928	0.0383532	0.0208116	0.0376986	0.0249542	0.162372	0.00317779
5	G	2.9284	0.0288998	0.0418429	0.00902523	0.00757395	0.00383155	0.346577	0.0173114	0.00287885	0.00844498	0.00334835	0.0230265	0.03735	0.013225	0.00446259	0.261102	0.0732349	0.0882939	0.00315998	0.0200636	0.00427264	0.00207503
6	T	1.44181	0.00974701	0.00997147	0.00699615	0.00653006	0.0061026	0.00445824	0.0197886	0.00454545	0.00766452	0.0028216	0.0145613	0.00719138	0.00903664	0.00350354	0.00492837	0.00352972	0.808863	0.00337524	0.0436482	0.00388758	0.0188494
7	K	1.64808	0.00356007	0.00467873	0.0138947	0.00966541	0.0172836	0.00266915	0.00406338	0.0184445	0.768845	0.00247775	0.00783677	0.043886	0.00104743	0.0271261	0.0034745	0.00344121	0.00418384	0.00781288	0.0106624	0.0331375	0.0118092
8	R	1.84162	0.00427203	0.0261124	0.00768362	0.0078171	0.00694114	0.0158003	0.00646994	0.00393667	0.00436345	0.00460882	0.0249691	0.00602493	0.012062	0.0875958	0.725091	0.00710965	0.00933191	0.00880384	0.0188525	0.00723534	0.00491878
9	S	3.1652	0.0437074	0.0150246	0.00503271	0.0359411	0.022389	0.00191262	0.00827445	0.0416534	0.003929	0.103128	0.072771	0.0654468	0.00697646	0.0164337	0.00994293	0.416737	0.0326011	0.0100203	0.0119539	0.0125929	0.0635311
10	Y	3.53766	0.0199354	0.0117997	0.123211	0.00705338	0.173096	0.044895	0.0335638	0.0543045	0.102241	0.0746911	0.0471044	0.00219629	0.0297193	0.00394886	0.00159282	0.00810552	0.0204246	0.0099187	0.00231667	0.206075	0.0238069
11	E	3.03682	0.03892	0.0391457	0.0470922	0.495272	0.0148049	0.039583	0.021725	0.0117437	0.0445559	0.0209566	0.0676313	0.00752642	0.0355318	0.0301	0.0102905	0.0107903	0.0114744	0.0136154	0.00840326	0.00885862	0.0219785
12	Q	3.74908	0.0279146	0.0346524	0.0173742	0.0115282	0.0192086	0.0618907	0.0774061	0.0429058	0.0747918	0.208747	0.00448119	0.0177256	0.020938	0.169787	0.0731118	0.0387484	0.0236269	0.0159521	0.0456074	0.00657611	0.00702633
13	M	2.69903	0.0110149	0.0250972	0.0572939	0.00738126	0.0085979	0.00958778	0.00538025	0.0330207	0.0165387	0.0179931	0.532887	0.123665	0.00486979	0.00987544	0.0210346	0.0056489	0.0228821	0.0161573	0.0566774	0.00892873	0.00546787
14	E	2.8898	0.0130817	0.0952146	0.0388991	0.505954	0.00610031	0.00882121	0.0174561	0.00382207	0.036607	0.0103545	0.0238973	0.00662072	0.0119712	0.00877952	0.0210526	0.0286984	0.0154475	0.0413535	0.0745649	0.0103664	0.0209373
15	T	2.79053	0.00270047	0.00659123	0.00695691	0.0231601	0.245037	0.00390457	0.0508367	0.0413313	0.0112351	0.0755583	0.017391	0.0115685	0.00346296	0.0107832	0.00436604	0.00655903	0.414637	0.0190443	0.0190965	0.0219413	0.00383906
16	D	2.70631	0.0188282	0.0180065	0.560159	0.0441285	0.0248563	0.0104564	0.00764097	0.0205631	0.00971306	0.00453824	0.0243663	0.0483504	0.00633883	0.00405933	0.0114525	0.0422205	0.0161489	0.0153091	0.014387	0.0162767	0.0822004
17	G	2.84782	0.0185819	0.0374198	0.00915682	0.00217298	0.0027854	0.173193	0.00666763	0.14381	0.0172871	0.00672547	0.0183151	0.0311223	0.0733733	0.406275	0.0101235	0.00973595	0.00611042	0.0190409	0.00370716	0.00278653	0.00160996
18	E	3.62428	0.0101624	0.0451732	0.221378	0.208302	0.0666893	0.0316308	0.0146451	0.0581761	0.0309202	0.0164397	0.00730152	0.0121136	0.0697131	0.0151667	0.000892467	0.00874664	0.0518251	0.030708	0.0323013	0.0547969	0.0129175
19	R	2.40124	0.0048571	0.0183299	0.00769858	0.0104127	0.245354	0.00451075	0.0175462	0.0131579	0.00694062	0.00335211	0.0112288	0.0110573	0.00858796	0.0165781	0.52604	0.0264246	0.0107736	0.0115752	0.0245025	0.00803665	0.0130355
20	Q	1.97997	0.00350888	0.00541958	0.006123	0.0148586	0.00645523	0.0117746	0.0171566	0.0326414	0.00826456	0.00391897	0.0175809	0.00899628	0.0207565	0.715643	0.0585665	0.0115095	0.0105573	0.0182406	0.00874593	0.00971057	0.00957134
21	N	3.90992	0.0449025	0.0155537	0.0234824	0.00640055	0.00660955	0.0289448	0.015325	0.0229452	0.128131	0.0363708	0.0889822	0.206599	0.0309026	0.0210543	0.0331129	0.0606469	0.0542186	0.0493447	0.030664	0.0567232	0.039086
22	A	3.73926	0.148916	0.00641133	0.0172573	0.0119779	0.00666491	0.0133751	0.0951803	0.00741938	0.0698988	0.0142996	0.00145285	0.0568075	0.0699346	0.0301993	0.094185	0.0778126	0.0892137	0.140792	0.0103909	0.0362517	0.00155914
23	T	3.35404	0.0494889	0.036185	0.00280652	0.0058937	0.0243453	0.00935326	0.364172	0.00944178	0.037023	0.07245	0.0330461	0.0312791	0.0108545	0.0314629	0.0797704	0.0134177	0.125714	0.0172741	0.00305973	0.0167115	0.0262497
24	E	2.50177	0.0306659	0.00764018	0.0211511	0.156472	0.00124741	0.00103881	0.0054443	0.00207163	0.0331647	0.00321982	0.0201855	0.00280617	0.00242848	0.483802	0.152435	0.00280194	0.00439045	0.0518752	0.00508613	0.00701558	0.00505787
25	I	3.018	0.0152694	0.00521451	0.00476845	0.00200934	0.0147038	0.0312126	0.0288504	0.291133	0.269645	0.125223	0.0152367	0.0165161	0.00566027	0.0992516	0.0240484	0.0176674	0.00756931	0.00316797	0.00615022	0.00713591	0.00956701
26	R	2.30065	0.00258694	0.0157868	0.0215335	0.0111479	0.00615714	0.0101466	0.0105942	0.00290122	0.484594	0.00998264	0.00751225	0.00465958	0.00421745	0.123135	0.255885	0.0110121	0.00119141	0.00538263	0.00499798	0.00206129	0.00451448
27	A	2.78531	0.0772228	0.0117199	0.00264626	0.000567231	0.00359307	0.0444575	0.011578	0.0334778	0.0139272	0.0167944	0.519818	0.0257702	0.097937	0.0208244	0.0304256	0.00953551	0.0252508	0.013791	0.00660823	0.02844	0.00561492
28	S	2.73799	0.00925543	0.0107672	0.00131901	0.00173045	0.00345109	0.199083	0.0016475	0.00187285	0.00977054	0.00381391	0.00337242	0.251649	0.00355744	0.295188	0.0110749	0.103387	0.052019	0.00664664	0.00612405	0.0105145	0.0137563
29	V	2.81993	0.378934	0.0199879	0.00776649	0.00334076	0.0145076	0.00893796	0.00293409	0.104355	0.00423283	0.035233	0.0178255	0.00221485	0.00209345	0.00558276	0.0136869	0.00564603	0.0581977	0.252553	0.004058	0.0350667	0.0228456
30	G	2.85792	0.146722	0.0108594	0.0180644	0.0903601	0.00657176	0.474013	0.00681997	0.00628155	0.0336577	0.0224541	0.0254522	0.0401578	0.00290212	0.00613495	0.0191013	0.0195675	0.0020201	0.0169446	0.0302649	0.00870964	0.0129412
31	K	3.55345	0.0198523	0.0281793	0.00469409	0.0122457	0.186085	0.0567522	0.00728159	0.0185958	0.257903	0.0148148	0.0709961	0.0160436	0.00909295	0.0442659	0.0443155	0.0637943	0.0123447	0.0585095	0.0130242	0.00289219	0.0583178
32	M	2.28949	0.0066895	0.0385354	0.00129426	0.00234984	0.0239742	0.00950412	0.00324893	0.0379462	0.0035211	0.0100623	0.317381	0.00818378	0.00747592	0.0054083	0.00121212	0.468896	0.0148713	0.00243112	0.0220054	0.00242191	0.0125874
33	I	2.55268	0.506284	0.0413747	0.00822586	0.00171726	0.00166194	0.00801197	0.00100975	0.118818	0.0166846	0.0586645	0.0024143	0.0667707	0.000552553	0.00722987	0.0029163	0.00649162	0.0907798	0.0533218	0.00108792	0.000449077	0.00553362
34	D	3.18104	0.110361	0.00897329	0.0801628	0.0148444	0.00260787	0.113372	0.00142253	0.0272983	0.00640481	0.0928523	0.348271	0.0349009	0.00153504	0.0386195	0.00430522	0.0403234	0.0040539	0.00643651	0.00520492	0.0552577	0.00279304
35	G	2.23935	0.0180612	0.0138833	0.00918998	0.00410748	0.00892935	0.138627	0.051788	0.00688624	0.00285896	0.0143837	0.00543904	0.0038979	0.00925904	0.00389388	0.0264176	0.620408	0.010623	0.0238485	0.00934044	0.0106422	0.00751513
36	I	0.999584	0.00601217	0.0027788	0.000467451	0.000978017	0.000766486	0.00240641	0.00271756	0.0415765	0.000394324	0.00426925	0.859263	0.00274988	0.00156367	0.00249237	0.0222219	0.00285574	0.000316214	0.0393578	0.00563398	0.000576117	0.000601957
37	G	2.07046	0.0067742	0.0114732	0.00569023	0.594469	0.000896081	0.0481641	0.00506329	0.00204688	0.000270488	0.00113393	0.169867	0.00424833	0.00185528	0.0016984	0.0088745	0.0758529	0.0432053	0.0125952	0.00421501	0.000824903	0.00078189
38	R	3.03477	0.0104217	0.0101733	0.0406124	0.00699492	0.0305086	0.19734	0.00434761	0.034232	0.0159454	0.34647	0.0281366	0.00234691	0.0108951	0.0233756	0.160349	0.0331129	0.00189449	0.00440386	0.0298832	0.00389234	0.00466394
39	F	3.55128	0.0594967	0.0380711	0.0231446	0.00735487	0.32185	0.0172897	0.0165283	0.0136963	0.0185233	0.0468932	0.106072	0.056644	0.0289176	0.00553254	0.0384872	0.00784779	0.0929087	0.0252718	0.0498936	0.0189025	0.00667395
40	Y	2.775	0.0201305	0.0103317	0.375622	0.0129747	0.0253435	0.0107767	0.0335868	0.00804868	0.00489133	0.00302517	0.0052847	0.00344008	0.00340566	0.0287578	0.00631129	0.0158199	0.0153444	0.0138521	0.0104254	0.284674	0.107954
41	I	3.10674	0.0699811	0.101127	0.0103245	0.0197253	0.00741328	0.0703701	0.00303908	0.0522078	0.00326591	0.079364	0.00754237	0.415754	0.00362563	0.0294383	0.00533857	0.0119771	0.0480998	0.0294053	0.00589812	0.0198786	0.0062234
42	Q	3.28176	0.0245113	0.0909819	0.00967417	0.0227625	0.014709	0.01887	0.0591997	0.0213275	0.0249153	0.0195516	0.00876007	0.0273307	0.0768066	0.420909	0.0328758	0.0110018	0.0171348	0.0493065	0.0119017	0.0107602	0.0267093
43	M	3.24294	0.065759	0.0462418	0.00894444	0.0102465	0.0249528	0.0159949	0.0223548	0.0383759	0.0349902	0.0147846	0.401562	0.148621	0.00330432	0.0196669	0.0104173	0.034987	0.0292534	0.0295481	0.0160445	0.00906956	0.0148819
44	C	3.03753	0.0232928	0.0793448	0.00242218	0.0112241	0.0137823	0.015211	0.00155253	0.00261119	0.0631529	0.155635	0.0186221	0.164893	0.00128523	0.00402692	0.347938	0.00955616	0.00691366	0.0119673	0.0435134	0.0148696	0.00818577
45	T	2.92281	0.0578791	0.341521	0.00559078	0.00709658	0.0171616	0.0229532	0.00481235	0.0106116	0.00485346	0.00995791	0.00828848	0.00442572	0.237734	0.00233916	0.0679284	0.0161197	0.135404	0.0252027	0.00376521	0.00280479	0.0135504
46	E	3.56565	0.00449989	0.00374713	0.03536	0.215158	0.00389806	0.0253054	0.00283726	0.0443242	0.00817988	0.01137	0.055878	0.133699	0.118182	0.0448816	0.0106041	0.0109109	0.136968	0.0710786	0.0259526	0.00950906	0.0276573
47	L	2.73533	0.00973274	0.0224027	0.00624972	0.00392759	0.00348153	0.0130675	0.00173233	0.0129591	0.0361241	0.136337	0.177217	0.0128778	0.0257071	0.0181635	0.0133469	0.00465997	0.034506	0.0026266	0.00523615	0.449645	0.00999968
48	K	3.56712	0.0217301	0.109294	0.110159	0.0108251	0.00810681	0.0099692	0.156843	0.00702144	0.204309	0.0346491	0.0209614	0.133483	0.0127083	0.0173503	0.0231525	0.0115737	0.0283742	0.0468262	0.0164489	0.00626895	0.00994667
49	L	1.351	0.00318829	0.00604116	0.000851839	0.00211156	0.00268753	0.0037901	0.00234797	0.0172757	0.00434938	0.0554216	0.016662	0.00769227	0.00818615	0.00293342	0.00132158	0.00487384	0.0045705	0.0335857	0.00808555	0.810808	0.00321531
50	S	3.58722	0.0484013	0.0125424	0.0365493	0.165814	0.00396816	0.254891	0.0466322	0.0153716	0.0777056	0.0321057	0.0209049	0.0444858	0.0619877	0.00454386	0.0193394	0.0762054	0.0426108	0.012591	0.00169096	0.0192097	0.00244914
51	D	2.96825	0.0721122	0.00532888	0.0776523	0.0143979	0.0169451	0.036437	0.0111793	0.0129711	0.0028152	0.0204878	0.00572127	0.296075	0.0338574	0.000736885	0.0100926	0.0289397	0.316944	0.0218355	0.00445827	0.00540589	0.00560668
52	Y	1.35266	0.0333998	0.00103744	0.0129193	0.00335176	0.0206973	0.00369021	0.00391218	0.00429017	0.00182721	0.00138436	0.0153056	0.00574079	0.000420045	0.00396003	0.00176687	0.0259664	0.81351	0.0050174	0.00211157	0.0348668	0.00482495
53	E	3.25159	0.018147	0.0250368	0.215368	0.282103	0.0576663	0.00357876	0.097481	0.012118	0.00798093	0.0137425	0.0280248	0.00332034	0.00158077	0.0139545	0.0251246	0.0142072	0.034328	0.0124736	0.0133305	0.0028978	0.117536
54	G	3.54297	0.142007	0.00627787	0.00344751	0.063209	0.0100568	0.228968	0.00443683	0.0345592	0.00346927	0.00966945	0.0803664	0.0171811	0.0316708	0.0246665	0.0125553	0.0285935	0.11517	0.00339867	0.020576	0.0431994	0.116521
55	R	3.42042	0.0150851	0.257195	0.0252046	0.0293962	0.00191295	0.00888518	0.0358228	0.00905572	0.171913	0.0181732	0.0320006	0.0253844	0.0129877	0.0513048	0.168109	0.0642611	0.0149271	0.0404094	0.0077012	0.00810687	0.00216475
56	L	3.01487	0.0225833	0.00792041	0.00414334	0.00222895	0.0302513	0.0925629	0.363363	0.0387696	0.00448054	0.0810393	0.00940169	0.0228536	0.00639851	0.0146883	0.00168278	0.00880267	0.0541522	0.209432	0.00522828	0.00835722	0.0116604
57	I	3.06356	0.0271326	0.0070031	0.00750629	0.00114628	0.00297073	0.039786	0.0032729	0.195317	0.00758781	0.123178	0.00958886	0.0030624	0.0120062	0.328765	0.0617	0.016068	0.0127777	0.102963	0.00364621	0.0224644	0.0120571
58	Q	3.05091	0.0579057	0.0095428	0.00215049	0.194084	0.00546914	0.0195535	0.0104342	0.00614716	0.0039049	0.0472994	0.00313731	0.179123	0.0238796	0.324477	0.0270792	0.0343978	0.0123354	0.00986417	0.00625719	0.00447883	0.0184796
59	N	2.98114	0.0374185	0.00377801	0.167953	0.0279048	0.0302887	0.0130303	0.0054287	0.0139008	0.0319179	0.0126516	0.0249123	0.457856	0.0286359	0.00180257	0.0229534	0.00923507	0.0160981	0.0317714	0.0275362	0.0121295	0.0227965
60	S	3.10681	0.0500195	0.0094914	0.0205606	0.0144025	0.00345503	0.0935942	0.00685209	0.0141276	0.00506279	0.0212747	0.00645164	0.312851	0.0153068	0.0276864	0.00780484	0.262747	0.0565664	0.00930762	0.00852186	0.00749605	0.0464199
61	L	3.48296	0.0231095	0.00531811	0.00247607	0.0378758	0.0157119	0.00808803	0.0364073	0.20107	0.00342897	0.128873	0.00230167	0.137023	0.00343098	0.0352494	0.0227048	0.0286073	0.162288	0.0692143	0.00594125	0.06502	0.00586194
62	T	3.29091	0.00350401	0.0590305	0.00530846	0.00576132	0.016758	0.0226464	0.0104078	0.0149366	0.00253934	0.0406479	0.00405313	0.160541	0.00572074	0.0112977	0.012309	0.255778	0.139531	0.0687468	0.00723803	0.139726	0.0135188
63	I	3.41678	0.0189202	0.145211	0.0214672	0.00274096	0.0231213	0.00635007	0.0128139	0.258258	0.0102071	0.0509377	0.164194	0.0186854	0.0197947	0.0104272	0.0135563	0.0216849	0.0311047	0.0122471	0.0249813	0.00828156	0.125015
64	E	3.40148	0.0183957	0.00563143	0.042814	0.360525	0.0157623	0.018772	0.0454127	0.0127511	0.00772069	0.0178772	0.0215834	0.0145204	0.0252283	0.0149859	0.0650019	0.0352547	0.0591773	0.0229801	0.0465963	0.141219	0.00779123
65	R	3.36493	0.00913526	0.0335302	0.0387647	0.00978663	0.00529767	0.0244424	0.0119151	0.0154196	0.146849	0.0687639	0.0072213	0.111417	0.0227868	0.00997736	0.341874	0.011303	0.0313217	0.0151224	0.0362033	0.0218676	0.027001
66	M	3.25051	0.00895024	0.207507	0.011798	0.0120274	0.192853	0.00699402	0.00400253	0.0936204	0.033465	0.0180945	0.231647	0.0141473	0.00300356	0.0625593	0.00759048	0.00952859	0.0199853	0.00684773	0.0289625	0.00638249	0.0200333
67	V	3.74369	0.0180274	0.0277494	0.0201777	0.0185935	0.0462976	0.0422411	0.0319036	0.067149	0.0171197	0.0343711	0.199636	0.019389	0.0073129	0.0232548	0.0476059	0.0309492	0.0104394	0.22991	0.0396388	0.0296964	0.0385373
68	L	2.62646	0.00626657	0.0497586	0.0012119	0.0236521	0.0251041	0.0259154	0.539058	0.00838026	0.021502	0.135261	0.00194179	0.0339625	0.00709868	0.0194239	0.00500152	0.0403796	0.0123368	0.00394442	0.00999224	0.00212549	0.0276839
69	S	3.11921	0.132631	0.0894954	0.00797492	0.00312175	0.0144918	0.0597192	0.0243881	0.00217173	0.00432389	0.0249852	0.00595492	0.0430896	0.0225501	0.00805582	0.00613345	0.372886	0.0050173	0.00470221	0.0322459	0.0158555	0.120207
70	A	3.44921	0.315959	0.0329377	0.0201181	0.0304398	0.00938688	0.0281064	0.0144772	0.00745991	0.0395912	0.0167201	0.00712702	0.0892976	0.00731307	0.0453721	0.00966232	0.127141	0.10727	0.0259963	0.00563631	0.00853404	0.051454
71	F	3.50689	0.0551284	0.0128948	0.0165849	0.00191384	0.215678	0.0121378	0.0369711	0.00736178	0.0257893	0.0523362	0.0043144	0.0193634	0.0457897	0.00763433	0.0255457	0.0250255	0.0837459	0.0117742	0.0104052	0.224692	0.104914
72	D	2.89275	0.0335766	0.0131291	0.506177	0.0628238	0.00638617	0.044475	0.00675556	0.00861011	0.0108178	0.0878037	0.0249657	0.0294413	0.00407634	0.0212136	0.0164395	0.0213021	0.0582733	0.00540311	0.00812206	0.0104765	0.0197318
73	E	3.28842	0.0263633	0.00210361	0.102232	0.0651152	0.0539814	0.00847285	0.0708607	0.101992	0.35733	0.0212829	0.00683644	0.00878064	0.00867797	0.0316905	0.0401456	0.0163785	0.0232196	0.0491525	0.00236602	0.000611169	0.0024062
74	R	3.284	0.0560499	0.0138806	0.0103277	0.0302233	0.00417065	0.0478883	0.0408976	0.0111163	0.159675	0.0172164	0.0183025	0.00533288	0.00767871	0.00861496	0.300974	0.172537	0.0328664	0.00204852	0.0085286	0.0117693	0.0399013
75	R	2.85166	0.00701379	0.00909558	0.0102164	0.012037	0.0533585	0.0188657	0.0240405	0.0179199	0.0378405	0.0200953	0.0447896	0.0155661	0.0157148	0.0329306	0.546102	0.0141621	0.0390071	0.0189239	0.0387899	0.00875035	0.0147807
76	N	2.17764	0.00497662	0.0126845	0.00350762	0.0158031	0.00122154	0.00840778	0.00308634	0.0204931	0.0227624	0.00696329	0.0332017	0.0453303	0.0185527	0.654135	0.00739251	0.0252477	0.0128277	0.00919182	0.0900115	0.00193747	0.00226516
77	K	3.27112	0.237567	0.0103716	0.00222726	0.00363884	0.0128773	0.0940817	0.00258804	0.019408	0.0295403	0.0484935	0.00184228	0.00719833	0.00133551	0.105969	0.0839401	0.192531	0.00836849	0.00856949	0.0113758	0.00489324	0.113183
78	Y	3.19468	0.00734223	0.0372728	0.0133459	0.0232381	0.0279242	0.0881887	0.0249701	0.174234	0.0312516	0.00488421	0.0338413	0.00976222	0.00517111	0.00576974	0.0330308	0.0161994	0.0120175	0.0108097	0.056893	0.376383	0.00747035
79	L	2.57665	0.00181924	0.0473335	0.0172135	0.00922948	0.00768966	0.00321301	0.0049835	0.288452	0.00376033	0.441695	0.0244194	0.00883367	0.0102336	0.0198235	0.0199384	0.037638	0.00686855	0.0041166	0.0164165	0.00730773	0.0190155
80	E	3.77655	0.0177794	0.0429712	0.0575072	0.27588	0.0267917	0.0230438	0.0246182	0.0448019	0.0316411	0.0408563	0.00752904	0.0654538	0.00300146	0.0157052	0.0120682	0.0471801	0.0996209	0.0564692	0.0395699	0.0189361	0.0485748
81	E	3.61609	0.0248999	0.0344383	0.073597	0.31457	0.00679112	0.0785343	0.0232627	0.0793444	0.0501336	0.0239953	0.0158255	0.049157	0.00247167	0.00736158	0.0225493	0.060156	0.0353011	0.0305538	0.00630633	0.0158188	0.0449322
82	H	3.28326	0.00920257	0.0348429	0.00215193	0.002388	0.154612	0.00770681	0.0880688	0.00964669	0.0311868	0.0232074	0.00687531	0.0427099	0.000677886	0.264231	0.0290627	0.0263809	0.0271903	0.0162834	0.200508	0.019916	0.00315097
83	P	3.83765	0.0370186	0.049625	0.0152277	0.0545684	0.0106485	0.0625308	0.0131189	0.057934	0.014959	0.018243	0.0118222	0.00881171	0.173596	0.170668	0.0289428	0.0293873	0.0399831	0.0677689	0.00306425	0.0450656	0.0870161
84	S	3.25165	0.178944	0.0982761	0.00325078	0.0257064	0.000890112	0.0350146	0.000271597	0.163441	0.00217375	0.0555726	0.00132407	0.24498	0.0332676	0.0109828	0.0040446	0.0555429	0.0540671	0.0120854	0.00708886	0.00344257	0.00963323
85	A	3.88863	0.143827	0.164726	0.00507505	0.0641213	0.000565831	0.0261696	0.0453017	0.0843959	0.0269494	0.0687133	0.00311951	0.0520754	0.0338747	0.0678293	0.0296924	0.0324793	0.0461408	0.0522386	0.0275209	0.00627314	0.0189114
86	G	3.20813	0.0585142	0.00183932	0.00267608	0.0160276	0.00689014	0.121092	0.25067	0.0113854	0.00300778	0.240204	0.000727523	0.0548533	0.00963526	0.00270937	0.0444006	0.0886987	0.0195155	0.0216688	0.00990945	0.00447882	0.0310958
87	K	2.4242	0.00920129	0.00742019	0.00391102	0.0377483	0.00259843	0.00890019	0.0204638	0.0111471	0.619353	0.00862412	0.0396944	0.00918973	0.0419948	0.00955945	0.0766495	0.0116342	0.0141782	0.0139998	0.00967174	0.0225233	0.021537
88	D	1.66947	0.000975042	0.695366	0.0620305	0.00239949	9.87011e-05	0.00431129	0.00211322	0.00244601	0.000999139	0.00162995	0.000785483	0.0976292	0.0396035	0.000585613	0.00104642	0.0742383	0.00239302	0.00489567	0.000823918	0.000141209	0.00548803
89	P	3.65358	0.209965	0.123012	0.00527439	0.00377501	0.0648445	0.0206038	0.0257121	0.00656602	0.0275635	0.0569778	0.0380872	0.0152107	0.142726	0.00563705	0.00789311	0.065501	0.00607509	0.0186329	0.0966232	0.0276523	0.0316674
90	K	3.86213	0.0386445	0.0199987	0.00908762	0.00837343	0.0107281	0.0656533	0.0397861	0.0403767	0.134503	0.0411128	0.0241812	0.123372	0.00274063	0.0585803	0.0383596	0.0782258	0.146272	0.080859	0.00437071	0.0154111	0.0193644
91	K	2.54591	0.0039588	0.00304272	0.00592435	0.0310306	0.00911928	0.00850491	0.00258217	0.0331397	0.554619	0.00792363	0.0533483	0.034934	0.00500314	0.0251233	0.123413	0.0139511	0.00800208	0.0089421	0.00594281	0.00481621	0.0566791
92	T	3.04531	0.0707131	0.00409029	0.00580193	0.00492174	0.00489083	0.230306	0.00675798	0.00997105	0.014485	0.0165619	0.00686568	0.0744042	0.00408348	0.0325839	0.0279276	0.0156937	0.326705	0.00959723	0.013352	0.00561883	0.114668
93	G	2.78995	0.0119262	0.0049882	0.00400843	0.0225871	0.00597474	0.341873	0.00404561	0.005895	0.00494744	0.024396	0.0414699	0.0201633	0.00837834	0.0313395	0.015769	0.290879	0.00327978	0.0025134	0.135572	0.00716653	0.012827
94	G	3.16979	0.010142	0.0705488	0.0150023	0.0455916	0.00986972	0.315776	0.0213086	0.161225	0.198566	0.00675007	0.0127918	0.00907805	0.00985369	0.00893065	0.0118239	0.0120845	0.00680646	0.0133832	0.0213215	0.0164219	0.022725
95	P	2.32772	0.582351	0.00122684	0.00801243	0.0040398	0.00515517	0.0013428	0.0618913	0.0174797	0.0129373	0.00648261	0.0136913	0.00932348	0.140475	0.0483775	0.0226847	0.00193292	0.00295882	0.0036168	0.0411696	0.00308365	0.0117672
96	I	3.53565	0.00660236	0.00826528	0.0184452	0.00318438	0.0155993	0.00515204	0.0386399	0.275426	0.0155404	0.052172	0.029817	0.0490806	0.011199	0.00642131	0.0104652	0.0692167	0.0584749	0.165645	0.0383085	0.077313	0.0450317
97	Y	3.3424	0.017007	0.0166829	0.0414244	0.00622053	0.0370829	0.0316653	0.00529474	0.0280189	0.0105286	0.0445917	0.0220768	0.00582527	0.0222877	0.0512171	0.242052	0.0201981	0.00532068	0.0493922	0.0311642	0.3007	0.0112486
98	K	3.39088	0.128964	0.0060984	0.000409614	0.00994931	0.00400275	0.0334385	0.0117704	0.0221954	0.136688	0.0145901	0.0122989	0.195562	0.0336655	0.0546437	0.21409	0.00279643	0.0498351	0.0332285	0.00683322	0.00229049	0.0266496
99	R	3.67326	0.0518596	0.00897236	0.0397126	0.0479873	0.00685128	0.0412543	0.0877286	0.0122425	0.0120145	0.117291	0.033894	0.0254652	0.00869861	0.00356216	0.256317	0.0221589	0.0100763	0.0586687	0.0850451	0.0609809	0.00921951
100	V	3.90271	0.01983	0.00654483	0.00507554	0.0448502	0.0693146	0.0709178	0.0574591	0.0291405	0.0240568	0.0875455	0.00301972	0.00352692	0.0697671	0.139473	0.0247315	0.0618746	0.0379429	0.099036	0.0124853	0.118122	0.0152861
101	D	3.3787	0.0315333	0.0343261	0.284311	0.0790451	0.010928	0.0186127	0.00432961	0.0213893	0.00872232	0.0185202	0.00707797	0.199476	0.0267233	0.062192	0.00682732	0.0131476	0.0473365	0.01586	0.00441102	0.00723617	0.097994
102	R	3.91831	0.0285379	0.0856045	0.0125462	0.0109315	0.0576592	0.0425508	0.0208519	0.0173439	0.0774821	0.134869	0.0657598	0.0219817	0.0132948	0.0149792	0.159517	0.0628554	0.0363465	0.0115614	0.0234738	0.0889334	0.0129198
103	K	3.8425	0.106426	0.00312922	0.0210621	0.0601438	0.00584519	0.0824475	0.0546778	0.108061	0.16721	0.0189051	0.0135045	0.00661625	0.0137365	0.0346358	0.0731251	0.0360337	0.0785638	0.0722222	0.0231711	0.00688838	0.0135943
104	W	2.76596	0.00817895	0.0199652	0.00576776	0.00585228	0.385932	0.00793532	0.00697072	0.185581	0.00114666	0.0266759	0.00870608	0.00531472	0.00416254	0.0114432	0.00548688	0.00766936	0.00323991	0.0254089	0.195326	0.0174052	0.0618316
105	M	3.63722	0.0395147	0.0240003	0.0428567	0.016824	0.187992	0.00476168	0.106205	0.0172709	0.00510119	0.0397189	0.141977	0.0178441	0.0054011	0.0150665	0.00467098	0.0270092	0.141824	0.0494214	0.00539973	0.093368	0.0137728
106	R	3.33389	0.0425632	0.0387812	0.0149202	0.0109055	0.0162004	0.0437167	0.0709368	0.00817178	0.0721055	0.0102474	0.01496	0.029639	0.00777926	0.00762838	0.376641	0.0138039	0.0079019	0.0145402	0.0277319	0.123065	0.0477601
107	E	2.16115	0.00474186	0.066244	0.0433198	0.152061	0.00827661	0.00464722	0.61021	0.00340993	0.0259002	0.00114091	0.00633789	0.0140833	0.00285337	0.00555635	0.0013854	0.00810896	0.00869699	0.00724124	0.0114541	0.0109704	0.00336008
108	L	3.54483	0.0385186	0.004669	0.0129623	0.011537	0.00886142	0.0475519	0.0906584	0.0254011	0.0316666	0.243068	0.019724	0.00979678	0.0794281	0.0169738	0.018271	0.0225275	0.127536	0.156994	0.00616501	0.00449825	0.0231918
109	V	3.08171	0.0409219	0.354587	0.00519892	0.00355642	0.0161029	0.00860793	0.0198312	0.0477893	0.199304	0.0408557	0.00994188	0.0111059	0.0319995	0.0135973	0.0271225	0.00746051	0.00342686	0.130465	0.00199625	0.00796164	0.018168
110	L	2.89043	0.00486572	0.00801608	0.00402131	0.00798381	0.0243897	0.010815	0.0166978	0.258855	0.0787977	0.366709	0.00663354	0.0108331	0.0174726	0.015579	0.00624594	0.00896137	0.00930496	0.0462156	0.0837789	0.00369262	0.0101307
111	Y	3.44284	0.0457422	0.0218874	0.00667744	0.00373937	0.0126689	0.00436865	0.113522	0.0413389	0.00488909	0.0213006	0.192716	0.00380454	0.00061841	0.083068	0.0645754	0.192909	0.0319299	0.00742997	0.00243687	0.125016	0.0193621
112	D	3.62488	0.00630077	0.130591	0.260116	0.0481079	0.0208931	0.015391	0.133125	0.0168675	0.0340122	0.0269387	0.0353309	0.0760466	0.0261411	0.0170991	0.031943	0.00362727	0.0389512	0.00378706	0.0119166	0.0215719	0.0412422
113	K	3.0633	0.00498856	0.0193079	0.00640962	0.0123287	0.00351994	0.00917324	0.080802	0.00752799	0.419264	0.0161834	0.0578777	0.0184997	0.00731753	0.0760684	0.0197745	0.13982	0.0438929	0.0228343	0.0112022	0.0144007	0.00880709
114	E	2.48923	0.0115034	0.0022762	0.026679	0.0798973	0.177955	0.00298809	0.0239656	0.0111471	0.0770076	0.00636856	0.00675454	0.511343	0.00626465	0.00255847	0.00725218	0.00747341	0.00417316	0.00177326	0.00215796	0.0219137	0.0085476
115	E	3.44336	0.0251624	0.0366603	0.171259	0.270355	0.00485205	0.0364494	0.0255314	0.00811064	0.078787	0.0131707	0.0494328	0.00827408	0.00101753	0.112403	0.044116	0.0614411	0.0108214	0.0222228	0.0116656	0.00287107	0.00539628
116	I	3.26013	0.00819412	0.011819	0.0169621	0.0048629	0.0177445	0.0743343	0.00798294	0.347713	0.0319589	0.0205494	0.0035663	0.0313561	0.0299379	0.0297069	0.0104333	0.00133832	0.0293353	0.184295	0.0750313	0.0147625	0.0481162
117	R	3.35407	0.0137026	0.0323212	0.00106141	0.015244	0.0054163	0.0347323	0.0960472	0.0758758	0.00598631	0.0976717	0.288777	0.00102502	0.0044585	0.0198929	0.0659931	0.0102559	0.0582071	0.147923	0.0130874	0.00885897	0.0034624
118	R	3.0367	0.0245579	0.0219384	0.00781968	0.0259871	0.0207288	0.0126495	0.0185898	0.0368223	0.00968356	0.332648	0.00844725	0.0032187	0.0144398	0.0233636	0.283566	0.0107786	0.0314126	0.0880413	0.00970253	0.0119984	0.00360609
119	I	3.25401	0.0104741	0.0128012	0.0815779	0.0455285	0.0148167	0.0698637	0.0183208	0.421606	0.0190794	0.0211398	0.0315574	0.0355937	0.0102682	0.0154536	0.0098021	0.00728677	0.0120135	0.0733573	0.020976	0.0136304	0.0548536
120	W	3.30105	0.0407113	0.0211682	0.0137976	0.0123087	0.0783455	0.051917	0.0641303	0.0122842	0.0239452	0.0372275	0.0690212	0.0215294	0.0157455	0.00563969	0.00476625	0.0199584	0.00302569	0.00240313	0.368213	0.00914214	0.12472
121	R	3.60547	0.0191594	0.0602364	0.00790149	0.00307431	0.0162972	0.00734744	0.0393545	0.0761117	0.0107989	0.139525	0.0263833	0.0167105	0.0154517	0.00973395	0.25258	0.0494155	0.120856	0.0404614	0.0180391	0.0579056	0.0126563
122	Q	3.34587	0.00834139	0.0614561	0.000663428	0.00943828	0.000650318	0.00548809	0.0843915	0.00194528	0.0355021	0.249323	0.00201708	0.118671	0.0012819	0.100998	0.0527974	0.0253184	0.0263535	0.16537	0.0249416	0.0224935	0.0025574
123	A	3.48574	0.236716	0.180713	0.00358052	0.00766565	0.0253229	0.0734582	0.00650276	0.0363598	0.00787966	0.018803	0.008636	0.0503247	0.0190605	0.033026	0.072835	0.0512049	0.127771	0.024125	0.00367222	0.00334021	0.00900257
124	N	3.62994	0.0260992	0.0612268	0.00308124	0.0473962	0.0534314	0.0307918	0.0184282	0.0533102	0.00951459	0.0374274	0.0380544	0.324114	0.00530785	0.0427555	0.0178122	0.0843449	0.00570631	0.0222573	0.0536012	0.0296796	0.0356594
125	N	3.64863	0.0493675	0.018479	0.0167103	0.0250175	0.0477334	0.0388553	0.0546642	0.0130646	0.0217849	0.0127765	0.0440444	0.0745542	0.0527502	0.239181	0.00565902	0.194297	0.0442622	0.0136225	0.01242	0.00610952	0.0146473
126	G	2.6592	0.0576766	0.0250131	0.00648733	0.000454719	0.00249862	0.0954127	0.00616995	0.00466398	0.00638967	0.523191	0.0503364	0.00485655	0.00600212	0.066816	0.00679567	0.0231934	0.0673706	0.016233	0.0229731	0.000787958	0.0066775
127	D	3.66126	0.168514	0.00318001	0.0527206	0.0246877	0.000438539	0.0204547	0.0167963	0.00309774	0.149843	0.0805374	0.0200622	0.0565319	0.00864937	0.0367177	0.0153773	0.0779814	0.0435083	0.137871	0.00194709	0.0738976	0.00718638
128	D	3.94988	0.0442067	0.0379085	0.18553	0.0144091	0.0250522	0.0213793	0.026496	0.0468468	0.0239891	0.0240007	0.0475093	0.0163638	0.0977641	0.028263	0.0818817	0.0793567	0.0951085	0.0607013	0.00299839	0.00989999	0.0303355
129	A	3.86726	0.134272	0.0250844	0.00428566	0.0197965	0.0245569	0.0686538	0.014663	0.0814998	0.0141098	0.0941091	0.0697832	0.00805179	0.0135416	0.0213038	0.13545	0.0617666	0.113967	0.0346379	0.00791642	0.0126985	0.0398531
130	T	3.40896	0.0580883	0.072188	0.00492894	0.00450224	0.0234582	0.0135471	0.00662786	0.00445151	0.25194	0.0428399	0.00323716	0.0204268	0.103645	0.0475525	0.0204509	0.0478256	0.216606	0.0184844	0.00481036	0.0115997	0.0227892
131	A	3.0062	0.0685487	0.0280659	0.0161516	0.075008	0.000359253	0.00149099	0.0453464	0.00126657	0.000381309	0.00445473	0.0109965	0.149186	0.00905955	0.243958	0.00347596	0.280873	0.0154677	0.00900535	0.0248111	0.0116663	0.000427124
132	G	2.22674	0.012304	0.0490327	0.0165164	0.00422214	0.00320195	0.172499	0.0542003	0.0283667	0.00636905	0.00609902	0.00366674	0.00439804	0.00533067	0.00544455	0.00183549	0.588408	0.0082158	0.0111594	0.00900771	0.00231127	0.00741001
133	L	2.40304	0.00458055	0.00415429	0.550116	0.0470062	0.0086604	0.0108328	0.00197461	0.0335002	0.0039068	0.169613	0.074357	0.0025189	0.00455381	0.00561959	0.0104136	0.0160327	0.0146433	0.00459167	0.0116036	0.00435652	0.0169641
134	T	3.0179	0.089016	0.0548298	0.0167891	0.0292885	0.00329397	0.026821	0.010825	0.00836112	0.00525497	0.0167706	0.0211546	0.0067394	0.00715881	0.018981	0.00285539	0.234514	0.362698	0.0560234	0.0101784	0.00644019	0.0120068
135	H	2.14948	0.00389394	0.00337	0.0055684	0.00380264	0.0172324	0.0135649	0.185523	0.0248523	0.0123152	0.0108226	0.604384	0.00316789	0.00381714	0.0476758	0.0148305	0.0121029	0.0111045	0.00172051	0.0104078	0.00168565	0.00815805
136	M	3.23075	0.0169354	0.129961	0.0110146	0.00838976	0.0519638	0.00167515	0.013122	0.231111	0.00333196	0.0363806	0.163268	0.0182653	0.00214305	0.0355781	0.0179994	0.00942355	0.0140866	0.209818	0.00277895	0.00294284	0.0198109
137	M	3.20276	0.0137982	0.0225722	0.00346954	0.0277508	0.0242845	0.0104468	0.0913408	0.128696	0.0329585	0.0864416	0.38951	0.0115997	0.0260828	0.0410051	0.0159692	0.00788769	0.00433171	0.00756722	0.0086543	0.0384479	0.00718617
138	I	2.8441	0.111828	0.00559775	0.00574638	0.00964912	0.00828352	0.00311664	0.0118062	0.452591	0.0160805	0.0374849	0.0644461	0.0110746	0.0141795	0.0112947	0.0119144	0.00988473	0.00380797	0.0347011	0.153349	0.010494	0.0126698
139	W	2.82254	0.00574861	0.0114552	0.00325689	0.00346906	0.475636	0.0157198	0.0301556	0.028308	0.0403565	0.00415164	0.069829	0.00481807	0.0278346	0.00631131	0.00514113	0.00416103	0.00874516	0.00732006	0.138963	0.0632841	0.0453344
140	H	3.00092	0.0129176	0.0264001	0.0183836	0.40227	0.0082038	0.0374897	0.167353	0.0250345	0.00876774	0.00851265	0.00998547	0.0057243	0.00460745	0.0512892	0.0040464	0.0041471	0.115576	0.0548301	0.0214738	0.0101217	0.00286558
141	S	3.42137	0.0324463	0.0135765	0.00709332	0.0221641	0.033225	0.0562793	0.011634	0.0555741	0.0285319	0.00257648	0.0190052	0.0436063	0.0529867	0.00386966	0.0221223	0.320146	0.0315862	0.184056	0.0117575	0.0395814	0.00818189
142	N	3.29467	0.012201	0.0244445	0.0170478	0.00556453	0.234238	0.0754992	0.0623603	0.00439475	0.013691	0.0168154	0.035038	0.2858	0.00489592	0.0181576	0.0111454	0.0732731	0.00708245	0.00907505	0.012777	0.0134812	0.0630188
143	L	2.76279	0.0383892	0.440676	0.00344886	0.00246536	0.00847576	0.00953587	0.0497381	0.0118175	0.0229731	0.210138	0.0693683	0.00599764	0.00542277	0.00327063	0.00506612	0.00279627	0.0123215	0.0590355	0.00781566	0.0104941	0.0207542
144	N	3.4462	0.0426671	0.048657	0.0048431	0.0127613	0.00899921	0.175932	0.00616983	0.0180618	0.0323772	0.00376945	0.0476695	0.229612	0.0159054	0.04229	0.00215568	0.0158118	0.0114847	0.119648	0.00973239	0.0127842	0.138669
145	D	3.06964	0.0255568	0.0231356	0.473376	0.0307247	0.0378505	0.0388634	0.0662441	0.0697851	0.00594927	0.0136576	0.0213036	0.0127563	0.0172741	0.00761646	0.00886141	0.0638551	0.00708318	0.00638036	0.0172519	0.0106687	0.041806
146	T	0.750659	0.000834217	0.00668556	0.00104613	9.62453e-05	0.000800549	0.0022968	0.000434129	0.00240951	0.00277217	0.00120273	0.000252109	0.906331	0.00187306	0.00376774	0.000541073	0.0138144	0.0259425	0.0204341	0.00258086	0.00382544	0.00205955
147	T	3.06022	0.00700897	0.0327211	0.0333668	0.016403	0.0117286	0.0139941	0.0321242	0.0278092	0.0152947	0.0354627	0.0172532	0.0231289	0.00485717	0.116772	0.00508015	0.0463527	0.472042	0.0202777	0.0110069	0.0317093	0.0256063
148	Y	2.88797	0.0136477	0.015976	0.0146916	0.00683235	0.0126355	0.0240259	0.0172495	0.0602743	0.0239577	0.0165012	0.0250705	0.0158741	0.00716081	0.00596311	0.0104265	0.0466847	0.0115812	0.113148	0.02214	0.508727	0.027432
149	Q	2.60753	0.0261728	0.0118846	0.0128673	0.0305454	0.0109113	0.0127138	0.012993	0.0322799	0.0147462	0.0158598	0.00945467	0.00894485	0.00549342	0.599559	0.0410621	0.0319434	0.0230499	0.0494314	0.0152742	0.00729188	0.0275211
150	R	2.95868	0.00409665	0.0256639	0.0470961	0.0212235	0.0102	0.00938829	0.00478455	0.015156	0.0214707	0.00667939	0.0319677	0.0179094	0.10297	0.0162537	0.485076	0.0483199	0.00992383	0.00928002	0.0375274	0.00819223	0.0668203
151	T	2.96007	0.0345834	0.00480806	0.010306	0.0147247	0.0106092	0.046108	0.0490173	0.0128633	0.0557055	0.118891	0.0177294	0.00546552	0.0133214	0.0232224	0.00174318	0.0150655	0.476281	0.0502128	0.0164257	0.011744	0.0111727
152	R	2.42766	0.025812	0.00386885	0.00587357	0.0204824	0.00283327	0.00178866	0.00582099	0.00390737	0.0248218	0.00689907	0.0132698	0.00588331	0.00156195	0.172059	0.543531	0.0840384	0.00904757	0.0205852	0.00527344	0.0289974	0.0136449
153	A	2.83469	0.464384	0.0115428	0.0032288	0.00554591	0.0205778	0.00529052	0.00253124	0.0231329	0.0158168	0.0139539	0.0133777	0.00623221	0.00792151	0.0746277	0.0223188	0.00639268	0.129317	0.0111228	0.077591	0.00319342	0.0819009
154	L	2.78439	0.00589504	0.0526256	0.00386828	0.0119712	0.00315645	0.00856115	0.00477008	0.399798	0.00111616	0.240289	0.102702	0.00808763	0.0030295	0.0109881	0.00797672	0.0213667	0.0161629	0.0322748	0.0451868	0.00614333	0.0140306
155	V	3.16306	0.0129245	0.085719	0.0255243	0.00662909	0.0236953	0.0520602	0.00995956	0.0270535	0.00528539	0.0240698	0.0125992	0.0422369	0.00415521	0.00478958	0.0191933	0.0373867	0.0415601	0.436694	0.0221341	0.0147175	0.0916125
156	R	2.83394	0.0048057	0.0142136	0.0154746	0.0176631	0.00571433	0.00691116	0.0199155	0.0300607	0.0389357	0.00875078	0.017047	0.0414213	0.0129563	0.00951611	0.494856	0.144519	0.00843454	0.0175117	0.00270552	0.0289082	0.0596792
157	T	3.63039	0.0482465	0.0984089	0.0156626	0.00158684	0.00212914	0.0261888	0.0208233	0.117307	0.00683672	0.0100107	0.0155962	0.0307848	0.00980761	0.0359384	0.00269419	0.0963043	0.190111	0.122449	0.0364772	0.0077532	0.104884
158	G	3.30404	0.103536	0.0427111	0.0160239	0.0032265	0.00411746	0.302297	0.0125966	0.000600372	0.00391181	0.116966	0.0232686	0.0728254	0.008223	0.0220187	0.00615039	0.153004	0.0155554	0.0203873	0.0047972	0.0328357	0.0349475
159	M	2.93481	0.0173743	0.0607737	0.00682194	0.00606391	0.0136353	0.0133775	0.0174336	0.159324	0.0289565	0.0476395	0.449589	0.0678472	0.00574266	0.0219429	0.00102579	0.0132836	0.00827642	0.0249031	0.0244358	0.00474084	0.00681242
160	D	3.13778	0.00920793	0.0570319	0.414514	0.0536458	0.0622517	0.032974	0.033903	0.0108344	0.00378151	0.0076504	0.0219178	0.116738	0.0121713	0.00535118	0.00396996	0.00378802	0.0360632	0.0251187	0.0117783	0.00451242	0.0727965
161	P	3.35308	0.059254	0.0406598	0.015034	0.004801	0.00387955	0.0332924	0.00388852	0.0175041	0.0177442	0.0209201	0.0117868	0.0122575	0.276913	0.086698	0.03453	0.239618	0.054272	0.026608	0.0170508	0.00682262	0.0164656
162	R	3.23253	0.0609844	0.002314	0.0158114	0.0724146	0.0575844	0.00681962	0.00532464	0.0223775	0.00435126	0.0280534	0.0229142	0.0140014	0.0396478	0.0323674	0.408506	0.0354138	0.00414282	0.00878493	0.0101809	0.0806585	0.0673463
163	M	2.71398	0.0011352	0.0828414	0.00757191	0.000596114	0.0748193	0.00317472	0.0166324	0.0221125	0.00181159	0.0194716	0.0526983	0.00321141	0.000513553	0.0277324	0.000519527	0.0124416	0.229822	0.410759	0.0233091	0.00674914	0.00207652
164	C	3.395	0.0589698	0.220016	0.0361835	0.0040275	0.00253075	0.011125	0.00723968	0.0861038	0.0374498	0.0129203	0.0148305	0.115154	0.0320359	0.00270574	0.00976119	0.233125	0.0198889	0.0636307	0.00746991	0.0164417	0.00839039
165	S	3.1366	0.232888	0.0235693	0.003425	0.000740788	0.0198025	0.0823883	0.00364793	0.000574165	0.00149249	0.0141966	0.0350581	0.0548794	0.0311571	0.0473361	0.0014865	0.194996	0.215949	0.00376944	0.00482018	0.00247398	0.0253492
166	L	1.28189	0.0308939	0.0130085	0.00549763	0.0177115	0.00123548	0.00188132	0.001292	0.00506238	0.00185	0.0224931	0.0607973	0.00837807	0.000887243	0.814018	0.000728532	0.0051171	0.00376199	0.000368638	0.00112437	0.00198303	0.00190988
167	M	3.23158	0.0326866	0.0795385	0.015343	0.0130972	0.00222418	0.00795139	0.00815049	0.0414782	0.00714921	0.0978025	0.29574	0.00529738	0.0301521	0.00445496	0.00984517	0.0183289	0.0891547	0.00806897	0.211047	0.00969244	0.0127973
168	Q	3.39005	0.0808825	0.0283141	0.0227625	0.0031815	0.00618859	0.0182555	0.0170273	0.011141	0.0317149	0.0207639	0.115295	0.0100806	0.210623	0.270334	0.0554823	0.0211178	0.0302053	0.0119445	0.0123636	0.00392795	0.0183937
169	G	3.09242	0.105336	0.0315094	0.00720176	0.0204565	0.0538087	0.380947	0.12118	0.0238333	0.00542626	0.0241589	0.00537439	0.127115	0.00903083	0.00702247	0.0053638	0.0277787	0.00301419	0.0184533	0.00418676	0.014236	0.00456695
170	S	2.94608	0.0528105	0.0193279	0.0139506	0.0350181	0.0101604	0.0657167	0.00445169	0.0204585	0.0459051	0.0101384	0.0104549	0.021361	0.0261533	0.0278954	0.0207867	0.516376	0.00648747	0.0223927	0.0241452	0.00733974	0.03867
171	T	2.99966	0.0263726	0.0112789	0.0468955	0.0394494	0.00602491	0.10142	0.0122794	0.0206015	0.0108826	0.0116987	0.0340996	0.0487538	0.0112384	0.042931	0.00871315	0.0077046	0.484651	0.0335817	0.00602995	0.0118873	0.0235068
172	L	1.99813	0.0185518	0.0291921	0.000784193	0.0032411	0.0445581	0.0057377	0.000904352	0.672396	0.00547394	0.0988369	0.00393997	0.00520308	0.00513886	0.0360997	0.00607521	0.0121	0.0347361	0.00626944	0.00228409	0.00809287	0.000384166
173	P	3.48017	0.0316482	0.0618343	0.00865962	0.037577	0.0429735	0.0724045	0.00600641	0.0105884	0.00471649	0.0114117	0.00377776	0.0141928	0.26775	0.193238	0.0224714	0.0441715	0.0319931	0.0475576	0.00757637	0.00465094	0.0748005
174	R	2.56452	0.00587087	0.00348859	0.00662307	0.0507917	0.00808243	0.0191779	0.012332	0.0298553	0.0204401	0.0178129	0.0817638	0.00511346	0.0375008	0.0163684	0.590168	0.0191768	0.00619135	0.0233944	0.011751	0.0119229	0.0221737
175	R	3.05919	0.00304694	0.00770094	0.042324	0.0181222	0.00286284	0.00651936	0.0310521	0.00912933	0.0913436	0.0124116	0.0169576	0.113721	0.0194432	0.00849244	0.413212	0.115077	0.0415394	0.0114471	0.0131922	0.00549001	0.0169148
176	S	2.67915	0.195031	0.00468271	0.00260782	0.00257547	0.0538581	0.291086	0.00720387	0.0427445	0.00379551	0.00486993	0.00440337	0.00249037	0.025497	0.0100251	0.00438746	0.306143	0.00995171	0.00276854	0.00955204	0.00468969	0.0116376
