#SITE	WT_AA	SITE_ENTROPY	PI_A	PI_C	PI_D	PI_E	PI_F	PI_G	PI_H	PI_I	PI_K	PI_L	PI_M	PI_N	PI_P	PI_Q	PI_R	PI_S	PI_T	PI_V	PI_W	PI_Y	PI_*
1	M	3.60028	0.0145238	0.0446426	0.0305012	0.0173403	0.0358955	0.020123	0.0654721	0.0141924	0.0352328	0.0157656	0.357412	0.0527747	0.0292223	0.0451059	0.0163281	0.0339002	0.0518748	0.0135907	0.0639048	0.0196292	0.0225684
2	A	1.54867	0.783138	0.0116865	0.0138607	0.0124729	0.00983873	0.00527322	0.00366533	0.00481617	0.00909748	0.00218334	0.0448054	0.00674112	0.00349625	0.00477838	0.0018504	0.00337156	0.00392814	0.0496677	0.0102459	0.00742989	0.00765294
3	S	3.15289	0.189714	0.00156309	0.00187253	0.00316168	0.0387028	0.00134957	0.0159613	0.174738	0.00529825	0.0378254	0.00964787	0.159604	0.000349095	0.00334481	0.00325971	0.0996974	0.0106592	0.00296367	0.0722059	0.166376	0.0017052
4	Q	3.38925	0.0392931	0.0236435	0.00678813	0.00606165	0.166238	0.000270835	0.013715	0.0483897	0.026278	0.0367638	0.0394639	0.261505	0.000419481	0.062769	0.00150398	0.0369204	0.0199098	0.0370105	0.0116134	0.158994	0.00244852
5	G	2.87742	0.0292824	0.0334599	0.0118372	0.0118265	0.00538221	0.422424	0.0111196	0.00375168	0.00714426	0.00255114	0.0200688	0.0295009	0.0132008	0.00463334	0.190031	0.0909589	0.0741166	0.00531448	0.0237929	0.00574905	0.00385499
6	T	1.28163	0.00357915	0.0110399	0.00733941	0.00765355	0.00639651	0.00349295	0.0329028	0.00537206	0.0086548	0.00325077	0.0120251	0.0106523	0.00919876	0.0047378	0.00468081	0.00220776	0.838093	0.00459036	0.0155574	0.00466473	0.00390965
7	K	1.64038	0.00425196	0.0198671	0.0051686	0.0101881	0.00489165	0.00291659	0.00473978	0.0181316	0.7637	0.00128559	0.00959812	0.0544277	0.00215539	0.0477099	0.00529247	0.00174361	0.00625092	0.00846448	0.0132404	0.00639184	0.00958435
8	R	1.79974	0.00373205	0.0297392	0.00911368	0.00550239	0.00733918	0.0184327	0.00817083	0.00303181	0.00549991	0.0036207	0.012672	0.00524779	0.00387218	0.0827886	0.727914	0.00537029	0.0060153	0.00809279	0.0409884	0.00792347	0.00493289
9	S	2.64213	0.0272986	0.015045	0.00374955	0.02052	0.0166176	0.00293403	0.00712397	0.0344364	0.00331043	0.124848	0.00891658	0.0271121	0.0037175	0.011413	0.00614513	0.532553	0.0304218	0.00696585	0.00628677	0.0251955	0.0853889
10	Y	3.39587	0.0176353	0.00297516	0.105174	0.00336365	0.187441	0.0327562	0.038123	0.0562981	0.0780204	0.0739695	0.0432979	0.0013164	0.02473	0.00423142	0.00219942	0.00741439	0.0246724	0.00633926	0.00382256	0.257413	0.0288072
11	E	2.55707	0.0260569	0.0258014	0.0471294	0.613112	0.015183	0.0061809	0.0169912	0.0090062	0.0232195	0.0152478	0.0369907	0.0307557	0.0198455	0.0312037	0.00877827	0.0110991	0.00851035	0.0187969	0.0114996	0.0114796	0.0131121
12	Q	3.62267	0.0306379	0.0332839	0.0112713	0.00414094	0.00871034	0.0421044	0.0766914	0.0468259	0.102954	0.220415	0.00451806	0.0299844	0.0130452	0.178981	0.0787739	0.0333564	0.0218647	0.00850988	0.036472	0.00825358	0.00920566
13	M	2.33041	0.011298	0.0157901	0.0232555	0.00883449	0.0141945	0.00549074	0.002229	0.0425092	0.00701101	0.00733783	0.621619	0.10499	0.0037069	0.0162403	0.0227217	0.00371197	0.0369074	0.00834312	0.0285462	0.0114384	0.00382499
14	E	2.56765	0.0162386	0.108061	0.0738044	0.558838	0.00566109	0.00417743	0.00601951	0.00374112	0.0377045	0.00946671	0.0272184	0.00545496	0.00613486	0.0188818	0.0149421	0.0199695	0.00637903	0.0121549	0.0496896	0.00562087	0.00984088
15	T	2.723	0.00668852	0.00704868	0.00721007	0.0382046	0.14846	0.00621987	0.0516307	0.0107721	0.0119628	0.0822152	0.0123489	0.0346229	0.00399531	0.00544885	0.00383065	0.0124266	0.49862	0.0216016	0.0100469	0.0207255	0.00591976
16	D	2.67479	0.00406152	0.00675116	0.496549	0.164449	0.0085502	0.00727763	0.0108893	0.0115182	0.00923965	0.0076575	0.0480584	0.0408164	0.00202705	0.0169053	0.00515146	0.00776965	0.00740498	0.00991703	0.0153768	0.0352496	0.0843801
17	G	2.66689	0.00929851	0.0176584	0.00647415	0.00697523	0.00412885	0.216906	0.00256639	0.115605	0.00743216	0.00219237	0.0104717	0.0334721	0.0597087	0.436426	0.00462638	0.0224464	0.00887415	0.0150074	0.0152413	0.00237504	0.00211309
18	E	3.68961	0.00831784	0.0279671	0.199796	0.217126	0.0642721	0.0375859	0.0255186	0.0600811	0.0305574	0.0108563	0.0233174	0.028753	0.0689231	0.00692426	0.000650353	0.0224345	0.0346783	0.032507	0.0466089	0.045965	0.00716061
19	R	2.47482	0.00957075	0.0660931	0.00836159	0.0109122	0.183542	0.00418726	0.0371668	0.0114784	0.0064395	0.00268966	0.0182172	0.00570279	0.00896053	0.00350623	0.540479	0.0234364	0.0124422	0.00764735	0.0157429	0.0140584	0.00936545
20	Q	2.10689	0.00554439	0.00830446	0.00625223	0.00967208	0.00553172	0.00273539	0.0160307	0.0208315	0.00761822	0.00251434	0.00891099	0.00514081	0.191814	0.608815	0.0510967	0.00551056	0.00636701	0.00506056	0.0110956	0.0156663	0.0054872
21	N	3.76481	0.02562	0.0215748	0.018215	0.00475159	0.013196	0.0365856	0.0304487	0.0317097	0.147481	0.0426784	0.0593879	0.250729	0.0426673	0.00786842	0.0412167	0.0637268	0.0472638	0.0434383	0.00968514	0.0133577	0.0483985
22	A	3.66995	0.156017	0.00641636	0.0135733	0.0139226	0.0044318	0.0135617	0.093441	0.00551218	0.101355	0.00762799	0.00325044	0.0577299	0.0494824	0.0307267	0.0994378	0.077697	0.103823	0.12286	0.00149952	0.0352152	0.00241906
23	T	3.44117	0.0401937	0.0335366	0.00377384	0.0093054	0.0186189	0.00324981	0.344268	0.0101267	0.0559812	0.0778097	0.0307227	0.0389005	0.00906754	0.0440416	0.0649623	0.0121578	0.125385	0.0191914	0.0158456	0.0196418	0.0232201
24	E	2.42472	0.017509	0.00338301	0.0101823	0.173644	0.00179462	0.00223449	0.00466266	0.00279838	0.0183283	0.00337117	0.0178443	0.00788402	0.00153109	0.392788	0.285164	0.00189648	0.00522148	0.0317025	0.00270324	0.0125602	0.00279614
25	I	3.0677	0.0159199	0.00906066	0.0120136	0.0149404	0.0171757	0.0318892	0.0219253	0.367038	0.124334	0.15667	0.0117197	0.0297312	0.00455074	0.118028	0.0112278	0.0233639	0.0036426	0.00365942	0.0106147	0.0105334	0.00196201
26	R	2.11524	0.00422727	0.0436737	0.00461059	0.0122936	0.00738215	0.00353017	0.00535785	0.00509387	0.513515	0.00826302	0.0178386	0.00217391	0.00290961	0.0488682	0.297604	0.00424808	0.00641245	0.00205229	0.00524625	0.00291905	0.00178065
27	A	2.83112	0.0703518	0.0161394	0.000554932	0.00179339	0.00445631	0.0443187	0.0159824	0.0317478	0.0035907	0.0185131	0.463483	0.016239	0.170015	0.019931	0.03182	0.00430458	0.0232737	0.0179254	0.00164421	0.0373952	0.00652053
28	S	2.76132	0.00602714	0.00667182	0.0008419	0.0022276	0.0069106	0.211472	0.00802823	0.00290381	0.0134701	0.00167229	0.000752708	0.256639	0.0031389	0.278509	0.0137368	0.105381	0.0397983	0.00949507	0.0131888	0.00783381	0.0113017
29	V	2.76324	0.327221	0.00521889	0.0106396	0.00355559	0.0313744	0.00437657	0.00244815	0.164072	0.0130582	0.0319707	0.00722213	0.00575733	0.00116531	0.00306732	0.0043403	0.00377383	0.0456044	0.276798	0.00540485	0.0412906	0.0116408
30	G	2.86137	0.128593	0.0293457	0.0204649	0.0597096	0.00443789	0.496026	0.0117817	0.00755476	0.0115781	0.0121763	0.0276294	0.0483858	0.00833904	0.029474	0.0302619	0.0156202	0.00332405	0.0149344	0.0299611	0.00565745	0.00474439
31	K	3.33153	0.0352499	0.0544016	0.0239427	0.00734108	0.142981	0.0510251	0.00386543	0.00432389	0.349111	0.0116975	0.0263558	0.0120264	0.0019219	0.00978032	0.0588673	0.0695884	0.0194535	0.0443799	0.0103186	0.00510967	0.0582583
32	M	2.02662	0.0021424	0.0495197	0.00536178	0.00821146	0.00368163	0.00835681	0.00275262	0.0447154	0.00354417	0.00437887	0.319205	0.00435982	0.00305447	0.00251111	0.00822802	0.509057	0.00300517	0.00436457	0.00344497	0.00161742	0.00848713
33	I	2.35715	0.556072	0.0400147	0.01201	0.0030809	0.00151298	0.00389978	0.000369996	0.136518	0.00533418	0.0514968	0.0138575	0.0567213	0.000997333	0.00568607	0.000835823	0.0039391	0.02943	0.0697665	0.00127652	0.000334151	0.00684605
34	D	3.17411	0.0919598	0.00973692	0.0948695	0.0208725	0.000583425	0.128709	0.00121069	0.0239623	0.00132811	0.116456	0.331907	0.0286729	0.00220198	0.0366677	0.00240921	0.0325233	0.00223162	0.00764403	0.0116306	0.0493981	0.00502523
35	G	1.99774	0.0278201	0.0147412	0.00430331	0.00354652	0.0022022	0.146123	0.046881	0.00245234	0.00366459	0.00927155	0.00180451	0.0065507	0.00746166	0.00112204	0.00861923	0.651624	0.00437978	0.0321719	0.00754177	0.0113763	0.00634244
36	I	0.963174	0.00214842	0.00238916	0.00075982	0.0102833	0.00134348	0.000833248	0.000381068	0.0396549	0.000336147	0.00332383	0.862451	0.000647755	0.000921432	0.00404773	0.0264191	0.00213532	0.000196142	0.0376587	0.00342495	0.000334842	0.000309873
37	G	1.82492	0.0123457	0.00463204	0.00489082	0.675643	0.00449952	0.0451915	0.00178854	0.00117323	0.00505141	0.000309143	0.122737	0.00250102	0.000483072	0.00102214	0.0121771	0.064788	0.0270228	0.0100306	0.00224374	0.000548417	0.000921879
38	R	2.96869	0.00981715	0.0138676	0.032187	0.00284982	0.0160681	0.126615	0.00999955	0.0278724	0.0458742	0.41008	0.0281598	0.00332008	0.0048638	0.0258904	0.159085	0.0399397	0.00200912	0.00274098	0.0286635	0.00494271	0.0051552
39	F	3.51211	0.102712	0.0420063	0.0164297	0.0294482	0.328396	0.0159787	0.0136859	0.0302129	0.0130304	0.0139543	0.110633	0.0518421	0.0367241	0.00609932	0.0218607	0.0157938	0.0699802	0.00854391	0.0332835	0.0327869	0.00659824
40	Y	2.47783	0.0113352	0.019581	0.483305	0.00329504	0.0249121	0.00481246	0.0214803	0.00518004	0.00495765	0.00598448	0.00245686	0.00440745	0.00123361	0.0455219	0.00247162	0.00622163	0.0100326	0.0104327	0.0139854	0.234904	0.0834895
41	I	2.87086	0.0551869	0.124479	0.00304894	0.0243742	0.00116848	0.0554078	0.0068983	0.0464169	0.0047285	0.0778255	0.00312855	0.463673	0.00189349	0.0284207	0.00380865	0.00882068	0.0404423	0.0210009	0.00835838	0.0161154	0.00480264
42	Q	2.93497	0.0196717	0.0683676	0.0154285	0.00970903	0.00754826	0.00889092	0.0421268	0.0135248	0.0265236	0.0185423	0.0100228	0.0421907	0.0458002	0.516911	0.039678	0.0159004	0.00857329	0.0423388	0.0239248	0.0185725	0.005754
43	M	3.22001	0.0623905	0.0283794	0.00955708	0.0338804	0.0300206	0.0327676	0.0447598	0.0244315	0.0244407	0.0108998	0.332958	0.245469	0.00216471	0.0212094	0.00937945	0.0138173	0.00872359	0.020626	0.0232296	0.0141928	0.00670282
44	C	2.66376	0.0339	0.090278	0.00217073	0.00111956	0.00260262	0.0133608	0.00241224	0.00108641	0.0515425	0.112482	0.00311599	0.110853	0.00259902	0.000881012	0.484391	0.00905213	0.0112361	0.0136499	0.0189495	0.013084	0.0212333
45	T	2.72287	0.0428666	0.4241	0.0154033	0.00462088	0.0100992	0.025992	0.00140284	0.00565649	0.00749434	0.00611979	0.00484212	0.00241989	0.177853	0.00444021	0.0612949	0.000916646	0.141454	0.0452003	0.00384447	0.00160874	0.0123702
46	E	3.4897	0.00570464	0.00628194	0.014109	0.249793	0.00485432	0.0214567	0.00525853	0.0441581	0.0155331	0.0142131	0.03684	0.11616	0.127199	0.0312008	0.00455772	0.00972465	0.120177	0.108017	0.0213469	0.0136515	0.0297628
47	L	2.03909	0.00428401	0.00484676	0.00520946	0.00572932	0.00293191	0.00293231	0.00210738	0.0080576	0.0100431	0.118653	0.0890503	0.0116959	0.00999639	0.0119667	0.00994061	0.000864936	0.024356	0.00459632	0.00931556	0.648141	0.015281
48	K	3.56977	0.035216	0.0244534	0.145414	0.0161985	0.00467147	0.0155633	0.185949	0.00514219	0.222925	0.0503862	0.0376187	0.0512793	0.00667112	0.0280945	0.0428112	0.0139348	0.0285112	0.0514328	0.0192581	0.00381125	0.0106586
49	L	1.00391	0.00240654	0.00368245	0.00103291	0.000875187	0.002189	0.00252936	0.0010456	0.013284	0.00235015	0.0456697	0.0126429	0.00300229	0.00480318	0.00218264	0.000676197	0.00228135	0.00266233	0.0251334	0.00398089	0.865424	0.00214626
50	S	3.4841	0.0446961	0.010321	0.0228622	0.165519	0.00456625	0.283521	0.0472945	0.0126165	0.0750442	0.0411873	0.0330495	0.0401594	0.0640189	0.00357295	0.0156367	0.0684796	0.0409369	0.00976647	0.000136148	0.0147808	0.00183465
51	D	3.02983	0.0794816	0.00396854	0.069533	0.0264823	0.0115164	0.049724	0.021244	0.0160345	0.000603789	0.0196596	0.0198018	0.251641	0.0252131	0.000185433	0.0133658	0.0195326	0.33727	0.0265742	0.00223937	0.00263016	0.00329876
52	Y	1.22814	0.0195541	0.00150847	0.0142223	0.00164952	0.0217138	0.00213876	0.00415652	0.00360856	0.000820142	0.00150275	0.0169197	0.00432657	0.000449635	0.00396745	0.000843214	0.0268202	0.832356	0.00264472	0.00116155	0.0354904	0.00414534
53	E	2.94563	0.0190081	0.0114747	0.150972	0.211467	0.0442916	0.00676982	0.0677776	0.0167057	0.0108522	0.00889058	0.0178055	0.00592797	0.00181609	0.0173017	0.0143402	0.00561529	0.0148886	0.00183758	0.0120073	0.0032592	0.356991
54	G	3.35783	0.189795	0.0225434	0.00462164	0.0741592	0.00196793	0.22406	0.00279918	0.0262345	0.00246163	0.00517301	0.0626827	0.00725652	0.0243353	0.010162	0.0115028	0.03132	0.158517	0.00267692	0.0105166	0.0457745	0.0814406
55	R	3.32783	0.0105498	0.256661	0.0220691	0.0128446	0.00356043	0.00316926	0.0351623	0.00826406	0.156935	0.0181996	0.0221017	0.0269756	0.0130366	0.085429	0.197203	0.0592155	0.0311575	0.0214437	0.0051805	0.0054477	0.00539484
56	L	3.0483	0.0200373	0.00827045	0.00166075	0.00344432	0.0224592	0.124742	0.292287	0.0404378	0.0046209	0.083868	0.0171097	0.029192	0.0043998	0.00481891	0.00194939	0.00926865	0.0559679	0.251495	0.00573465	0.00346244	0.0147736
57	I	3.01685	0.0267128	0.0115492	0.00547742	0.00193257	0.00948321	0.0500344	0.00155026	0.186057	0.00318668	0.107666	0.00753266	0.00448	0.012494	0.342217	0.0587555	0.012041	0.0111804	0.123629	0.00684753	0.00804698	0.00912696
58	Q	3.03416	0.081409	0.0120326	0.0201864	0.175203	0.00876239	0.0151723	0.00460742	0.00392616	0.00423873	0.0357319	0.00904564	0.201842	0.0223472	0.321608	0.0158417	0.0291083	0.0149746	0.00592857	0.00332938	0.00539163	0.00931299
59	N	2.86352	0.0427937	0.00496834	0.130447	0.042484	0.0330204	0.015063	0.00991253	0.0136264	0.0291009	0.0124621	0.0188536	0.50416	0.0194483	0.00674298	0.0186988	0.00206369	0.0117888	0.0292119	0.0169127	0.00758709	0.0306538
60	S	2.8212	0.0327393	0.00686127	0.0142926	0.0167643	0.00344446	0.0820678	0.00763688	0.0140038	0.00754101	0.020982	0.0111564	0.409485	0.0106311	0.00845778	0.00235089	0.236397	0.0582636	0.0107792	0.00320183	0.00379465	0.0391485
61	L	3.44348	0.02314	0.00652322	0.00113672	0.0427334	0.0278449	0.00313493	0.0312588	0.22045	0.00301296	0.138217	0.00324434	0.10717	0.00229969	0.0467965	0.0203584	0.0216618	0.169192	0.0746562	0.00315789	0.0437063	0.010304
62	T	3.14434	0.00307948	0.0932201	0.00258872	0.0158672	0.0112053	0.0205535	0.00911936	0.00934641	0.00407588	0.043966	0.00355741	0.141285	0.0038432	0.00390669	0.00478404	0.281122	0.137672	0.0677581	0.00146356	0.137288	0.00429888
63	I	3.23488	0.0130536	0.133938	0.0530239	0.00578719	0.0192429	0.00600434	0.00755713	0.326719	0.00591618	0.0558899	0.127682	0.00885014	0.0186828	0.003944	0.00854513	0.0123902	0.0188409	0.00515912	0.0511257	0.00767851	0.10997
64	E	2.97031	0.0181357	0.0050052	0.0285168	0.446328	0.00989699	0.0145544	0.0338704	0.0245499	0.00550898	0.00982446	0.00995085	0.0121317	0.0213311	0.0121837	0.111901	0.0234474	0.0396388	0.00779193	0.0175408	0.142381	0.00551112
65	R	3.23803	0.0122107	0.0366377	0.0336801	0.0267099	0.00436781	0.0592944	0.025005	0.00333021	0.0931282	0.0574629	0.0142558	0.103395	0.0212585	0.00720451	0.400389	0.00199713	0.0225978	0.0218503	0.0350339	0.0110795	0.00911113
66	M	3.1256	0.0113738	0.19458	0.00646711	0.0142518	0.272164	0.00978663	0.00364876	0.113037	0.0171773	0.0263027	0.191602	0.0150178	0.00391478	0.0155785	0.00699022	0.00563857	0.0176613	0.00734586	0.0473671	0.00529857	0.0147955
67	V	3.69541	0.0216315	0.0209964	0.0182022	0.0212973	0.0611252	0.0440815	0.0285073	0.0383341	0.0336912	0.0278423	0.145686	0.0360425	0.00472606	0.0204984	0.0459607	0.050766	0.0145018	0.289845	0.0262003	0.0359755	0.0140895
68	L	2.63914	0.00973876	0.0317584	0.00213803	0.0302309	0.0629085	0.0114558	0.547444	0.00607048	0.015884	0.123035	0.0141201	0.0164913	0.0085184	0.0267761	0.00901072	0.0175981	0.00544413	0.00356965	0.0278568	0.00524035	0.0247103
69	S	2.97699	0.0738761	0.0295638	0.00295218	0.00364501	0.0235388	0.0611819	0.0230852	0.00488229	0.00994903	0.014578	0.00653567	0.0621814	0.0241419	0.0163463	0.00777686	0.438084	0.00369186	0.0251406	0.00901433	0.0104832	0.149352
70	A	3.37933	0.301827	0.0323346	0.0797145	0.00959805	0.00739216	0.0400355	0.00775252	0.00499281	0.0344726	0.0161456	0.0158448	0.0359099	0.00381275	0.0277988	0.00505623	0.140928	0.126515	0.0107109	0.00507434	0.0163833	0.0777006
71	F	3.39308	0.0626662	0.0187679	0.0227234	0.00509341	0.215091	0.00651335	0.0238985	0.00342251	0.0195538	0.0337723	0.00501368	0.020077	0.0675271	0.00542706	0.0174565	0.0232422	0.0609434	0.00406684	0.00813548	0.223987	0.152622
72	D	2.78563	0.0141164	0.0254839	0.518054	0.110187	0.0209415	0.0623255	0.00513188	0.0150548	0.0106481	0.0500952	0.0200329	0.0156115	0.00474692	0.00572082	0.0084001	0.00673755	0.056297	0.00745557	0.0162354	0.0182408	0.00848199
73	E	3.31002	0.0228765	0.00166972	0.167058	0.0691734	0.0457975	0.0127076	0.0641329	0.11344	0.304477	0.0182013	0.0166383	0.0033007	0.00383763	0.0217233	0.0345168	0.0123104	0.0364115	0.0442443	0.00711272	0.000264542	0.00010618
74	R	2.97776	0.049497	0.0100645	0.00571979	0.0141325	0.00385439	0.0131877	0.0318492	0.0180114	0.148838	0.0120268	0.0107778	0.00556535	0.00805594	0.00713578	0.383889	0.18035	0.0178585	0.00621797	0.0191249	0.00523697	0.0486064
75	R	2.59224	0.00420351	0.00888393	0.0101477	0.0183356	0.0319054	0.0310769	0.00633785	0.0108492	0.209553	0.0141479	0.0186622	0.0156405	0.0111609	0.0187632	0.512522	0.00655825	0.012783	0.00401337	0.0311225	0.0183803	0.00495273
76	N	2.16271	0.00366253	0.00943074	0.00143623	0.0147772	0.00143822	0.00506411	0.000584416	0.0137479	0.0159968	0.00775418	0.0538264	0.0474838	0.01809	0.645243	0.00924722	0.0207518	0.0117286	0.0121035	0.0995194	0.00181459	0.00629912
77	K	3.32874	0.179935	0.020083	0.00217055	0.00300461	0.0138119	0.0918602	0.00519249	0.0149208	0.0373575	0.0657372	0.00142874	0.0102967	0.00148538	0.175105	0.0548735	0.202369	0.00897951	0.00920034	0.00886752	0.00404462	0.0892764
78	Y	2.99884	0.0143898	0.0374839	0.0123802	0.0604593	0.0189412	0.0630822	0.0164187	0.0727702	0.017331	0.00997874	0.0407232	0.0129417	0.00409224	0.0196665	0.0148125	0.00935886	0.00596866	0.0155575	0.0402521	0.492542	0.0208494
79	L	2.59181	0.00213753	0.0227776	0.0144103	0.00625812	0.0148699	0.0116787	0.00327844	0.261194	0.0053926	0.439329	0.0947295	0.00946859	0.00324913	0.016129	0.0187129	0.0389769	0.0046609	0.00255377	0.0081623	0.00710447	0.0149267
80	E	3.62486	0.0205261	0.0387007	0.0729645	0.297424	0.0242833	0.0142275	0.016426	0.0504394	0.0566045	0.0386185	0.00462757	0.0681185	0.00125037	0.013082	0.0099936	0.0357428	0.0979259	0.039579	0.00368315	0.029809	0.0659739
81	E	3.42107	0.0217318	0.00964191	0.0673353	0.380002	0.0162882	0.0542398	0.0209989	0.0776399	0.0380036	0.0161052	0.0102135	0.0499855	0.00176703	0.0183362	0.0134735	0.0627407	0.0346548	0.021331	0.00641025	0.0339688	0.0451324
82	H	3.17982	0.00347524	0.0200092	0.00485567	0.00358693	0.217184	0.00474059	0.0846601	0.0103186	0.0269101	0.0135434	0.0076433	0.0465528	0.000161386	0.235425	0.0301264	0.0290187	0.0223468	0.0117586	0.200524	0.0263145	0.000844802
83	P	3.83205	0.0224056	0.0645096	0.0186741	0.0423328	0.0127839	0.0762425	0.0149267	0.0404111	0.0189003	0.0138265	0.0189505	0.0111317	0.175949	0.176483	0.0262668	0.0342014	0.0527814	0.0610846	0.000712855	0.0421281	0.0752971
84	S	3.09646	0.182353	0.0957317	0.000503833	0.0114499	0.000698024	0.0372182	0.00112232	0.136267	0.000123735	0.0636573	0.000131968	0.297522	0.0231129	0.0100867	0.00515562	0.0553742	0.0498347	0.0113417	0.0108868	0.002266	0.00516317
85	A	3.94085	0.143271	0.140273	0.0108021	0.062359	0.00535978	0.0275951	0.0345555	0.0880263	0.020004	0.0677407	0.00306923	0.0507814	0.0427694	0.0716336	0.0266785	0.0428096	0.0569324	0.0624364	0.0145651	0.00597529	0.0223623
86	G	3.09824	0.0567508	0.00413752	0.00163426	0.0146359	0.0125544	0.109177	0.28632	0.00516042	0.00687718	0.261938	0.00361682	0.0470226	0.011998	0.00511856	0.0429299	0.0728372	0.0124426	0.0144599	0.00794555	0.00591436	0.0165291
87	K	2.25106	0.00144473	0.0217453	0.00576092	0.0270122	0.00727821	0.00416636	0.0106971	0.00574071	0.660294	0.0102755	0.035244	0.00756014	0.0460475	0.00718263	0.046578	0.0191225	0.0132547	0.0164198	0.00728776	0.0130886	0.0337992
88	D	1.85432	0.0017763	0.625139	0.069806	0.00361584	0.000182797	0.00253301	0.00215718	0.00305782	0.000783327	0.00180099	0.00217269	0.15307	0.0328287	0.000331074	0.000850161	0.0859154	0.00292912	0.00269082	0.00129157	0.000137524	0.00693067
89	P	3.4427	0.241443	0.147823	0.00172674	0.002027	0.076881	0.0227203	0.0120831	0.00493009	0.0186212	0.0522852	0.0206322	0.0170025	0.139065	0.00359698	0.00791663	0.083384	0.00367841	0.0100863	0.0864067	0.0209253	0.0267655
90	K	3.71412	0.0362527	0.015736	0.00594036	0.014547	0.00716802	0.0741004	0.0254498	0.0218464	0.153313	0.0413198	0.026795	0.151643	0.000733345	0.0526152	0.0400509	0.083717	0.1506	0.0739951	0.00415116	0.00996524	0.0100603
91	K	2.23397	0.00759328	0.00507701	0.00500987	0.0144328	0.0102334	0.0057233	0.00308804	0.0139021	0.625655	0.00609997	0.0158102	0.036526	0.00315045	0.0360109	0.107665	0.00767376	0.00286331	0.0103065	0.00616008	0.00736376	0.0696546
92	T	3.03687	0.111362	0.00676917	0.00619742	0.00567186	0.00514881	0.167961	0.00640727	0.0114573	0.011781	0.0164891	0.0102883	0.0795457	0.0035521	0.0294579	0.0225769	0.0187681	0.382374	0.0117453	0.0189309	0.00425277	0.0692634
93	G	2.45719	0.0180791	0.00739537	0.00633169	0.0165836	0.00319093	0.262626	0.0063664	0.0042542	0.00704945	0.0106877	0.0246277	0.0108927	0.00601232	0.0149149	0.01771	0.46464	0.0018702	0.00200292	0.100474	0.00426801	0.0100233
94	G	3.14593	0.00396137	0.0612484	0.0237319	0.0536146	0.0145943	0.32947	0.00567896	0.180638	0.157676	0.00924014	0.0133726	0.0167301	0.00446621	0.0447631	0.0112085	0.00855046	0.00893934	0.00450461	0.0124432	0.0114993	0.0236692
95	P	2.24161	0.609051	0.00354446	0.013246	0.00359606	0.00329342	0.000796286	0.052074	0.0037082	0.00506907	0.00337076	0.0184127	0.0226681	0.112709	0.0383035	0.00613047	0.0121086	0.00569963	0.0013737	0.0713486	0.0053996	0.00809734
96	I	3.42238	0.00425011	0.00957949	0.0052746	0.0190093	0.00534778	0.00645812	0.0278822	0.285422	0.00651485	0.119428	0.0366783	0.0533065	0.00918127	0.0031898	0.0101532	0.030271	0.0673433	0.151879	0.0291133	0.0725271	0.0471912
97	Y	3.26713	0.0139029	0.0271039	0.0392387	0.0114867	0.0117137	0.020272	0.0154428	0.0573396	0.0102953	0.0745004	0.00628085	0.00926599	0.00910006	0.0243918	0.210074	0.00818616	0.0124142	0.0404463	0.045731	0.338335	0.0144789
98	K	3.11281	0.0683386	0.00119728	0.0051745	0.00228088	0.001043	0.0308109	0.0119336	0.0230173	0.139346	0.0128811	0.00397763	0.198135	0.0148989	0.0707347	0.312041	0.00503448	0.0499782	0.0252733	0.00607583	0.00732056	0.0105065
99	R	3.54946	0.0321406	0.0325211	0.0248645	0.0305161	0.00478044	0.0266655	0.0967293	0.0232878	0.0375204	0.0901183	0.0110107	0.0271482	0.0105316	0.0186392	0.331584	0.0190656	0.0140261	0.0527911	0.0847629	0.0202639	0.011032
100	V	3.85041	0.0114976	0.0141329	0.0013124	0.0223739	0.0841512	0.0627617	0.06849	0.036502	0.0178305	0.109946	0.00270267	0.000822311	0.0589854	0.123111	0.0260681	0.0610779	0.0373968	0.110562	0.0138232	0.118679	0.0177742
101	D	3.34929	0.0322371	0.0432261	0.293441	0.0483202	0.0028807	0.0296658	0.00759737	0.0141829	0.00539821	0.028843	0.0118108	0.215149	0.0164932	0.0411166	0.00658865	0.0185794	0.0391659	0.021134	0.00555761	0.0127939	0.105819
102	R	3.74561	0.0231544	0.0806973	0.00672931	0.00331699	0.0910805	0.0396142	0.0238707	0.00245142	0.0947264	0.143564	0.0492262	0.0333742	0.00955223	0.00943861	0.177158	0.0542998	0.0230708	0.00504188	0.0537134	0.070287	0.00563327
103	K	3.71429	0.0883893	0.00513783	0.00364752	0.0425946	0.00402304	0.0729089	0.039425	0.0982208	0.193928	0.0118262	0.0157837	0.0350164	0.00900332	0.037702	0.0749265	0.0198944	0.108763	0.107627	0.0194537	0.00564566	0.00608328
104	W	2.52798	0.000889212	0.0108524	0.00670227	0.00312883	0.415159	0.003282	0.00739083	0.222941	0.00177229	0.0109901	0.0047039	0.00796734	0.004215	0.0115307	0.00217097	0.0021517	0.00442038	0.0305722	0.179478	0.0188508	0.050831
105	M	3.61873	0.0262469	0.0374973	0.0205892	0.0183887	0.210508	0.0164452	0.0956281	0.0192379	0.0471023	0.0500332	0.13312	0.0193714	0.00205939	0.00921386	0.0022985	0.0205777	0.138671	0.0129027	0.00919674	0.100453	0.0104572
106	R	3.09894	0.0230063	0.0309942	0.028688	0.0174636	0.0109194	0.0441314	0.0588484	0.00752208	0.0747053	0.0149201	0.0302841	0.025384	0.0060977	0.0101026	0.461919	0.021927	0.00250272	0.00783769	0.0200843	0.0819995	0.0206626
107	E	2.08451	0.0032804	0.0819459	0.0726261	0.159431	0.00778135	0.00388267	0.597051	0.00572557	0.015736	0.00191737	0.00648301	0.00772776	0.00107779	0.00870403	0.00242911	0.00369997	0.00350448	0.00176391	0.00885218	0.00329985	0.00307993
108	L	3.60515	0.0598758	0.0111253	0.0158248	0.00718969	0.0348451	0.0442065	0.0988072	0.013571	0.0142979	0.247006	0.0437465	0.00484109	0.0998336	0.026009	0.0133666	0.021773	0.088815	0.128362	0.00560794	0.00828562	0.01261
109	V	3.05752	0.0459208	0.356666	0.00382073	0.00481053	0.0162877	0.0114721	0.0206352	0.0158485	0.196134	0.0412285	0.0125457	0.00347278	0.0300028	0.00870176	0.0307592	0.0111394	0.00485377	0.143538	0.0030185	0.00893351	0.0302106
110	L	2.939	0.00452132	0.00271761	0.00776649	0.0127062	0.0402862	0.0119199	0.00847809	0.23319	0.0408518	0.355587	0.00798698	0.0149985	0.0100611	0.0162574	0.00820771	0.00522313	0.00695906	0.089484	0.10876	0.00781218	0.00622613
111	Y	3.4321	0.0351754	0.0246055	0.0198991	0.00327488	0.0209359	0.0023641	0.0913889	0.0308789	0.0119799	0.0204869	0.1883	0.00582743	0.000827807	0.0758387	0.0726073	0.224888	0.0312744	0.0051231	0.00164826	0.123397	0.00927814
112	D	2.97692	0.00329464	0.0939427	0.194617	0.0210231	0.0128842	0.0177033	0.0786357	0.0126598	0.0096097	0.0101742	0.0349617	0.39659	0.0220541	0.0200211	0.0109867	0.00104506	0.020937	0.00534731	0.00356708	0.00377835	0.0261676
113	K	2.93866	0.00536716	0.0247139	0.0132868	0.00984228	0.0144657	0.00275572	0.0848415	0.00906431	0.472193	0.0170874	0.0524987	0.0247005	0.0104137	0.0638599	0.0131459	0.111183	0.0303714	0.0122234	0.00903419	0.00861617	0.0103359
114	E	2.57444	0.0033832	0.00149522	0.0366788	0.084943	0.18223	0.00384516	0.0283243	0.00957676	0.0973469	0.00723558	0.00201215	0.471617	0.00431907	0.0123846	0.0105326	0.0079349	0.00523523	0.000930887	0.000701142	0.0252973	0.00397601
115	E	3.21713	0.0145299	0.0567987	0.169794	0.322445	0.010249	0.0409785	0.0162995	0.0071453	0.119452	0.00869011	0.0153201	0.00588858	0.00484978	0.0990922	0.0305683	0.0393523	0.0143238	0.0113152	0.00641237	0.00350213	0.0029939
116	I	3.21907	0.00533234	0.0242572	0.0226791	0.0128174	0.0153636	0.0693178	0.00395411	0.358862	0.0318803	0.0189012	0.00335032	0.0418063	0.0216488	0.027465	0.00434639	0.00296262	0.0242333	0.195344	0.0480351	0.0156541	0.0517883
117	R	3.22006	0.00823354	0.0238631	0.0020392	0.00863216	0.00136325	0.0417231	0.0984124	0.0631003	0.0147646	0.0966155	0.325225	0.00470322	0.00216677	0.0266928	0.0602155	0.00767327	0.0627403	0.140518	0.00514077	0.00531678	0.000860687
118	R	3.28968	0.0176731	0.0331903	0.00809913	0.0166265	0.0186033	0.0126831	0.00474082	0.0688505	0.0143267	0.241991	0.00953905	0.0112855	0.00543214	0.0373753	0.286614	0.0101783	0.0586843	0.0865906	0.0320499	0.0205732	0.00489291
119	I	3.37379	0.008159	0.0210656	0.0504695	0.0223085	0.0165932	0.0953863	0.0101666	0.372048	0.0178352	0.026385	0.0418407	0.0298021	0.0256824	0.0157073	0.0103178	0.0114474	0.0165602	0.129014	0.0382758	0.012365	0.0285705
120	W	3.09221	0.0483352	0.0190173	0.0199451	0.0336032	0.0958152	0.0309402	0.0266303	0.0126299	0.017232	0.0132043	0.0181752	0.0256152	0.010627	0.00747969	0.0109437	0.017922	0.00405155	0.00335547	0.415644	0.0102129	0.158621
121	R	3.49529	0.0117562	0.0536959	0.00672455	0.00423681	0.0288939	0.00691485	0.0661509	0.0751011	0.0148329	0.138954	0.00612671	0.0113336	0.00934437	0.0065126	0.259078	0.0385	0.128608	0.0593829	0.0114229	0.0564769	0.00595335
122	Q	3.16981	0.00423971	0.0908261	0.0014051	0.00106052	0.00326947	0.00240808	0.0648369	0.002563	0.0404369	0.267936	0.00426511	0.14789	0.000345582	0.0920483	0.0362713	0.0148968	0.0173608	0.172733	0.0247245	0.00657326	0.00390974
123	A	3.45337	0.247033	0.196394	0.00477426	0.0183861	0.0263266	0.0753215	0.00969889	0.0206174	0.00266399	0.0142299	0.0341217	0.0646563	0.00523975	0.027099	0.0453177	0.0612921	0.110007	0.0181598	0.00390194	0.00487825	0.00988146
124	N	3.51979	0.011244	0.0523162	0.0146009	0.057547	0.0370181	0.0351058	0.0274932	0.0456573	0.0225607	0.0252392	0.0437261	0.377285	0.010297	0.0454002	0.0105402	0.0450255	0.0082128	0.011967	0.039811	0.0263182	0.0526351
125	N	3.5785	0.04903	0.0191608	0.0218157	0.0117857	0.051007	0.0245687	0.0486113	0.0134022	0.0262235	0.0165042	0.0608475	0.0785715	0.0409913	0.251301	0.00556628	0.199968	0.0427333	0.00814888	0.00975058	0.00946655	0.0105454
126	G	2.55822	0.0595314	0.0249232	0.0239841	0.0016055	0.00603577	0.0939522	0.00602738	0.00649329	0.00665999	0.554556	0.0437151	0.00161529	0.00348116	0.0472444	0.00424459	0.0152365	0.0642871	0.018403	0.00864526	0.00129388	0.00806484
127	D	3.61406	0.184214	0.00496683	0.0539636	0.0195914	0.000675525	0.0171925	0.017787	0.00672159	0.156401	0.0797345	0.0126609	0.070388	0.00908141	0.0366024	0.0154225	0.0581885	0.0495501	0.141014	0.00260755	0.0610001	0.00223721
128	D	3.84906	0.0407151	0.0251634	0.172883	0.0147479	0.019883	0.019349	0.0224099	0.0251366	0.0154416	0.0216498	0.027533	0.118013	0.101268	0.0162372	0.082374	0.0871927	0.101518	0.0502654	0.00248884	0.00544352	0.030287
129	A	3.69922	0.143751	0.0355413	0.00246537	0.0145432	0.0201794	0.0770176	0.0221709	0.0709417	0.00870431	0.0983332	0.03466	0.00523376	0.00860669	0.0195779	0.151781	0.0618177	0.154366	0.031726	0.00336366	0.00696888	0.0282507
130	T	3.25168	0.0329183	0.088122	0.00826607	0.00286542	0.00313503	0.00885243	0.00999695	0.00258581	0.291997	0.0322466	0.00297179	0.0188786	0.0847077	0.0409837	0.0327471	0.036653	0.231974	0.0193483	0.00560345	0.0169739	0.0281726
131	A	2.97623	0.0746515	0.0160153	0.0036545	0.0763247	0.00202324	0.0060716	0.0397044	0.00321495	0.000941831	0.00360195	0.00477871	0.18445	0.0119644	0.196609	0.00126489	0.302603	0.0100127	0.0142953	0.0243707	0.0225895	0.000858049
132	G	2.22267	0.0127796	0.0445822	0.00533009	0.00591358	0.0102038	0.167771	0.0258224	0.040667	0.0041205	0.00552225	0.00550289	0.00178904	0.00690157	0.0126407	0.0019775	0.599419	0.0113333	0.019364	0.00533282	0.00194922	0.011078
133	L	2.60395	0.00299193	0.0179359	0.45515	0.0404105	0.00562662	0.00518906	0.0122233	0.0926532	0.0026957	0.182464	0.115581	0.00344267	0.00253266	0.00548107	0.00627358	0.00852498	0.0206244	0.00454344	0.00799097	0.00260032	0.00506427
134	T	2.72438	0.0944907	0.00587232	0.00790719	0.00708134	0.00580039	0.0265214	0.00748286	0.0120811	0.0169208	0.0137537	0.0212575	0.00802534	0.0125429	0.0111088	0.00170838	0.233946	0.442354	0.0264955	0.0142186	0.0220647	0.00836707
135	H	2.36234	0.00488667	0.00180221	0.0141356	0.00236403	0.0234812	0.012856	0.265106	0.0300232	0.0134842	0.0091216	0.505056	0.0077884	0.00418133	0.0463626	0.00941864	0.0102362	0.0106585	0.00396428	0.00561017	0.00298875	0.0164746
136	M	3.03767	0.0102443	0.130286	0.00899939	0.00758578	0.0415908	0.00377475	0.014139	0.274411	0.00540018	0.0174561	0.15813	0.0139889	0.0022208	0.0415145	0.0102194	0.00649403	0.014672	0.223015	0.00189088	0.000387466	0.0135798
137	M	3.16863	0.00450819	0.0256275	0.0152739	0.0239705	0.0283545	0.00684516	0.0590239	0.187228	0.0410826	0.0692449	0.377099	0.00886221	0.0170758	0.0257882	0.0158541	0.00264612	0.0107411	0.00650925	0.0141077	0.0499942	0.0101629
138	I	2.63814	0.0708435	0.029171	0.00726257	0.0189604	0.015848	0.00239864	0.00966182	0.548135	0.0128763	0.0205458	0.044514	0.0128296	0.00623998	0.00394572	0.0104025	0.0112397	0.00788183	0.0362339	0.111366	0.0046185	0.0150247
139	W	2.59428	0.0104623	0.0118675	0.0116412	0.0041577	0.538422	0.0342603	0.0199853	0.0381363	0.00803374	0.00210395	0.0450696	0.00430954	0.0126574	0.00946053	0.00249276	0.0118256	0.00627895	0.00500312	0.144128	0.026526	0.0531793
140	H	2.81457	0.0143756	0.0179218	0.0124979	0.441901	0.00758218	0.021656	0.172948	0.0223672	0.00368166	0.0057556	0.00672747	0.00748849	0.00425678	0.0592413	0.00521161	0.0014943	0.103302	0.054539	0.0251565	0.00882814	0.00306757
141	S	3.24353	0.0325414	0.0252231	0.00873209	0.0346538	0.0311288	0.0620296	0.038578	0.0434094	0.0111284	0.00268314	0.0140095	0.00933102	0.0422415	0.00385681	0.0220029	0.338395	0.0162754	0.225531	0.0105993	0.0106423	0.0170077
142	N	3.32811	0.00339024	0.0335733	0.0246024	0.00581253	0.201067	0.0637255	0.0610258	0.00986923	0.0162058	0.0101268	0.0155504	0.318459	0.00111528	0.036264	0.0245109	0.0512715	0.0234003	0.00357842	0.0249915	0.0144923	0.0569681
143	L	2.73609	0.0274009	0.415268	0.00581743	0.00661709	0.0160768	0.00962855	0.0379264	0.0069138	0.0101918	0.24244	0.0443826	0.00198148	0.00772853	0.00197984	0.00263642	0.00668747	0.00870711	0.102988	0.0223994	0.0125097	0.00971874
144	N	3.25908	0.0410443	0.0133052	0.00818197	0.0367966	0.00541541	0.238817	0.0112956	0.0109243	0.0161134	0.00246128	0.024114	0.239309	0.0209104	0.0339412	0.00302993	0.0051679	0.0141122	0.116004	0.0184378	0.00642306	0.134196
145	D	2.84562	0.0215264	0.0118435	0.515348	0.116329	0.0275932	0.0246491	0.0578426	0.0298405	0.00719623	0.0129347	0.00905842	0.0110327	0.0280444	0.006696	0.00553001	0.0348814	0.0121717	0.011619	0.0235388	0.0251254	0.00719936
146	T	0.728244	0.00131077	0.0044712	0.000342407	0.000296168	0.000698914	0.00281056	0.000185498	0.00152767	0.00544571	0.00023423	0.00276361	0.906829	0.00177232	0.00199851	0.000236609	0.0138247	0.0298071	0.0212848	0.000771245	0.00236514	0.00102435
147	T	2.93208	0.00786505	0.0292244	0.0227527	0.0113358	0.0130113	0.00676321	0.0473735	0.0259992	0.0201093	0.026854	0.0132184	0.0221772	0.00625693	0.0817437	0.00772672	0.0573475	0.513627	0.033342	0.0128236	0.0192164	0.0212317
148	Y	2.55903	0.00574934	0.0064123	0.00833818	0.00517943	0.0153952	0.00902892	0.0432776	0.0222599	0.0165504	0.0138108	0.0130577	0.0158755	0.00652397	0.0130917	0.00536609	0.0434866	0.0105312	0.0959701	0.0362275	0.583413	0.0304545
149	Q	2.47495	0.0247303	0.00566017	0.0104134	0.029598	0.00756238	0.00982589	0.0193872	0.0120848	0.016839	0.0113783	0.0103983	0.00893438	0.0151534	0.624926	0.0221007	0.0352427	0.0428982	0.0340261	0.00902151	0.00690496	0.0429144
150	R	2.9371	0.0072746	0.0180769	0.0692053	0.0231365	0.00714685	0.0139308	0.0223953	0.0371672	0.0238973	0.015312	0.0221404	0.0157079	0.0840748	0.0115343	0.506474	0.0245974	0.00774427	0.00454246	0.0333252	0.00978257	0.0425343
151	T	2.61783	0.031688	0.0104447	0.00835872	0.01241	0.00645799	0.0403648	0.0252437	0.00616408	0.0629094	0.117003	0.00778154	0.00593437	0.012873	0.0138961	0.00345625	0.00432031	0.553764	0.0310085	0.0186538	0.0181653	0.00910344
152	R	2.45852	0.0193917	0.00582285	0.0103537	0.0040481	0.0124443	0.0017385	0.00707703	0.00327592	0.0379091	0.0035941	0.0453374	0.00321906	0.00453682	0.171275	0.54254	0.0635158	0.00718488	0.0113982	0.00659858	0.0216723	0.0170668
153	A	2.80987	0.496397	0.0161101	0.00607699	0.00645638	0.00703635	0.00641687	0.00548793	0.0109345	0.00806627	0.0139679	0.0202253	0.00519393	0.00438052	0.0665006	0.0231154	0.0135035	0.113838	0.0101824	0.048319	0.0448624	0.0729285
154	L	2.50928	0.00442693	0.0263711	0.00108784	0.00433019	0.00462855	0.0133061	0.00415653	0.456435	0.00210448	0.253425	0.0847748	0.00412734	0.00359125	0.00709243	0.00459674	0.0188521	0.0227075	0.0185393	0.0525925	0.00296182	0.00989304
155	V	2.79543	0.00974536	0.087976	0.0316926	0.0103663	0.0240524	0.031804	0.00816091	0.0136921	0.00747034	0.0203867	0.0130594	0.0160846	0.00170749	0.00248072	0.0189437	0.0487647	0.0334124	0.517861	0.00454038	0.00949512	0.0883038
156	R	2.64144	0.00295345	0.0065543	0.0120546	0.0119476	0.0126614	0.0120088	0.0155216	0.0275676	0.0414551	0.00842818	0.0286823	0.0123269	0.0189659	0.00734921	0.552177	0.106417	0.00389047	0.0159721	0.00616514	0.0215778	0.075324
157	T	3.50821	0.0568058	0.0968234	0.00990083	0.00206885	0.00223326	0.0422652	0.00874136	0.112604	0.00657745	0.008761	0.007185	0.0356855	0.00598158	0.0321908	0.00417552	0.0835212	0.21476	0.142094	0.0283193	0.00237708	0.0969291
158	G	3.1539	0.0868819	0.0327886	0.0185306	0.00653081	0.00522223	0.317678	0.0113935	0.0053143	0.00114456	0.123539	0.0121169	0.106902	0.00764005	0.0184422	0.00551334	0.173509	0.0157401	0.0137256	0.00745607	0.00733821	0.0225934
159	M	2.82308	0.0119292	0.0730649	0.00461308	0.00300993	0.00911643	0.0146762	0.0117976	0.176004	0.0408121	0.055971	0.450412	0.0549427	0.00253416	0.0119358	0.00317449	0.00368083	0.00790398	0.0112777	0.0359294	0.00936897	0.0078462
160	D	2.93622	0.00729734	0.0706698	0.478459	0.0766572	0.060675	0.0318929	0.0452249	0.00738604	0.00183205	0.00641853	0.00550587	0.0589905	0.0126991	0.0150024	0.00502892	0.00389897	0.0260356	0.0158346	0.0149895	0.00464818	0.0508542
161	P	3.26589	0.0643979	0.0441701	0.0172548	0.00154741	0.0034572	0.024668	0.00358482	0.0201125	0.008354	0.016888	0.0169274	0.00740338	0.279	0.106908	0.0335635	0.236727	0.0598326	0.0221283	0.00619592	0.00548502	0.0213942
162	R	3.13744	0.0355302	0.00379658	0.0172217	0.0924667	0.029035	0.00378328	0.0087029	0.0133361	0.00613277	0.0194104	0.0379591	0.021754	0.0370623	0.0376688	0.439895	0.03109	0.00356255	0.00751621	0.0162341	0.0643931	0.0734496
163	M	2.63879	0.000959456	0.0859877	0.00391159	0.00139113	0.0768717	0.00215045	0.0137998	0.0384533	0.00439243	0.0144955	0.0510298	0.000637283	0.000466696	0.0232651	0.000312054	0.00752684	0.212091	0.431207	0.0268198	0.00356679	0.000665113
164	C	3.39986	0.0574356	0.243516	0.0195884	0.00613412	0.00307436	0.00717007	0.00576547	0.0866896	0.0367581	0.0136799	0.00817364	0.127894	0.0256955	0.0100045	0.00741075	0.187023	0.0257935	0.0858219	0.0104432	0.0288415	0.00308713
165	S	3.16571	0.226076	0.0163332	0.00904638	0.0044411	0.031669	0.0786012	0.00318884	0.00134359	0.00280812	0.0159874	0.0648768	0.0469185	0.0313869	0.0134838	0.00136289	0.211742	0.206561	0.0058458	0.00649616	0.00251389	0.0193175
166	L	1.16929	0.0272849	0.0100319	0.00253846	0.0165911	0.000549124	0.00176664	0.00106047	0.00640969	0.000996555	0.0206472	0.0584503	0.00649748	0.000218128	0.832162	0.000559533	0.00387013	0.00393673	0.000827877	0.00157918	0.000640875	0.00338187
167	M	3.15973	0.0287525	0.0612105	0.0146808	0.0054274	0.00330632	0.00204052	0.0127689	0.0688858	0.00895341	0.110836	0.327337	0.00282507	0.0351521	0.00234026	0.0134589	0.0187891	0.0982821	0.00641237	0.164971	0.0109615	0.00260895
168	Q	3.15184	0.0771128	0.0152937	0.0409086	0.0043104	0.0074356	0.00860686	0.008861	0.0130405	0.0459786	0.0167487	0.0897209	0.0112083	0.247242	0.306606	0.0465378	0.0148217	0.0210765	0.00374326	0.00654168	0.00321643	0.0109881
169	G	2.8442	0.135846	0.00594113	0.0550504	0.0274545	0.0242397	0.470561	0.0782527	0.0243729	0.0125102	0.0121379	0.00733269	0.0736693	0.0127273	0.0095747	0.00119519	0.00955824	0.00641683	0.0144532	0.0037233	0.00637105	0.00861126
170	S	2.92139	0.0439869	0.0113046	0.0100536	0.00975134	0.0192391	0.0756477	0.0184269	0.015166	0.0520214	0.0105895	0.0193007	0.00658042	0.0177201	0.0169819	0.0329163	0.505094	0.00737611	0.00921841	0.054394	0.00354208	0.0606892
171	T	2.87087	0.0283003	0.0287487	0.04775	0.0314953	0.00678363	0.0962474	0.0131457	0.0162129	0.00871911	0.0198598	0.0190027	0.0727468	0.0105653	0.0302287	0.00169345	0.00334239	0.508204	0.0188425	0.00512316	0.0182129	0.0147748
172	L	1.73006	0.0128329	0.0207482	0.000330043	0.00170468	0.0300561	0.0023291	0.000391772	0.723071	0.00666488	0.0890329	0.00229187	0.00267673	0.00241808	0.032697	0.00394138	0.010314	0.0420877	0.00706751	0.00103313	0.00723286	0.00107788
173	P	3.50296	0.0304124	0.0579803	0.00689136	0.0326022	0.0449729	0.0903887	0.00417191	0.0096743	0.0040166	0.0146854	0.0165066	0.023678	0.2736	0.175639	0.0128528	0.0475552	0.0244462	0.0524991	0.00714247	0.00481138	0.0654736
174	R	2.12864	0.00930605	0.00568846	0.0201906	0.013903	0.0141571	0.0117254	0.00347128	0.0131885	0.00658616	0.00803437	0.0273708	0.00800339	0.0549999	0.0290747	0.689085	0.0124984	0.00228749	0.00700538	0.0245715	0.0165069	0.022346
175	R	3.10793	0.0128736	0.0171197	0.0193395	0.0281991	0.0033913	0.00246037	0.0280983	0.0117468	0.0804905	0.00281351	0.0167202	0.0939246	0.0215692	0.0131853	0.413024	0.115364	0.0322396	0.00723852	0.0636499	0.00720486	0.00934733
