#SITE	WT_AA	SITE_ENTROPY	PI_A	PI_C	PI_D	PI_E	PI_F	PI_G	PI_H	PI_I	PI_K	PI_L	PI_M	PI_N	PI_P	PI_Q	PI_R	PI_S	PI_T	PI_V	PI_W	PI_Y	PI_*
1	M	3.52347	0.0253805	0.0304094	0.0416064	0.0254221	0.0417643	0.0267341	0.0385956	0.0216215	0.0296261	0.0240227	0.403566	0.0324915	0.0350141	0.0354544	0.0285779	0.0167367	0.0440143	0.0182509	0.0276847	0.0294116	0.0236152
2	A	2.06975	0.601011	0.00688623	0.00686303	0.0129112	0.0080793	0.0373031	0.00308011	0.00363747	0.00772391	0.00270938	0.0441522	0.00612555	0.0010788	0.00520343	0.00147476	0.00392908	0.0104095	0.206127	0.01246	0.00869307	0.0101425
3	S	3.56687	0.083918	0.00448022	0.00353779	0.0292021	0.0593507	0.0031727	0.071815	0.0222402	0.00312592	0.0884269	0.0132891	0.112249	0.0187684	0.0155927	0.0154236	0.190229	0.0414806	0.0087201	0.182683	0.0302454	0.00204902
4	Q	3.78574	0.00891624	0.0279031	0.0103824	0.0225088	0.12005	0.0344445	0.0350482	0.0323678	0.0465548	0.188108	0.0381458	0.0762874	0.00166231	0.00410725	0.00230317	0.0471038	0.0169172	0.07737	0.136268	0.0402428	0.0333072
5	G	2.80768	0.180795	0.0633627	0.0044791	0.00138514	0.000356731	0.0625997	0.0450952	0.000636143	0.000308597	0.000572987	0.0225776	0.0687445	0.364593	0.000312621	0.115976	0.0623585	0.000293619	0.000643658	0.00194769	0.00206487	0.00089701
6	T	1.46645	0.00675699	0.00648844	0.00730802	0.00657251	0.0084351	0.00642018	0.0139805	0.0085489	0.00454955	0.0265179	0.0176224	0.0148448	0.00503035	0.00600614	0.00628342	0.00660605	0.812707	0.00646128	0.0162407	0.00858822	0.00403157
7	K	1.27506	0.00305143	0.00933179	0.00868671	0.0115816	0.00818753	0.00330887	0.00715005	0.00500453	0.840401	0.00372903	0.0163333	0.0121097	0.00242074	0.0105561	0.00458306	0.0020307	0.00330656	0.00440117	0.0163578	0.00515326	0.0223145
8	R	1.92065	0.00612539	0.0270374	0.0130115	0.0105391	0.00919557	0.0318495	0.00617881	0.0045611	0.0062423	0.0103313	0.0157533	0.00823293	0.0167633	0.0567424	0.724277	0.00388752	0.0123439	0.00385392	0.0207926	0.00674187	0.00553899
9	S	1.09644	0.00029112	0.00271862	0.000362673	0.00081818	0.00260986	0.0013428	0.000948563	0.00227885	0.00049742	0.157817	0.00816216	0.787272	0.00197656	0.00074747	0.000609726	0.0136031	0.000290885	0.000845475	0.00217589	0.0144155	0.000216521
10	Y	2.32649	0.0319451	0.000240161	0.00153166	0.00521737	0.00329049	0.00155829	0.0061614	0.0856096	0.578672	0.0189897	0.0219506	0.017689	0.0307849	0.00048531	0.00273864	0.00191133	0.00638744	0.049082	0.00503031	0.121346	0.00937925
11	E	3.17596	0.015493	0.0130541	0.126327	0.2238	0.00578353	0.015083	0.00429954	0.0309397	0.0126021	0.023585	0.0136088	0.0154502	0.0126557	0.0258566	0.00189531	0.0531232	0.0318642	0.00179856	0.00902873	0.0492508	0.3145
12	Q	2.74952	0.00323047	0.0192699	0.00118724	0.00858094	0.00291961	0.000647291	0.234197	0.00837046	0.235838	0.0280113	0.00278471	0.0194668	0.0015106	0.0168292	0.215451	0.0113397	0.00263867	0.00196241	0.00303511	0.00188813	0.180841
13	M	2.36389	0.00355577	0.00497717	0.0555572	0.0123714	0.0580097	0.00488354	0.0113587	0.0809946	0.016683	0.0046594	0.613661	0.0031945	0.0134608	0.00707341	0.0140439	0.0447403	0.0098691	0.00752828	0.01863	0.00517709	0.00957145
14	E	3.2856	0.00714287	0.0868229	0.0501397	0.309998	0.200219	0.0486717	0.00325298	0.0533983	0.026989	0.0169048	0.0157946	0.00804673	0.00104495	0.0162505	0.0381624	0.0098195	0.0665627	0.00317143	0.0216647	0.00511439	0.0108296
15	T	2.72291	0.0219858	0.0287172	0.0159719	0.0156907	0.0155957	0.0194806	0.0380495	0.0101695	0.00830207	0.0214215	0.0418756	0.0196213	0.0050453	0.00928171	0.00402732	0.0062951	0.5372	0.13264	0.013071	0.0207716	0.0147865
16	D	3.17168	0.0608313	0.0132548	0.309059	0.0195741	0.00702191	0.233395	0.102919	0.0145575	0.00464085	0.0128441	0.0343168	0.00911928	0.0326799	0.00355604	0.00949582	0.00234726	0.0179804	0.00772549	0.0248498	0.00883176	0.0709996
17	G	1.0526	0.00170078	0.848888	0.000404375	0.000876348	0.000522515	0.0512968	0.000852937	0.000362734	0.014363	0.000195706	0.000720846	0.0087719	0.00763063	0.00215098	0.0024252	0.0177229	0.00659744	0.00127601	0.000775644	0.0323389	0.000125964
18	E	3.42276	0.0358673	0.0461194	0.0268223	0.213479	0.00358021	0.0492016	0.252085	0.0771587	0.0388609	0.00184757	0.009109	0.0106867	0.0554076	0.0110779	0.0124651	0.00697594	0.098538	0.0153221	0.0209556	0.010987	0.00345302
19	R	2.11353	0.00611355	0.0470624	0.0100673	0.0145999	0.0103761	0.00598617	0.0259257	0.00634838	0.0127893	0.00499552	0.0560969	0.00819424	0.0140014	0.0305846	0.687432	0.00521517	0.00827683	0.00671718	0.0161564	0.0136582	0.00940338
20	Q	2.25794	0.00468864	0.00220835	0.0031453	0.0043924	0.00270673	0.00440816	0.00368304	0.00339061	0.00305084	0.00614643	0.0188192	0.0338562	0.461013	0.281602	0.0118129	0.128179	0.00922689	0.0028471	0.00858137	0.0026297	0.00361108
21	N	1.773	0.000462006	0.00162272	0.00494922	0.00420712	0.00816237	0.00169142	0.000953105	0.00138263	0.492962	0.0127881	0.00181176	0.0222194	0.397642	0.00500394	0.00339355	0.00913334	0.0096466	0.000521245	0.0164324	0.00465969	0.000355508
22	A	2.92226	0.208909	0.00261117	0.00182582	0.10282	0.00112512	0.0129543	0.00770807	0.0275618	0.339138	0.00603135	0.00545051	0.00801355	0.0168232	0.0026475	0.152745	0.0109683	0.0431473	0.0112564	0.017287	0.00850087	0.0124766
23	T	2.65963	0.0332007	0.0379218	0.0170772	0.005188	0.00587839	0.0214412	0.488559	0.000662561	0.00864242	0.0191061	0.000765553	0.00882273	0.00208887	0.0338041	0.00673799	0.17004	0.0984503	0.0108826	0.0108859	0.0145461	0.00529885
24	E	3.27046	0.0102678	0.0620836	0.0270367	0.360462	0.0174037	0.0236386	0.0264946	0.01797	0.00501564	0.0299591	0.0131382	0.0224268	0.00590518	0.088405	0.0234885	0.0153472	0.0108292	0.182412	0.0259293	0.0214337	0.0103538
25	I	0.74256	0.00024737	0.000458881	0.00092271	0.000118137	0.00289072	0.00209799	0.00409086	0.0364185	0.0100983	0.0055557	0.00935898	0.00123446	0.000804559	0.90632	0.00198353	0.000853123	0.00250637	0.00680664	0.000634773	0.000345923	0.00625213
26	R	0.467423	0.000577117	0.000149198	0.000633828	0.00273668	0.00819291	6.67784e-05	0.000205824	0.000535042	0.00601491	0.000641861	0.00466926	6.10624e-05	0.00109276	0.00187166	0.0273351	0.942897	0.00041709	0.000206953	0.000598486	0.000747983	0.000348992
27	A	2.75327	0.150139	0.00263106	0.0104751	0.00928857	0.00279101	0.0125544	0.127366	0.00144816	0.322015	0.0106874	0.0362694	0.00212145	0.000637864	0.0015575	0.0195224	0.247864	0.0068243	0.0225543	0.00467523	0.00704957	0.00152822
28	S	1.94566	0.0226613	0.00772318	0.00135284	0.00859326	0.00493173	0.00892443	0.000852887	0.0014874	0.00111495	0.00536452	0.00844836	0.00954827	0.00181319	0.654988	0.0295186	0.125488	0.000638944	0.00793542	0.0105759	0.00293929	0.0850996
29	V	3.17839	0.00595594	0.0566451	0.00865828	0.00656704	0.0281598	0.00388692	0.00438857	0.0390699	0.0107224	0.00928713	0.175641	0.00705105	0.0478917	0.00477005	0.037116	0.17297	0.00874126	0.308989	0.0425093	0.00885107	0.0121292
30	G	2.85273	0.0176463	0.30803	0.00295725	0.0104313	0.015832	0.205154	0.00269845	0.00682356	0.00418257	0.000701135	0.0112827	0.0384397	0.0126717	0.0763153	0.028614	0.0105044	0.229795	0.00282124	0.00827185	0.00386129	0.00296565
31	K	1.70774	0.00399566	0.00863653	0.00216844	0.0140124	0.000255251	0.00228379	0.00377013	0.00569374	0.0609047	0.0141403	0.00489775	0.14882	0.00710227	0.00216846	0.69138	0.00137747	0.0203708	0.000512012	0.00252683	0.00279222	0.00219087
32	M	3.2859	0.00718923	0.0122883	0.0680574	0.0144077	0.0373844	0.0688917	0.0162555	0.0148007	0.0194787	0.00543295	0.337518	0.0509189	0.0492874	0.00565654	0.0473232	0.0419502	0.179472	0.0065866	0.00666606	0.00645713	0.00397786
33	I	2.94297	0.01132	0.0663197	0.00616765	0.164815	0.00796693	0.0140569	0.00976638	0.432934	0.00867939	0.011821	0.0578305	0.012379	0.00465033	0.00968698	0.00566623	0.0410608	0.0203435	0.0721888	0.00913232	0.0315864	0.00162904
34	D	3.30339	0.107527	0.112814	0.0820531	0.0907435	0.000637476	0.00560242	0.00081788	0.233014	0.00334278	0.00144304	0.0907707	0.00687271	0.00200482	0.00646554	0.0140596	0.034458	0.0289243	0.152946	0.000547453	0.0183356	0.00661983
35	G	3.09038	0.0166547	0.0325317	0.00542191	0.0135913	0.0475718	0.469737	0.010989	0.0112955	0.0357346	0.0172835	0.0215761	0.00766754	0.0316376	0.0077842	0.00851299	0.0610248	0.0578788	0.00635734	0.0708385	0.0261707	0.0397407
36	I	0.787284	0.000704155	0.0138286	0.0168357	0.00178626	0.895147	0.000436036	0.000190787	0.0107543	0.00030635	0.0011427	0.0105607	0.00440039	0.000780536	0.000325377	0.00138498	0.00051959	0.000336308	0.00126777	0.037927	0.000343057	0.00102282
37	G	2.48585	0.0182775	0.0292647	0.0344404	0.0146763	0.00315027	0.0942977	0.00124013	0.00261803	0.0128085	0.00112513	0.0193637	0.0011544	0.0107317	0.0318182	0.00273264	0.0438621	0.00193005	0.562119	0.0925155	0.0205693	0.00130494
38	R	3.30023	0.015551	0.0386594	0.053967	0.00415876	0.00604024	0.109393	0.00314018	0.00861594	0.201655	0.00381527	0.0716576	0.0121276	0.0113246	0.214958	0.159114	0.0287563	0.0039084	0.00460412	0.0396877	0.00377075	0.00509483
39	F	2.75075	0.0352257	0.105251	0.00391355	0.00859431	0.138427	0.00884499	0.00499346	0.0184737	0.0105761	0.00624454	0.0136942	0.478634	0.0369949	0.00423332	0.0689908	0.00254834	0.0192174	0.0023025	0.0139545	0.00847178	0.0104141
40	Y	2.66974	0.0985919	0.00786359	0.0119265	0.00186657	0.0113128	0.0210142	0.432778	0.0168126	0.00984261	0.0104928	0.00621209	0.00207413	0.0176427	0.0321443	0.0252673	0.00286905	0.00302649	0.0230442	0.0103735	0.249207	0.0056379
41	I	2.86972	0.00434819	0.0165105	0.00729459	0.00390285	0.145468	0.0241948	0.0186131	0.142231	0.00339448	0.0139834	0.0702597	0.00377391	0.00494468	0.00402803	0.0331943	0.417658	0.0267237	0.00436922	0.0483057	0.00257466	0.00422798
42	Q	2.86542	0.00707172	0.00940276	0.00934657	0.114689	0.00936783	0.0374297	0.0125296	0.00767816	0.0490075	0.0101064	0.0293201	0.00696105	0.0297455	0.501106	0.00778487	0.00302381	0.0171329	0.0313049	0.0170009	0.064402	0.025589
43	M	3.21641	0.0722996	0.0341867	0.0664591	0.00539468	0.0548367	0.0460463	0.0521336	0.0302434	0.00879798	0.0665367	0.136866	0.00742509	0.00219168	0.0171747	0.00656757	0.00400418	0.36564	0.00452646	0.00646127	0.00855591	0.00365131
44	C	2.36124	0.0593564	0.0616045	0.0105268	0.0564144	0.0013668	0.00174605	0.0113654	0.605031	0.00198215	0.0126243	0.0073502	0.0318813	0.00444982	0.0396623	0.000858445	0.0537835	0.00345873	0.00651387	0.0173591	0.0108065	0.00185824
45	T	3.09578	0.0232451	0.0753436	0.00268129	0.0101288	0.0389666	0.00924075	0.0227677	0.00789205	0.00502869	0.00190575	0.0230034	0.266948	0.0061753	0.00921788	0.0212557	0.168102	0.247041	0.00351368	0.0113743	0.00453944	0.0416284
46	E	2.53259	0.00585014	0.0158456	0.0282459	0.178104	0.295383	0.00199873	0.0657124	0.00250972	0.00732499	0.00123769	0.00557592	0.00546391	0.00331334	0.00463124	0.00594664	0.0018347	0.00897077	0.00265544	0.0107801	0.00433176	0.344285
47	L	2.48872	0.00269353	0.0636731	0.266546	0.0533842	0.00144983	0.00125154	0.00218831	0.02012	0.00812578	0.0296418	0.00183877	0.00209911	0.421273	0.00923586	0.00177938	0.0921351	0.00609764	0.00149211	0.0137115	0.000284585	0.000978476
48	K	3.23971	0.01149	0.0238207	0.0102612	0.00532595	0.00452624	0.101092	0.250075	0.135685	0.17945	0.138658	0.0145251	0.0121342	0.00674811	0.030584	0.00359494	0.00366307	0.0142734	0.0137794	0.0304822	0.00425784	0.00557369
49	L	1.70564	0.0391029	0.0187104	0.00290346	0.000989566	0.748605	0.00192592	0.00290658	0.00722514	0.00560528	0.0487564	0.00691319	0.0080385	0.0439284	0.00193531	0.00779875	0.00355389	0.021286	0.0103295	0.015236	0.0020391	0.00221094
50	S	3.54315	0.0648215	0.00854437	0.0171466	0.0146579	0.0124228	0.146456	0.117388	0.000455521	0.00732351	0.0197887	0.082627	0.0282465	0.0129899	0.172715	0.136377	0.0957746	0.0139305	0.0386872	0.00157292	0.00610025	0.0019748
51	D	2.50813	0.0485899	0.000781303	0.0643527	0.0286784	0.000293908	0.389053	0.000383274	0.00754666	0.00040542	0.11817	0.00396163	0.00249308	0.00551877	0.000925021	0.00325773	0.000956845	0.0441687	0.270412	0.00690584	0.000407507	0.00273902
52	Y	2.15855	0.605208	0.00359711	0.00215831	0.0821812	0.0099589	0.00749934	0.00229933	0.00112377	0.000109924	0.0201775	0.0279023	0.0049738	0.00303416	0.003094	0.0123762	0.0123034	0.0105159	0.00142902	0.0109267	0.0323698	0.146762
53	E	3.39103	0.0727802	0.042442	0.126999	0.306997	0.00358568	0.00720355	0.0112124	0.003462	0.00968792	0.00624192	0.0462003	0.020986	0.00816362	0.0214801	0.0366402	0.107361	0.0222468	0.0284316	0.00827125	0.00671714	0.102891
54	G	3.30406	0.0693275	0.0107334	0.153534	0.0256518	0.0148558	0.342223	0.012784	0.00424406	0.00671723	0.0175748	0.0299307	0.0266419	0.030361	0.0139228	0.116639	0.0184151	0.0445818	0.04256	0.00687622	0.00613591	0.00628961
55	R	3.51369	0.0238312	0.030492	0.0828506	0.0152919	0.0156538	0.00677862	0.0855853	0.0171819	0.0116206	0.0114249	0.0130733	0.0158798	0.197356	0.0291721	0.254197	0.026108	0.0437052	0.00511159	0.0829033	0.023017	0.00876585
56	L	3.94109	0.0482368	0.0418421	0.0069801	0.135591	0.0075531	0.0721837	0.0264378	0.0337292	0.0205878	0.148889	0.0638948	0.0853226	0.0192401	0.0705916	0.0437002	0.061055	0.0275447	0.0123652	0.0084809	0.0608488	0.00492474
57	I	3.77622	0.103573	0.0143724	0.0116414	0.0736905	0.0145017	0.065602	0.015467	0.197529	0.00291111	0.087322	0.0186414	0.0900054	0.0648126	0.0107464	0.0179849	0.023745	0.0402011	0.102279	0.00650143	0.012423	0.0260502
58	Q	3.31425	0.0103497	0.0275079	0.105249	0.00587981	0.0367877	0.0583328	0.0116394	0.0561589	0.0174457	0.028509	0.00609693	0.0450326	0.057064	0.398463	0.0260827	0.0268053	0.00529618	0.00966592	0.0409876	0.0155636	0.0110816
59	N	3.36876	0.078424	0.0122748	0.259471	0.0199341	0.0138751	0.0181284	0.0401799	0.00303912	0.0264328	0.0144741	0.00624643	0.276034	0.0403875	0.0185952	0.0358581	0.0194588	0.0311349	0.0369262	0.0113177	0.0207889	0.0170188
60	S	3.60782	0.00575013	0.0268331	0.0177581	0.00490531	0.0286692	0.0154988	0.00769818	0.0367775	0.0336876	0.0539978	0.154137	0.00927841	0.0387532	0.0812694	0.0499233	0.257297	0.0975229	0.0414398	0.00580477	0.0258451	0.00715392
61	L	0.772973	0.00183912	0.00173224	0.0048527	0.0024134	0.00160198	0.000612789	0.00173036	0.00220293	0.00183804	0.0226425	0.0255007	0.00381448	0.000138424	0.000527713	0.00177527	0.0090783	0.000263151	0.903219	0.000788511	0.0120036	0.00142471
62	T	3.36952	0.0712555	0.0115605	0.0639982	0.0846737	0.0041793	0.144412	0.0845391	0.00970066	0.00585968	0.0115578	0.00603583	0.0153273	0.0190248	0.0303076	0.00738952	0.0838154	0.304017	0.0116987	0.0110293	0.0139034	0.00571542
63	I	3.133	0.0311547	0.109675	0.0087553	0.0162659	0.0246401	0.00469855	0.00423286	0.073803	0.00199454	0.0237668	0.327357	0.00195409	0.172356	0.00354809	0.0140634	0.00683615	0.0161711	0.00121058	0.0811561	0.0742769	0.00208366
64	E	3.24184	0.00436092	0.017527	0.154825	0.203762	0.0300723	0.277524	0.0264018	0.00930831	0.00405103	0.0119614	0.0118648	0.0401863	0.0196497	0.00290106	0.0358048	0.0122134	0.0143	0.00392823	0.0914395	0.0226227	0.00529544
65	R	2.91812	0.0276099	0.00289506	0.00731062	0.0240395	0.00417152	0.00765372	0.0334942	0.0105203	0.224751	0.0296611	0.0164747	0.0172915	0.094199	0.0214096	0.404179	0.026341	0.0112279	0.00637589	0.0204587	0.00437874	0.00555692
66	M	3.4972	0.0235308	0.0175435	0.0525479	0.023869	0.0239968	0.0182286	0.0102669	0.0500574	0.0133136	0.0128494	0.256344	0.110426	0.00402458	0.0210696	0.00847259	0.212816	0.0378156	0.0201678	0.0533291	0.0161723	0.0131596
67	V	2.05921	0.00514823	0.0151511	0.021921	0.0497307	0.0338495	0.0224166	0.0211196	0.031019	0.00298482	0.00522851	0.0305467	0.691383	0.0015012	0.0134229	0.000651152	0.000869692	0.00565347	0.0255248	0.00793415	0.00463536	0.00930905
68	L	3.68834	0.00438138	0.0234237	0.0085253	0.0561049	0.05935	0.0068551	0.0579749	0.162783	0.150949	0.179486	0.0305264	0.0202309	0.0229884	0.00422747	0.0093038	0.0654876	0.0452055	0.0137062	0.0235726	0.0469559	0.00796203
69	S	3.17715	0.0347006	0.0360069	0.00812341	0.0573094	0.0382934	0.128604	0.00927718	0.0117799	0.00649874	0.00893589	0.027197	0.0497541	0.0197959	0.0192247	0.020725	0.428673	0.0351892	0.00492151	0.0135559	0.0121717	0.0292622
70	A	3.43601	0.281889	0.037897	0.106072	0.015807	0.00542813	0.170099	0.0578627	0.00504419	0.0652548	0.012727	0.0132566	0.0101079	0.00979922	0.0607223	0.0297992	0.0435288	0.0345353	0.00269163	0.0273263	0.00828546	0.00186695
71	F	3.10559	0.0442512	0.011516	0.0166409	0.0534685	0.462851	0.0149217	0.0368304	0.0067973	0.0144128	0.00839099	0.0183697	0.0783425	0.00933255	0.0138509	0.0790059	0.0185872	0.0211615	0.0230589	0.0120319	0.0446049	0.0115733
72	D	2.95289	0.00941196	0.102336	0.485406	0.0146797	0.0218116	0.00999343	0.0257408	0.0184779	0.0232958	0.00711784	0.0125549	0.0263494	0.00472264	0.0149433	0.00416633	0.0241949	0.0920122	0.0378945	0.0324488	0.0237722	0.0086699
73	E	1.73076	0.0385864	0.0184215	0.131296	0.0144491	0.000296917	0.000176784	0.00185827	0.00967578	0.00482009	0.00211805	0.0202629	0.00133326	0.000833087	0.0270213	0.000603442	0.00535559	0.7021	0.00575434	0.0121183	0.0025371	0.000382292
74	R	2.44478	0.0103191	0.00860427	0.0144527	0.0249062	0.00579519	0.00618164	0.0100873	0.00765852	0.0122915	0.00446332	0.016063	0.0332741	0.0105505	0.513916	0.244479	0.00259863	0.00318133	0.00770476	0.0206004	0.0216073	0.0212658
75	R	1.70291	0.012287	0.00326061	0.00294369	0.00466782	0.00325586	0.00470058	0.00673237	0.00249524	0.714296	0.00147701	0.011165	0.0415731	0.00231221	0.00304647	0.109177	0.00524263	0.00237753	0.0582619	0.00550081	0.00210316	0.00312394
76	N	2.84014	0.00457467	0.121969	0.00375701	0.00780881	0.00176714	0.00158237	0.00149388	0.353546	0.0289861	0.10457	0.00749629	0.132996	0.00263126	0.00321868	0.0172828	0.00257714	0.00277236	0.00922249	0.022954	0.00428249	0.164511
77	K	3.76288	0.097621	0.0123658	0.00585384	0.0106257	0.0200725	0.00533918	0.0243996	0.0461994	0.102493	0.0548804	0.139677	0.0849406	0.012458	0.117618	0.0427185	0.00854537	0.124452	0.0070549	0.00442542	0.0115582	0.0667024
78	Y	3.10924	0.0915272	0.00869692	0.0124972	0.25597	0.0695714	0.00441492	0.0403928	0.00685468	0.00790266	0.0298077	0.00786591	0.00917518	0.0319687	0.0102625	0.00907147	0.0163485	0.00219548	0.002918	0.0219094	0.310612	0.0500374
79	L	3.16819	0.0159691	0.013155	0.0321705	0.00389832	0.0114336	0.0252487	0.0263866	0.0785944	0.0274702	0.430627	0.0354518	0.0861237	0.053617	0.0119086	0.00273061	0.0106556	0.00481862	0.0108316	0.0197038	0.0756459	0.0235594
80	E	3.08803	0.0151204	0.0159167	0.0253151	0.293656	0.0051781	0.019046	0.00359108	0.0943422	0.0515601	0.019801	0.00976039	0.00557314	0.00777225	0.0477486	0.0110861	0.00937415	0.00876886	0.0367682	0.00990721	0.294863	0.0148515
81	E	3.36033	0.0168251	0.104554	0.0394947	0.309342	0.0388751	0.00400418	0.0212876	0.00809265	0.0135102	0.0122885	0.144302	0.00361205	0.0125802	0.0355156	0.00961677	0.119559	0.021655	0.0139399	0.00788571	0.0542799	0.00877889
82	H	1.52775	0.000924682	0.00228117	0.0067084	0.00163175	0.748433	0.000628806	0.00928047	0.000148678	0.000597674	0.000726791	0.0157592	0.0121181	0.000370042	0.10966	0.00343412	0.0147107	0.000870829	0.032358	0.0124128	0.0260666	0.000878501
83	P	3.04501	0.0158851	0.15696	0.000461349	0.00187094	0.0102669	0.0054165	0.00540408	0.0145242	0.00409211	0.0143225	0.238665	0.0155032	0.134696	0.254612	0.014492	0.0146478	0.00976015	0.00297	0.04194	0.00289885	0.0406113
84	S	2.35612	0.552937	0.00240162	0.0031277	0.0219186	0.00109902	0.0168972	0.00102584	0.00407698	0.00531461	0.00547853	0.151392	0.0357724	0.003667	0.0127831	0.0100969	0.101072	0.0356946	0.00212842	0.0241103	0.0078899	0.00111583
85	A	3.41218	0.171089	0.00682842	0.00484482	0.0218492	0.00661922	0.0961073	0.012769	0.141325	0.00667846	0.00835144	0.0323504	0.00453772	0.0055851	0.00746203	0.0211585	0.18318	0.0536269	0.0135365	0.0135513	0.163314	0.0252355
86	G	3.1269	0.00583559	0.00246657	0.0244036	0.00958595	0.0359169	0.234248	0.0559832	0.005738	0.0365336	0.0322073	0.00513456	0.0126932	0.162208	0.00206847	0.269075	0.0153074	0.0138083	0.00156281	0.00835018	0.00166518	0.065208
87	K	2.68668	0.0142468	0.00482845	0.00683567	0.0232093	0.0284986	0.00682044	0.00696991	0.00749094	0.524789	0.00589031	0.0288696	0.009605	0.00078626	0.0184784	0.0108717	0.0224388	0.028675	0.0244065	0.00959884	0.11167	0.105021
88	D	1.70921	0.00353731	0.0119688	0.0924433	0.00828891	0.000977272	0.00648844	0.00178072	0.0106338	0.00138666	0.0039654	0.0591744	0.722916	0.0162003	0.00382792	0.0024428	0.00470949	0.00174963	0.00635031	0.00231029	0.00222527	0.0366233
89	P	3.45891	0.154941	0.229618	0.0262376	0.00764098	0.0154647	0.0204615	0.00294585	0.0119532	0.00489862	0.0228641	0.00934616	0.022311	0.165376	0.000813247	0.0122536	0.0372654	0.0294418	0.0649713	0.0511924	0.007215	0.102788
90	K	3.28113	0.0191484	0.00794169	0.0201838	0.000980749	0.00807365	0.0109083	0.0210164	0.00921474	0.17195	0.0254342	0.0494818	0.00865101	0.00322886	0.0735364	0.253911	0.0887836	0.18085	0.0289174	0.00552508	0.0046863	0.00757666
91	K	2.52607	0.00461633	0.00899268	0.0111846	0.00330724	0.00103928	0.00211552	0.00259326	0.00111375	0.181355	0.00159855	0.00670987	0.0243255	0.0244884	0.0231308	0.267428	0.00128786	0.00443796	0.000769046	0.00868527	0.0499179	0.370904
92	T	3.00889	0.0361829	0.00818934	0.00876939	0.0107532	0.00725491	0.0667789	0.00262637	0.022629	0.0139787	0.0369315	0.0156804	0.0573591	0.0106777	0.0240973	0.0363263	0.00684546	0.452768	0.00275991	0.0340997	0.0131582	0.132133
93	G	3.01833	0.00816497	0.0081492	0.129579	0.098669	0.0136444	0.428449	0.00564507	0.00940742	0.0796859	0.0276238	0.0193059	0.0228738	0.00950476	0.00504674	0.0022141	0.0451633	0.00758731	0.0326116	0.0250424	0.00737158	0.0142608
94	G	3.28269	0.0158987	0.010926	0.0229902	0.101433	0.0122498	0.319998	0.0248639	0.0213583	0.0298194	0.00429259	0.228241	0.01242	0.0032766	0.0255077	0.0231645	0.03068	0.0301347	0.0304853	0.0127078	0.0185275	0.0210254
95	P	3.17288	0.0291499	0.253438	0.0266616	0.0163361	0.0108149	0.00548409	0.0435773	0.00859572	0.0529784	0.0208004	0.0260576	0.0177142	0.345607	0.0271589	0.0148873	0.0153266	0.0180315	0.00725646	0.0241074	0.029248	0.00676887
96	I	3.43904	0.00441973	0.126361	0.0143138	0.0085681	0.0151191	0.0205813	0.0056042	0.262882	0.0110737	0.115703	0.0230622	0.00608339	0.0254835	0.0110423	0.0124704	0.0311632	0.014432	0.118456	0.00784513	0.0488868	0.116449
97	Y	3.2332	0.00268336	0.0193266	0.00939687	0.175106	0.0818991	0.0309434	0.112074	0.00969283	0.00446598	0.0282595	0.010347	0.00679463	0.00828447	0.180677	0.00630582	0.00453294	0.00540267	0.0116848	0.011634	0.249603	0.0308866
98	K	3.3431	0.00463488	0.0211079	0.0495062	0.0167487	0.0292099	0.0181226	0.0560544	0.00854569	0.16713	0.0183575	0.0265355	0.00681715	0.0113708	0.163639	0.282267	0.0290145	0.0136599	0.0053013	0.0641468	0.00353624	0.00429347
99	R	3.0743	0.0162708	0.132455	0.00648139	0.0499853	0.0157784	0.00678775	0.0218984	0.00620631	0.0113722	0.0165024	0.0125713	0.0143246	0.0318198	0.00558479	0.323835	0.00428504	0.0173357	0.00977496	0.0186232	0.0284981	0.249609
100	V	3.38042	0.295199	0.00977526	0.00127194	0.00655006	0.00147758	0.0171499	0.0600645	0.0096113	0.0144781	0.022187	0.0479053	0.0666619	0.114539	0.106206	0.00764145	0.0401115	0.0829481	0.0842861	0.00733449	0.00276526	0.00183536
101	D	3.27163	0.0276009	0.0174423	0.201814	0.0490128	0.00351796	0.0118513	0.0662816	0.00787929	0.00290933	0.0119548	0.0141542	0.0390415	0.18663	0.049862	0.0106289	0.00947844	0.251389	0.0122269	0.00918101	0.00579939	0.0113454
102	R	2.97098	0.00563237	0.0160095	0.00680818	0.00649521	0.00854951	0.0029046	0.222042	0.00582366	0.0228625	0.211857	0.00840646	0.00376427	0.012361	0.0247999	0.311278	0.0210326	0.0073483	0.0295014	0.0179494	0.0257049	0.0288692
103	K	3.05379	0.0183201	0.010687	0.00982745	0.0288429	0.00783557	0.00561657	0.00464589	0.0282436	0.209912	0.00314425	0.0402183	0.348643	0.00207285	0.00828786	0.00599555	0.0120462	0.0620167	0.128848	0.00794015	0.0215292	0.0353267
104	W	2.94078	0.0171881	0.0224861	0.0133256	0.00737054	0.401629	0.00680672	0.0297012	0.0134862	0.00746922	0.0126103	0.00698432	0.0211757	0.00257171	0.007064	0.00262867	0.0214815	0.021246	0.00636982	0.131741	0.0665635	0.180101
105	M	3.50414	0.0628155	0.0111118	0.0159953	0.0127449	0.0270179	0.00216998	0.0525355	0.0372142	0.125347	0.0346443	0.247905	0.173468	0.00729738	0.0808173	0.0217196	0.00361969	0.00463804	0.0103846	0.0155871	0.0168886	0.0360776
106	R	3.19633	0.015692	0.0112401	0.0308165	0.065382	0.0151255	0.0047546	0.0127469	0.0958513	0.0527326	0.0108129	0.029141	0.00975802	0.013872	0.0149253	0.433867	0.0227361	0.071955	0.0125226	0.031174	0.0194755	0.0254187
107	E	0.561093	0.000418591	0.00143171	0.934599	0.0256141	0.00128071	0.00030306	0.00169714	0.000551867	0.00159822	0.000711756	0.00309094	0.00730402	0.000965112	0.00254326	0.00118803	0.000982618	0.00308426	0.000450681	0.00653176	0.00252679	0.00312651
108	L	3.4705	0.0615162	0.0165744	0.0130506	0.0701589	0.0390002	0.0142548	0.0103052	0.0499163	0.0132469	0.363843	0.0172416	0.0178043	0.0329618	0.0739629	0.00873928	0.0790474	0.0168658	0.00755057	0.0352144	0.016709	0.0420369
109	V	1.87207	0.0236848	0.716485	0.00545271	0.0309649	0.00955166	0.00938036	0.00560557	0.0213099	0.031761	0.0248619	0.00634077	0.00226289	0.00770771	0.00154306	0.00205151	0.0051024	0.00766456	0.0755259	0.00667162	0.00445369	0.00161823
110	L	2.85825	0.00434248	0.0114429	0.0279819	0.00326375	0.00809256	0.0127351	0.00528484	0.0199844	0.227878	0.197544	0.016436	0.00263397	0.340578	0.0162146	0.0156467	0.00504676	0.0307881	0.0158836	0.00143254	0.00665269	0.0301372
111	Y	2.93768	0.0047411	0.0044845	0.00476187	0.0012392	0.00433318	0.0170498	0.00555732	0.013906	0.0036422	0.0136346	0.128523	0.00658204	0.0229412	0.0785721	0.00111549	0.00670019	0.361597	0.047235	0.163501	0.105803	0.00408043
112	D	3.36503	0.0223091	0.0163644	0.279517	0.0338883	0.00895183	0.016586	0.015258	0.0178354	0.018659	0.0845956	0.0115853	0.123393	0.0126166	0.0327699	0.0176024	0.0176505	0.0285057	0.213612	0.0048618	0.0138284	0.00960945
113	K	2.98808	0.0219681	0.0206145	0.0967222	0.0305288	0.0182781	0.00874009	0.0108092	0.015043	0.4958	0.0230445	0.0141033	0.0305082	0.00770828	0.0354826	0.0477664	0.0203849	0.00405945	0.0199248	0.0183197	0.00793923	0.0522548
114	E	3.04708	0.00236631	0.0131622	0.0466777	0.313528	0.0553488	0.00436853	0.00257644	0.0682594	0.0674874	0.013668	0.0127382	0.00706729	0.0115979	0.0165954	0.00274344	0.0210719	0.00887599	0.00671208	0.0405024	0.275605	0.0090468
115	E	2.53632	0.0131982	0.0146384	0.0725738	0.60297	0.0173265	0.00890474	0.00902817	0.0216906	0.0186111	0.00623911	0.0285102	0.0169063	0.00549701	0.0161349	0.0623922	0.0150819	0.018735	0.0164783	0.0117905	0.0100117	0.0132815
116	I	3.26694	0.0159637	0.0196144	0.0882289	0.0279563	0.0559269	0.0159702	0.00940416	0.376039	0.0112528	0.0104731	0.00812289	0.153148	0.014106	0.0259155	0.00906219	0.0186847	0.025089	0.0479013	0.00886521	0.00959082	0.0486846
117	R	3.45939	0.0496823	0.0530082	0.00483302	0.0573635	0.00828655	0.0174425	0.020257	0.187979	0.0176529	0.00864566	0.0129308	0.006905	0.00136721	0.0217189	0.238263	0.152378	0.0155491	0.0114555	0.0378597	0.0164483	0.0599735
118	R	3.62035	0.0173021	0.00770588	0.0204252	0.0223339	0.0096594	0.0252059	0.0206697	0.148966	0.0407722	0.113503	0.0323661	0.0132042	0.0428488	0.0632008	0.275824	0.0442481	0.0205484	0.0259942	0.0294283	0.00673873	0.0190552
119	I	3.5289	0.00865218	0.00865378	0.0584937	0.0161299	0.0181452	0.131301	0.0427515	0.286496	0.00704018	0.0123208	0.139186	0.0231955	0.0217911	0.0307196	0.00683957	0.0135191	0.0339603	0.0112478	0.0242033	0.0533602	0.0519931
120	W	3.55324	0.0509089	0.112494	0.0512095	0.0193266	0.00702805	0.00377034	0.0157899	0.0136882	0.0202452	0.0278277	0.0510572	0.012369	0.0538472	0.104119	0.0227561	0.0126624	0.0204895	0.0335639	0.313336	0.00883354	0.0446782
121	R	3.26725	0.0653037	0.0287923	0.0209897	0.0246722	0.0148038	0.0531868	0.203928	0.0109748	0.0202148	0.030172	0.0104803	0.0238508	0.0082155	0.0118811	0.345718	0.0637704	0.0287751	0.0131539	0.00569161	0.00756845	0.00785614
122	Q	0.669319	0.000695946	0.00172407	0.000915392	0.000436914	0.00507562	0.000187645	0.0195229	0.00848229	0.0020535	0.00700602	0.00175589	0.00327562	0.000615566	0.0185868	0.00131106	0.000545692	0.00317511	0.919949	0.00153177	0.00303374	0.000119636
123	A	2.55892	0.267653	0.00369614	0.00962429	0.0130437	0.0130249	0.456849	0.0179167	0.0248181	0.0126425	0.00398823	0.00786561	0.0789194	0.0130001	0.00447401	0.0196091	0.00836519	0.012016	0.0115198	0.00749621	0.00362999	0.00984773
124	N	2.84921	0.012253	0.00325255	0.0428732	0.0553887	0.0183605	0.000552425	0.00242302	0.0552592	0.0123982	0.0128536	0.00614675	0.185816	0.0277158	0.0108896	0.00648528	0.061958	0.0228538	0.00858616	0.00265502	0.442093	0.00918613
125	N	3.74297	0.00961362	0.0256049	0.0262195	0.00579667	0.136367	0.0206336	0.00672535	0.0378161	0.0230603	0.0345488	0.0387552	0.230792	0.0221114	0.0129486	0.0422564	0.0216013	0.0270676	0.0663566	0.015061	0.0923419	0.104322
126	G	3.01136	0.0123137	0.00418089	0.0064003	0.00176047	0.0128869	0.153398	0.0149343	0.0109662	0.00486443	0.24436	0.23445	0.00953127	0.0132495	0.0041175	0.171383	0.00955879	0.0220058	0.0414006	0.0245817	0.000954773	0.00270201
127	D	3.72167	0.00174614	0.00345432	0.123821	0.00911755	0.108235	0.0222713	0.0679858	0.0243189	0.10687	0.0304079	0.0584206	0.00811949	0.0146286	0.00109295	0.04196	0.109334	0.0646609	0.158252	0.00673332	0.0217741	0.0167962
128	D	2.47261	0.10864	0.00122198	0.0286513	0.0172028	0.00296411	0.0159968	0.539044	0.00392874	0.00439797	0.00646011	0.0319572	0.00057559	0.00571959	0.0048478	0.00612404	0.0533032	0.115254	0.00236659	0.0429806	0.00768002	0.000683374
129	A	2.82624	0.122059	0.134109	0.00831167	0.0241205	0.00740908	0.0418557	0.00212393	0.0101742	0.455703	0.00849818	0.00525789	0.00165393	0.00387174	0.0159741	0.0388295	0.032143	0.050911	0.0132634	0.018576	0.0014552	0.00369987
130	T	3.3819	0.0158396	0.0172655	0.0187856	0.0325047	0.0181127	0.0088297	0.0453314	0.00565193	0.0120142	0.0547087	0.127859	0.0245463	0.010981	0.00861011	0.0146225	0.0707279	0.336751	0.122401	0.0116177	0.0335246	0.00931522
131	A	3.33897	0.299629	0.00828076	0.0133452	0.0253659	0.0106544	0.0555443	0.030974	0.0163489	0.00657725	0.0027181	0.0213051	0.0434223	0.152223	0.00673175	0.0105368	0.169488	0.0169987	0.0561713	0.0149915	0.0107098	0.0279834
132	G	2.93088	0.0124635	0.00534244	0.0378507	0.0200388	0.0063162	0.219263	0.00377918	0.423126	0.0166539	0.0111844	0.00882996	0.0577411	0.0228645	0.0147349	0.0288616	0.0395136	0.00790816	0.0284388	0.00668292	0.0120726	0.016334
133	L	1.70225	0.0378937	0.00315068	0.00205339	0.0119356	0.0020322	0.014583	0.00159694	0.722545	0.000816664	0.109003	0.0356508	0.00293533	0.00583094	0.00279242	0.00183691	0.015495	0.0107029	0.00219265	0.00333344	0.00316377	0.010456
134	T	3.25988	0.0473169	0.0619246	0.00472559	0.0174788	0.0202824	0.00858737	0.00572279	0.0109431	0.00908481	0.0633161	0.0274294	0.0243094	0.0387749	0.0059586	0.0331614	0.144085	0.389491	0.0177429	0.0129413	0.0176152	0.0391082
135	H	3.48902	0.0119118	0.0142477	0.0509848	0.023125	0.0343685	0.0186557	0.371586	0.00408476	0.0559859	0.0164806	0.0216559	0.0835041	0.0473072	0.0501245	0.0226809	0.0178076	0.0207806	0.0221991	0.00958468	0.0462416	0.0566831
136	M	3.4027	0.051609	0.00864248	0.00365677	0.0503555	0.134685	0.0822108	0.0741635	0.0120495	0.00442128	0.00414069	0.325375	0.0105996	0.0134814	0.0476714	0.00444706	0.0448064	0.0217318	0.0345037	0.0144362	0.0498836	0.00712904
137	M	2.78799	0.0015717	0.00570291	0.00440352	0.0126918	0.00715996	0.00520192	0.00418053	0.0493172	0.257614	0.00261951	0.318727	0.00421097	0.0419125	0.00860397	0.0146117	0.00558418	0.00599481	0.0442585	0.0137932	0.00363109	0.18821
138	I	2.66299	0.00529003	0.00596508	0.0231263	0.011186	0.0152934	0.00673907	0.0112976	0.570008	0.029196	0.0214052	0.0318491	0.0106683	0.0907433	0.0214008	0.005307	0.0375314	0.0223649	0.00939427	0.0208131	0.011239	0.0391817
139	W	3.38944	0.0406603	0.0127614	0.0120935	0.018056	0.0212752	0.0464048	0.014324	0.0250768	0.0326237	0.0353927	0.0479202	0.0543044	0.0489483	0.0102383	0.00452964	0.00674083	0.176887	0.0116508	0.341729	0.0271453	0.0112382
140	H	3.60048	0.0645105	0.0482222	0.12896	0.0102271	0.0138054	0.0149577	0.296999	0.0915856	0.029474	0.00784355	0.0286937	0.0573884	0.0233023	0.0273041	0.00983558	0.00661937	0.0398882	0.0235761	0.0240445	0.0102921	0.0424709
141	S	3.17509	0.0459812	0.0397322	0.0110812	0.00658486	0.279923	0.0180723	0.00731191	0.00798813	0.0284248	0.00385386	0.0122552	0.012456	0.0866393	0.00998945	0.00693088	0.28346	0.0196059	0.0120384	0.0269548	0.0113617	0.0693543
142	N	3.02848	0.0160283	0.0127927	0.0245526	0.0172608	0.0137631	0.0169636	0.0882216	0.0114564	0.0486922	0.0234258	0.088495	0.479117	0.00777713	0.00997512	0.00613789	0.0184693	0.0146428	0.0376226	0.021135	0.0158801	0.0275906
143	L	3.05242	0.00854751	0.00701357	0.00626066	0.00352821	0.0110138	0.0303986	0.0228924	0.0181379	0.0646035	0.251598	0.0360164	0.0125045	0.0581493	0.00390103	0.0202674	0.344972	0.00788094	0.018736	0.063203	0.00604001	0.00433523
144	N	2.76907	0.292559	0.00893713	0.0161219	0.0148899	0.0131289	0.00925297	0.0121198	0.0485672	0.0273778	0.0163023	0.0704427	0.389118	0.00422959	0.00723844	0.00666775	0.00435407	0.0218038	0.00377774	0.0109754	0.015106	0.00702939
145	D	3.05832	0.0455461	0.0084157	0.379866	0.0374971	0.010605	0.0154246	0.0112767	0.00422426	0.00636651	0.0436785	0.183655	0.0140512	0.00471219	0.00529434	0.107412	0.00372515	0.0633656	0.0188159	0.0140123	0.00879635	0.0132603
146	T	1.54539	0.763627	0.00559707	0.0185902	0.0107847	0.00229138	0.00278224	0.0025491	0.00206606	0.0217245	0.0024549	0.0099315	0.00146042	0.00100002	0.0113513	0.000289069	0.0336656	0.0851532	0.000726606	0.0122241	0.00280011	0.00893065
147	T	3.07908	0.00215818	0.108485	0.0077759	0.0133801	0.0100152	0.00802096	0.0178591	0.269365	0.00666951	0.0170516	0.0149121	0.0542242	0.0131093	0.00998546	0.00408003	0.00244584	0.271326	0.0286172	0.11539	0.00580985	0.01932
148	Y	2.97956	0.0329347	0.0178907	0.0438034	0.0117086	0.0168023	0.007377	0.0459607	0.0164842	0.0127333	0.00264255	0.0403397	0.074986	0.0361691	0.0103258	0.0201954	0.00302569	0.0514541	0.00619594	0.0202769	0.497385	0.0313087
149	Q	2.9939	0.0484986	0.0102466	0.0160683	0.0117386	0.0128187	0.0131524	0.0147616	0.00608479	0.0512851	0.0175489	0.021677	0.0203212	0.0193993	0.496494	0.0210728	0.0121428	0.0230506	0.0844017	0.00695557	0.0374708	0.054811
150	R	3.13803	0.0921205	0.0462822	0.0378899	0.026609	0.0102701	0.00928299	0.0251937	0.00858055	0.0234899	0.0132931	0.0194771	0.00852359	0.174401	0.0153095	0.392549	0.00410708	0.00552604	0.00434883	0.0287274	0.0340241	0.019995
151	T	2.68235	0.0284153	0.0310411	0.0437134	0.146182	0.0108654	0.00994204	0.0209554	0.0109845	0.018436	0.00816238	0.019796	0.00885225	0.0196292	0.0117521	0.025406	0.00761416	0.537062	0.00380908	0.0206324	0.0106044	0.00614434
152	R	2.44517	0.00206253	0.0127185	0.00882767	0.0270631	0.0107412	0.00169083	0.0110013	0.00810586	0.0219806	0.0566512	0.0152876	0.00396743	0.0443583	0.0291346	0.621741	0.025836	0.0326068	0.0152216	0.0185092	0.00562278	0.0268718
153	A	3.09315	0.469618	0.00315335	0.0170987	0.0429075	0.0157349	0.0169617	0.00280954	0.0245018	0.0355536	0.0286566	0.00708891	0.0109373	0.0264127	0.0450168	0.0125317	0.0580935	0.0599054	0.0166916	0.00497424	0.0604653	0.0408871
154	L	2.46868	0.00359775	0.0054694	0.0103019	0.00567056	0.00266707	0.00520522	0.00358764	0.43202	0.0187773	0.312365	0.0250826	0.00655819	0.0131603	0.0163797	0.00545009	0.00146409	0.0161456	0.0155384	0.0762938	0.0146433	0.00962181
155	V	2.6997	0.0139557	0.0120699	0.0384864	0.00614203	0.00704894	0.102735	0.0020811	0.0612126	0.00838789	0.0244601	0.0199172	0.0435717	0.00391314	0.0107668	0.0063424	0.0324198	0.0201053	0.541967	0.0147633	0.00468296	0.0249708
156	R	2.69411	0.034575	0.0624283	0.00750741	0.0483775	0.0086416	0.0113435	0.0427898	0.032668	0.00388824	0.00897285	0.0053981	0.00783639	0.0186574	0.00426011	0.555551	0.0206037	0.012927	0.069394	0.0223078	0.0164377	0.00543416
157	T	3.34667	0.0761716	0.0093298	0.00397638	0.0297142	0.00478214	0.0145811	0.0213833	0.00203005	0.0791779	0.00962011	0.0141795	0.0217556	0.0247286	0.07483	0.0713114	0.131472	0.338734	0.0349546	0.00861724	0.0222581	0.00639167
158	G	2.70437	0.0125131	0.00604923	0.00373705	0.00455065	0.0481232	0.558441	0.0141541	0.00532397	0.0169481	0.0345435	0.0101887	0.0358177	0.0466968	0.0174666	0.00779011	0.0558048	0.0110235	0.00545886	0.0146878	0.0511905	0.0394908
159	M	3.11839	0.023386	0.0365399	0.0032651	0.00718289	0.0157932	0.00871158	0.0175275	0.0300212	0.0445	0.24038	0.339921	0.00197538	0.0102235	0.0427726	0.0498458	0.000739265	0.047979	0.0091704	0.00948491	0.0560388	0.00454193
160	D	2.93194	0.006695	0.0582509	0.447514	0.0136698	0.00810369	0.0190274	0.00540565	0.0225585	0.0180814	0.0193793	0.0036604	0.00427167	0.00694351	0.024796	0.0210551	0.00811001	0.0137792	0.152172	0.00831594	0.0464925	0.0917182
161	P	2.67507	0.460048	0.00455233	0.00418252	0.00219146	0.000736981	0.0730834	0.0097276	0.00834523	0.0195224	0.0173328	0.0015745	0.00754583	0.220897	0.0167113	0.0168539	0.0434849	0.0178301	0.0308392	0.00591096	0.00698295	0.0316469
162	R	2.95154	0.0065565	0.00130567	0.00545341	0.0171673	0.177551	0.0684051	0.0064537	0.00289556	0.0136791	0.00388892	0.01209	0.00844894	0.0693689	0.0237024	0.381195	0.00319126	0.0124604	0.00842958	0.0736256	0.00199215	0.10214
163	M	3.39888	0.00401174	0.0648027	0.00544488	0.00803158	0.00315848	0.0180623	0.00457233	0.163809	0.0449598	0.0205255	0.269798	0.00684286	0.0044368	0.0407889	0.0122128	0.0174566	0.0582195	0.13978	0.00980041	0.0542111	0.0490747
164	C	2.57887	0.459121	0.189562	0.00145971	0.00070499	0.00255228	0.00786706	0.0134694	0.0139977	0.00129056	0.00722153	0.00339153	0.0059017	0.0434962	0.0294897	0.0237713	0.0161356	0.0299578	0.139782	0.00545839	0.00409074	0.00127929
165	S	2.64054	0.0331759	0.136869	0.00210645	0.0126057	0.00178259	0.0357603	0.0013437	0.00133433	0.00116746	0.00411666	0.00485681	0.442863	0.0128395	0.00114729	0.00866841	0.187307	0.0268529	0.0551303	0.0100044	0.00550147	0.0145672
166	L	3.14745	0.00225818	0.00851631	0.0542743	0.00827289	0.00325876	0.00500816	0.127171	0.0108633	0.00416155	0.319028	0.220019	0.0116715	0.0365483	0.00785912	0.00746853	0.0290509	0.0125539	0.044676	0.0274586	0.0337225	0.0261599
167	M	2.84221	0.0109287	0.0151785	0.0110611	0.00788296	0.0460846	0.0445545	0.0138563	0.0285389	0.0113845	0.173926	0.472614	0.0121199	0.00442981	0.0360151	0.0172267	0.00675033	0.00653636	0.0048343	0.00741457	0.051406	0.0172562
168	Q	3.11777	0.0395444	0.0326677	0.0147873	0.0165224	0.0034511	0.00593171	0.0329967	0.00247904	0.0410352	0.010396	0.00968443	0.0190234	0.00679414	0.27872	0.0120192	0.311647	0.0325519	0.0122654	0.00362717	0.0431251	0.0707301
169	G	2.5514	0.023264	0.0477217	0.00935362	0.0168266	0.00873595	0.568761	0.0202385	0.00758358	0.00810179	0.0179856	0.0185549	0.00577863	0.041426	0.0062078	0.0301547	0.00555224	0.0101199	0.127287	0.00589999	0.00758098	0.012866
170	S	2.69062	0.0124386	0.00649299	0.0134401	0.0126031	0.0536596	0.0124147	0.0117258	0.0203316	0.00874405	0.0438606	0.0165332	0.0237668	0.0213634	0.0377361	0.0745957	0.568658	0.0161175	0.00939188	0.0162503	0.00478119	0.015095
171	T	2.97121	0.0131508	0.0176978	0.0175291	0.015377	0.00752104	0.0616823	0.0184505	0.0361419	0.0150528	0.104431	0.0152647	0.00819122	0.00757577	0.0120281	0.0294834	0.0188457	0.48455	0.0728734	0.00966545	0.00887555	0.0256127
172	L	2.74896	0.0350931	0.110151	0.00402784	0.00376374	0.00696316	0.0377475	0.00798734	0.0277148	0.0886006	0.515941	0.0337402	0.0170773	0.0139596	0.0255175	0.00751411	0.0292712	0.00989016	0.00614423	0.00600576	0.00842147	0.00446857
173	P	3.18586	0.175536	0.00628288	0.0178015	0.00160717	0.0134846	0.00259126	0.00327615	0.0268612	0.0232369	0.0219312	0.0322965	0.0551592	0.383046	0.0211437	0.0278148	0.0650671	0.0534073	0.0117519	0.00844872	0.0217387	0.0275171
174	R	2.41047	0.00788906	0.0137988	0.0048751	0.0267953	0.00371331	0.00614983	0.00358594	0.0140914	0.00475215	0.0150584	0.0216321	0.00290764	0.00443776	0.0151669	0.471329	0.00573918	0.302119	0.0215546	0.0186755	0.00911134	0.0266176
175	R	2.84875	0.0510765	0.0117041	0.122181	0.0221294	0.0399545	0.0125996	0.00690854	0.00403546	0.0170597	0.00243177	0.0454606	0.00812712	0.0115771	0.0146914	0.507587	0.0255471	0.0158428	0.0201573	0.0351523	0.015125	0.0106523
