#SITE	WT_AA	SITE_ENTROPY	PI_A	PI_C	PI_D	PI_E	PI_F	PI_G	PI_H	PI_I	PI_K	PI_L	PI_M	PI_N	PI_P	PI_Q	PI_R	PI_S	PI_T	PI_V	PI_W	PI_Y	PI_*
1	M	3.40241	0.0245846	0.03062	0.023173	0.0410712	0.0201648	0.0159316	0.0536382	0.0451624	0.0452673	0.0378437	0.427781	0.0293627	0.0202085	0.0283796	0.0163147	0.0151183	0.0253997	0.0172788	0.028807	0.0320924	0.0218003
2	A	1.58613	0.78202	0.00761846	0.0137058	0.017007	0.00969331	0.0258612	0.00304828	0.00614309	0.00488142	0.00256576	0.0457501	0.0060655	0.00240174	0.00631191	0.00138729	0.00516726	0.00853842	0.0263673	0.00940175	0.00588287	0.0101815
3	S	3.43958	0.0890023	0.00365581	0.00404019	0.00263801	0.0828713	0.00459909	0.0386762	0.0467831	0.00223153	0.0799333	0.0193323	0.0919498	0.00817394	0.00531019	0.0170949	0.287563	0.0707951	0.024742	0.0939678	0.0250424	0.00159772
4	Q	3.50694	0.00691979	0.0273848	0.0240829	0.0161684	0.170992	0.0262438	0.0508668	0.0113312	0.0293774	0.260575	0.0489864	0.0879224	0.000136921	0.00590182	0.000810901	0.0422575	0.0176419	0.0325307	0.107368	0.0203922	0.0121084
5	G	3.05647	0.175514	0.0585257	0.0135688	0.0022444	0.000509812	0.131091	0.02165	0.00305239	0.00331786	0.00287421	0.0151748	0.0836188	0.258377	0.000535901	0.142002	0.0755026	0.000286282	0.00150039	0.00374523	0.00507326	0.00183673
6	T	1.36034	0.00550009	0.00745213	0.00727224	0.00707769	0.00742811	0.00461622	0.0138032	0.00604447	0.00466238	0.0329942	0.022275	0.00708515	0.0124338	0.00450775	0.00343065	0.0029364	0.824765	0.0053545	0.0142672	0.00278234	0.00331103
7	K	1.17025	0.00244041	0.00857196	0.00384664	0.0114368	0.00580826	0.00257097	0.00460944	0.0116834	0.852794	0.00210084	0.0145653	0.0314535	0.000857716	0.00948354	0.00669477	0.00193145	0.00203495	0.00410495	0.0109847	0.00539832	0.00662831
8	R	1.58467	0.00563392	0.0329198	0.0120021	0.00864758	0.00976369	0.0395268	0.00378402	0.00869564	0.00592484	0.00623858	0.0162715	0.00715305	0.00654569	0.00637369	0.784429	0.00302108	0.00265034	0.00419566	0.0243404	0.0050211	0.00686141
9	S	0.873881	0.000116003	0.00476783	0.000270144	0.000472709	0.00254739	0.000629896	1.90602e-05	0.00161251	0.00113887	0.0851412	0.0147238	0.860329	0.000895297	0.000299382	0.000264435	0.0170792	0.000261928	0.000139993	0.000788262	0.00701209	0.0014908
10	Y	1.42244	0.0216517	0.000626224	0.000561148	0.00054057	0.000783991	0.000369691	0.00415169	0.0175979	0.781659	0.00819585	0.0125889	0.00090919	0.0176333	0.00239782	0.0011112	0.00175272	0.00214716	0.00653147	0.026237	0.0841655	0.00838801
11	E	2.36	0.00698158	0.0118688	0.0616674	0.219697	0.00894055	0.00783196	0.00491145	0.00682472	0.0072733	0.0321509	0.00636778	0.00357748	0.00318247	0.00314329	0.00117013	0.0240738	0.00893241	0.00276819	0.00422324	0.05041	0.524003
12	Q	2.55237	0.00141865	0.0157704	0.000979501	0.00459503	0.000734216	0.000412459	0.21227	0.00541869	0.210969	0.0180305	0.00164021	0.0148022	0.000361657	0.0184703	0.18071	0.0060023	0.00139886	0.00516184	0.000995278	0.000343158	0.299515
13	M	1.7597	0.00421849	0.00433551	0.0438175	0.0134932	0.0200983	0.00582372	0.00409235	0.0526294	0.0101637	0.00468242	0.745068	0.00233294	0.00863446	0.00367753	0.00411854	0.0302412	0.00388043	0.00648464	0.0108634	0.00473237	0.0166118
14	E	3.09714	0.0103554	0.0426411	0.0829573	0.382657	0.0873115	0.146388	0.00159071	0.0237062	0.0789948	0.00802207	0.0132818	0.0199674	0.000727534	0.0118502	0.0202575	0.00540359	0.0235543	0.00403782	0.0263887	0.0026101	0.00729649
15	T	2.52999	0.00329052	0.0123672	0.0450658	0.00690164	0.0152563	0.0151835	0.0102491	0.0132925	0.0169511	0.0137843	0.0450772	0.0431014	0.00424539	0.00681847	0.00245542	0.00863643	0.582233	0.0995776	0.0140592	0.00907244	0.0323815
16	D	3.04305	0.0303917	0.0155145	0.339957	0.0288051	0.0114503	0.16579	0.206808	0.0218004	0.0128734	0.0113164	0.0437814	0.00986963	0.0222001	0.00639152	0.00837621	0.00419294	0.00412123	0.00317836	0.00976634	0.00727277	0.0361422
17	G	0.429848	7.85986e-05	0.950193	0.000246896	0.001512	0.000360442	0.016491	0.000181258	0.000118084	0.0034252	0.000188918	0.000779364	0.00153933	0.00071075	0.000750071	0.000616781	0.00168957	0.00122938	0.0005422	0.00586531	0.0133817	0.000100061
18	E	3.44778	0.019086	0.0583377	0.0407279	0.231583	0.00499818	0.0615008	0.175566	0.117097	0.0247676	0.00335183	0.00800817	0.0151487	0.0486608	0.00920656	0.00537904	0.00105325	0.0864043	0.0721377	0.0103754	0.00308207	0.00352767
19	R	2.20229	0.0135912	0.0231069	0.0155629	0.0103946	0.0110597	0.0051323	0.0384706	0.00666806	0.00718442	0.00444924	0.0815668	0.00727086	0.00232118	0.0802984	0.642834	0.00461333	0.0159898	0.00476594	0.0125086	0.00823759	0.00397413
20	Q	1.21741	0.000365023	0.000128809	0.000529052	0.00106047	0.000539548	0.00104549	0.000620325	0.000478874	0.000571605	0.000274505	0.00311012	0.02418	0.770602	0.108133	0.00334955	0.0801464	0.000370367	0.00153499	0.00241891	0.000299484	0.000241564
21	N	2.7097	0.00125791	0.0212505	0.0422564	0.0158308	0.0692157	0.000256176	0.00888979	0.00700903	0.170037	0.0050886	0.0360677	0.0112092	0.48368	0.00169188	0.00103546	0.0154403	0.0268115	0.00345303	0.0471439	0.0203845	0.0119905
22	A	2.38194	0.197885	0.000993547	0.000883629	0.0294288	0.000648835	0.00728793	0.000711696	0.0202051	0.308701	0.00155636	0.00513064	0.00583163	0.00807735	0.000361508	0.351872	0.00109743	0.0187631	0.00866996	0.00429615	0.000902029	0.0266969
23	T	2.70681	0.0189961	0.10838	0.0158831	0.00248152	0.00501072	0.020083	0.396586	0.00213887	0.00454731	0.00995244	0.000783262	0.00367987	0.00114824	0.0544476	0.00620738	0.189626	0.138339	0.00344736	0.0029648	0.00902657	0.00627084
24	E	2.74266	0.00940774	0.0485745	0.0202246	0.513183	0.00943884	0.0268345	0.0111368	0.00996499	0.012211	0.0243159	0.0159538	0.0215587	0.00173773	0.140617	0.0190613	0.014127	0.00502981	0.070433	0.0117607	0.00538184	0.00904649
25	I	0.690853	6.98548e-05	0.000352695	0.00136854	0.00059515	0.00753626	0.0010438	0.000731297	0.0221719	0.00299871	0.000773844	0.0532596	0.00118167	0.000521284	0.900905	0.000254789	0.00017786	0.00081176	0.00175344	0.000845963	0.000282669	0.00236372
26	R	0.777953	0.0005957	0.00061668	0.00405772	0.000529521	0.0211259	0.000103196	0.00109578	2.96013e-06	0.0184476	0.000240707	0.0135616	0.00481369	0.000603003	0.00419844	0.0147008	0.90225	0.000469063	0.00104462	0.00343238	0.00726479	0.000846166
27	A	2.59211	0.186973	0.00347792	0.0023662	0.00289094	0.00332843	0.00299055	0.158456	0.00621612	0.311253	0.0117266	0.0209032	0.00447668	0.00236162	0.00364996	0.00934391	0.241638	0.00204654	0.0187325	0.00186103	0.00301473	0.00229281
28	S	1.9536	0.0206342	0.00278976	0.00858257	0.00510624	0.00709072	0.00844014	0.00604772	0.00433718	0.00457746	0.00405606	0.00662111	0.0165812	0.000783818	0.640709	0.0386082	0.170339	0.000721146	0.00184193	0.00325269	0.00283773	0.0460422
29	V	2.65194	0.00788807	0.026438	0.00572315	0.0040235	0.040637	0.00598771	0.00238508	0.0308377	0.00323218	0.00501896	0.247375	0.00361648	0.0181128	0.0038239	0.00698117	0.322864	0.00571697	0.240322	0.0118196	0.00342273	0.00377343
30	G	2.22652	0.00352231	0.277043	0.00120382	0.015309	0.00106318	0.119894	0.00141338	0.00207127	0.00202958	0.00118724	0.0123146	0.0181875	0.00609199	0.0517121	0.0103306	0.00188877	0.462882	0.00106444	0.00767086	0.00216525	0.00095584
31	K	1.81934	0.00105786	0.00265131	0.000424065	0.00798363	0.00169717	0.000223298	0.000577067	0.000205755	0.0447393	0.00395455	0.0401376	0.382605	0.00332028	0.00239551	0.475721	0.00110443	0.0267928	0.000296194	0.000892935	0.00267419	0.000546714
32	M	2.61949	0.00136649	0.00436483	0.01939	0.0151661	0.0067825	0.161196	0.00409385	0.0205535	0.0114637	0.00116557	0.311531	0.055022	0.0136028	0.00122117	0.0125086	0.0111579	0.332344	0.00360871	0.00400984	0.00376589	0.00568548
33	I	2.67763	0.00899614	0.0191842	0.0242915	0.273363	0.0116426	0.00856547	0.00934417	0.360906	0.0058308	0.00516645	0.171439	0.00524948	0.00397293	0.00408252	0.00109473	0.00751506	0.0144883	0.0325112	0.020363	0.00735866	0.0046344
34	D	3.30419	0.126083	0.104286	0.100294	0.10674	0.000897867	0.00274074	0.00162038	0.197879	0.002842	0.000652802	0.104262	0.003606	0.00321648	0.00278243	0.00716677	0.0560673	0.016882	0.125451	0.00190048	0.0338815	0.000748706
35	G	2.69323	0.0219447	0.0154129	0.0121347	0.0121773	0.0909448	0.550212	0.00779469	0.00900385	0.0124474	0.0166638	0.00635464	0.00507934	0.0124317	0.00872367	0.0197755	0.0630317	0.0410655	0.0046953	0.0429671	0.00678737	0.0403522
36	I	0.513103	0.000406669	0.00470372	0.00116289	0.00654535	0.940882	0.000214267	0.000162287	0.0158569	0.00123107	0.00130482	0.00335533	0.000615258	0.00023667	0.00127843	0.00449643	0.000199249	0.000542394	0.000435122	0.0139742	0.00153763	0.000859691
37	G	1.17251	0.0110828	0.0403847	0.0183022	0.00925193	0.00126624	0.0479284	0.00121003	0.000726438	0.00380422	0.000950582	0.00437875	0.000179986	0.00120697	0.00155616	0.000333884	0.0150108	0.000244984	0.830914	0.00961852	0.00111243	0.000535998
38	R	2.5621	0.00275239	0.0302152	0.00970582	0.00626735	0.00532841	0.0419056	0.0041604	0.0135733	0.071563	0.00236473	0.043138	0.00834276	0.00578044	0.509323	0.177925	0.0164908	0.00411141	0.00304177	0.0339051	0.0045723	0.00553273
39	F	1.58613	0.0254878	0.0351783	0.00451543	0.00431192	0.100841	0.00198428	0.00233054	0.00745467	0.007003	0.00257565	0.00466676	0.749636	0.00709629	0.00138821	0.0223853	0.00125416	0.00622283	0.0050799	0.00154366	0.00543138	0.00361224
40	Y	2.56017	0.0678873	0.00774421	0.0136319	0.00984788	0.00528053	0.0122625	0.321308	0.012856	0.00510723	0.00831912	0.00367573	0.0113201	0.0035604	0.0446484	0.0574805	0.0039501	0.00399855	0.00495279	0.00433402	0.392998	0.00483681
41	I	2.00096	0.00260457	0.00308646	0.00203344	0.0029555	0.0341917	0.0024321	0.0109242	0.0781735	0.00129313	0.0200984	0.180675	0.00216027	0.000551826	0.00497969	0.014443	0.607752	0.013302	0.000349189	0.0154188	0.00205419	0.000520047
42	Q	2.61569	0.08059	0.0110154	0.0118582	0.0858995	0.0104953	0.0393012	0.020912	0.0123533	0.0266894	0.0138985	0.0198	0.00774555	0.0239566	0.568386	0.00908984	0.00481647	0.00575614	0.00623777	0.0149963	0.00873441	0.0174683
43	M	3.32374	0.0299726	0.0129163	0.0836309	0.00780313	0.0505339	0.105464	0.0629168	0.035295	0.01536	0.0781346	0.248047	0.00738798	0.00475387	0.00482002	0.00666121	0.00227895	0.214764	0.0053073	0.0105809	0.00629744	0.00707527
44	C	2.56374	0.0459338	0.0860807	0.00917046	0.016036	0.00523725	0.00528831	0.00508032	0.442515	0.00546605	0.00915504	0.00624523	0.0105436	0.00217537	0.0304231	0.00131729	0.24991	0.00229619	0.00618808	0.0524073	0.0052208	0.00331
45	T	2.37438	0.00243149	0.0615991	0.00328619	0.00492498	0.0173168	0.00216884	0.00816218	0.00457294	0.00262414	0.00193547	0.0131978	0.115142	0.00105709	0.0097712	0.00927411	0.512201	0.189597	0.00296194	0.0123745	0.00672198	0.0186797
46	E	1.73196	0.0030935	0.00377112	0.00687277	0.111597	0.229917	0.00117115	0.00481887	0.00200213	0.0063174	0.00231924	0.00151613	0.0041468	0.000259248	0.00306916	0.00168134	0.00215865	0.00459257	0.000523826	0.00550784	0.00219627	0.602469
47	L	2.20678	0.00084207	0.0706355	0.12174	0.0135199	0.0031352	0.000123675	0.0021432	0.0176753	0.00130916	0.0154595	0.00650024	0.000280726	0.47946	0.00214913	0.000473177	0.24445	0.00246564	0.000211709	0.0147227	0.000887616	0.00181518
48	K	3.34315	0.0438898	0.0252477	0.0134891	0.00950156	0.035182	0.276793	0.13737	0.0334747	0.20369	0.0729293	0.011134	0.017321	0.00626866	0.0280053	0.00348016	0.0095247	0.00950777	0.0188716	0.0303231	0.00466295	0.00933443
49	L	0.827747	0.0330785	0.00604018	0.000992039	0.000841228	0.892398	0.000310519	0.00126501	0.00132207	0.00224684	0.0250607	0.00310655	0.00161855	0.0141424	0.00062117	0.00370953	0.000560378	0.00628118	0.00226102	0.00251235	0.00023627	0.00139562
50	S	3.18943	0.0795977	0.00881116	0.0216668	0.0085803	0.00467073	0.281064	0.0776999	0.000194589	0.00150351	0.0122181	0.0607011	0.0133523	0.00632951	0.163363	0.0977739	0.127724	0.00761279	0.0224132	0.000678969	0.00209559	0.00194887
51	D	2.06715	0.0192971	0.000550174	0.0583748	0.0122509	0.000307354	0.509397	0.000878131	0.00268653	0.000528424	0.107833	0.0011362	0.00136934	0.00452068	0.000713394	0.00285335	0.000584401	0.0229705	0.250892	0.000870031	0.000381291	0.00160621
52	Y	2.13826	0.378513	0.000411797	0.000724928	0.0445344	0.0199077	0.00471666	0.000824665	0.000925637	0.000454542	0.0133821	0.0087658	0.00199361	0.00176999	0.000545309	0.0382436	0.0204398	0.00463375	0.000223066	0.00334984	0.0309108	0.424729
53	E	2.94631	0.0310456	0.0162329	0.0915656	0.315406	0.0079749	0.0725753	0.0039135	0.004725	0.0118053	0.00329448	0.0394195	0.00401795	0.00205216	0.0108318	0.0366211	0.0397985	0.0042737	0.00497325	0.00740823	0.00653294	0.285533
54	G	3.03585	0.316066	0.00672383	0.0847634	0.0143755	0.00448601	0.237889	0.0141132	0.00246161	0.00207203	0.00480011	0.0141001	0.0244292	0.0145417	0.00810324	0.0927685	0.0124729	0.0181485	0.0991782	0.0168629	0.00627304	0.00537019
55	R	2.93317	0.00443281	0.00386881	0.0435326	0.00881961	0.00295661	0.00360024	0.0442737	0.00536362	0.0554085	0.00606766	0.00469839	0.00230682	0.380025	0.0433252	0.222033	0.0240005	0.0608761	0.00999807	0.0634175	0.00393853	0.00705704
56	L	3.53557	0.0193184	0.02448	0.00200471	0.253795	0.00339734	0.101677	0.0147283	0.0197931	0.0119689	0.14133	0.0272283	0.127012	0.0155533	0.0860718	0.0199878	0.0202885	0.0427898	0.0164752	0.0143944	0.0278489	0.00985625
57	I	3.27465	0.0274145	0.00244097	0.00561199	0.294298	0.00871621	0.0620892	0.006207	0.19624	0.00550607	0.0743386	0.0235579	0.112195	0.0494344	0.00413445	0.0310496	0.0070043	0.0162265	0.0474557	0.00411747	0.00936413	0.0125976
58	Q	2.85569	0.00916836	0.0087075	0.0800241	0.018861	0.00933181	0.0201401	0.0278957	0.00295928	0.0150766	0.0195847	0.0186959	0.073172	0.0301852	0.517047	0.0142505	0.030685	0.00303751	0.0119182	0.0602423	0.0218795	0.007138
59	N	2.19017	0.147072	0.00279125	0.531865	0.00100823	0.00669515	0.00530053	0.00543593	0.00120733	0.00457819	0.00393041	0.00205619	0.19783	0.0195369	0.00704609	0.0137131	0.000332845	0.0092711	0.0117348	0.0118611	0.00443548	0.0122974
60	S	3.26426	0.00267448	0.0259059	0.0286268	0.00524915	0.0118553	0.0181518	0.0110954	0.0497796	0.02788	0.138337	0.123954	0.0259823	0.00656713	0.0477582	0.0282944	0.361507	0.0412573	0.0243239	0.00673759	0.00984476	0.00421804
61	L	1.06228	0.00311473	0.000685095	0.0038154	0.00431197	0.0627444	0.0001048	0.00148133	0.0098305	0.00219566	0.0135656	0.020673	0.00293029	0.000335558	0.00141325	0.000690961	0.00474345	0.000687554	0.85033	0.00768258	0.00429328	0.0043702
62	T	3.01034	0.0644904	0.00732443	0.04442	0.0845854	0.00589343	0.164589	0.0394223	0.00871334	0.00762785	0.00673499	0.00511722	0.00325245	0.00663698	0.0338971	0.00238178	0.0473307	0.410083	0.0109925	0.0135671	0.0213402	0.0115998
63	I	2.43395	0.0166231	0.0678943	0.000386817	0.00495224	0.00592013	0.0011475	0.00139328	0.0628857	0.00652478	0.0118391	0.380021	0.000899569	0.351405	0.003075	0.00753979	0.00378173	0.00995116	0.000287369	0.0321403	0.0248516	0.00648094
64	E	2.02675	0.000953977	0.00145503	0.0747934	0.145751	0.0259832	0.634298	0.00533593	0.00101138	0.00141308	0.00445156	0.0242934	0.0116092	0.00933037	0.0014972	0.0131961	0.00291066	0.00568675	0.00650482	0.0179795	0.00839117	0.00315419
65	R	2.69409	0.0305498	0.00983759	0.0153193	0.0110998	0.0110161	0.022194	0.0280223	0.00933971	0.232661	0.00829565	0.0184614	0.00750165	0.0501749	0.0144156	0.46995	0.00639375	0.00773635	0.00314591	0.0226649	0.00558234	0.0156379
66	M	3.08201	0.0168292	0.013546	0.0504119	0.016113	0.022645	0.0160017	0.0108377	0.0281499	0.00870854	0.00613246	0.170813	0.269513	0.00262428	0.0112498	0.00582798	0.272205	0.022049	0.0286523	0.0155097	0.00628982	0.00589074
67	V	1.90027	0.00237631	0.00656846	0.0172288	0.0134389	0.00795513	0.0116724	0.0112771	0.0501103	0.00597495	0.00287371	0.0175893	0.716113	0.00137468	0.052967	0.00160921	0.000602077	0.0236804	0.02395	0.00487071	0.00342102	0.0243461
68	L	3.38347	0.00488269	0.0262646	0.015523	0.0349405	0.0358059	0.00655367	0.085406	0.302577	0.0436494	0.215195	0.0309764	0.0241268	0.0155484	0.00601802	0.0208579	0.0437108	0.0240756	0.0238988	0.00722078	0.0281012	0.00466782
69	S	2.98506	0.0124343	0.0723186	0.00821856	0.0177311	0.0154511	0.0980226	0.00615673	0.00482588	0.00788043	0.00908622	0.0114714	0.0138493	0.0913889	0.0117279	0.0174008	0.445229	0.018244	0.00617584	0.00931512	0.0276963	0.0953759
70	A	3.19072	0.394475	0.0636115	0.0641161	0.0112591	0.0107531	0.136378	0.0119368	0.00752202	0.0471042	0.00279031	0.0125745	0.00860296	0.0197182	0.0604513	0.0085888	0.048119	0.0235036	0.0103496	0.043611	0.0100454	0.00448918
71	F	2.78364	0.0578115	0.0219761	0.041687	0.0168045	0.553194	0.0196081	0.0322775	0.0134556	0.0090981	0.00864612	0.0165219	0.0183566	0.00781449	0.00843139	0.0675179	0.0143254	0.0128559	0.0356116	0.0131852	0.0137606	0.0170602
72	D	2.91164	0.01568	0.0400492	0.489105	0.0437363	0.018425	0.0191901	0.00656142	0.0165702	0.114442	0.00379478	0.0140694	0.0471216	0.00251856	0.026627	0.00929164	0.0161778	0.0637837	0.00532335	0.0294558	0.0103214	0.00775622
73	E	1.32211	0.0522405	0.0120783	0.0145655	0.0177351	0.00032484	0.000100062	0.000471254	0.00396278	0.0139811	0.00300334	0.00171732	0.000586242	0.000303457	0.0473194	0.000452157	0.00713781	0.804372	0.00454669	0.0136426	0.000974115	0.000485108
74	R	2.4767	0.00395586	0.0213052	0.0156332	0.0107834	0.0100679	0.00330582	0.0145557	0.00799607	0.0185601	0.0056206	0.0176903	0.0211712	0.00929917	0.343737	0.426247	0.00441015	0.00492204	0.0112586	0.0185446	0.0146802	0.0162552
75	R	0.749173	0.00199401	0.000603801	0.0007915	0.00323071	0.000676372	0.00179331	0.00666285	0.00287675	0.898329	7.26626e-05	0.00605971	0.00725017	0.000479966	0.000410681	0.0469484	0.000210809	0.000575932	0.0183865	0.00166554	0.000704339	0.000276968
76	N	1.70394	0.00101262	0.03113	0.00359747	0.00325356	0.00112778	0.00142962	0.000653686	0.723772	0.00848639	0.0340587	0.0093619	0.0864698	0.000214324	0.00158481	0.00570765	0.00327024	0.0024379	0.0012863	0.0166932	0.0126644	0.0517881
77	K	3.64565	0.111321	0.0139731	0.00253499	0.00373211	0.0203561	0.0083517	0.00994763	0.0326475	0.197799	0.035948	0.0706349	0.081227	0.00605581	0.0969633	0.0741892	0.0244318	0.139061	0.00402077	0.00773545	0.0185686	0.0405006
78	Y	2.63798	0.0129998	0.0119348	0.011174	0.223973	0.0113527	0.00706625	0.0190162	0.0090546	0.00573201	0.00237223	0.0098496	0.0503323	0.0432811	0.0158287	0.00971098	0.00621986	0.00334013	0.00401908	0.0119385	0.473429	0.0573743
79	L	2.72485	0.00371606	0.0138694	0.0184076	0.00528066	0.00857431	0.0341093	0.0413167	0.0946093	0.0203786	0.523379	0.0531487	0.0541435	0.00581955	0.00562121	0.00523724	0.0100871	0.00198274	0.00404769	0.0116638	0.0717399	0.0128671
80	E	3.02068	0.00923602	0.00785831	0.0282886	0.395314	0.0204475	0.0191596	0.00238768	0.0897505	0.0659914	0.0107995	0.00641077	0.0061926	0.00391047	0.0734056	0.00783189	0.00592773	0.0103413	0.0343117	0.0241594	0.172841	0.00543432
81	E	3.02572	0.00793053	0.0734876	0.0987997	0.435741	0.0542808	0.00347171	0.0152244	0.00314818	0.0262494	0.0137154	0.0781055	0.00888635	0.00316727	0.0206245	0.0156497	0.0837265	0.0134561	0.00330838	0.0108427	0.0208539	0.00933051
82	H	1.45161	0.00110983	0.00736986	0.00922427	0.000374968	0.78097	0.000984478	0.00889465	0.000680406	0.000751227	0.000532114	0.00673297	0.0391125	0.000471649	0.0577327	0.00231858	0.00782347	0.00137401	0.0231585	0.0161625	0.034092	0.000128885
83	P	2.89111	0.0119342	0.101996	0.00132806	0.00310825	0.00101472	0.00774799	0.0107969	0.00831178	0.00803114	0.010983	0.292419	0.0125718	0.193995	0.23595	0.0168287	0.016426	0.0112536	0.0040191	0.0137839	0.00121078	0.0362907
84	S	2.09373	0.572205	0.00204801	0.00113378	0.00928133	0.00156274	0.0108022	0.00112588	0.000644178	0.00700438	0.00297903	0.164805	0.0456979	0.00104671	0.00979067	0.00243865	0.121599	0.0249293	0.00147599	0.0183665	0.000672066	0.00039119
85	A	3.34738	0.199645	0.0135709	0.00503838	0.0187865	0.00190873	0.084737	0.0232772	0.143122	0.0183803	0.00421182	0.0142795	0.00235743	0.00620724	0.0185842	0.0220541	0.201793	0.0344478	0.00987844	0.00305658	0.142272	0.0323932
86	G	2.9696	0.011952	0.00448588	0.0211346	0.0137227	0.0163421	0.279855	0.0746743	0.00315758	0.0247544	0.0410074	0.0161068	0.00985102	0.131065	0.00147149	0.293098	0.00229825	0.00589389	0.00386053	0.00727926	0.00254935	0.0354407
87	K	2.40746	0.0121136	0.0199031	0.00679826	0.0428601	0.00430736	0.00442976	0.00448219	0.00801547	0.579342	0.00594301	0.0228955	0.0155416	0.00151045	0.0230299	0.0140254	0.00795353	0.0146207	0.0149231	0.00711338	0.0343053	0.155886
88	D	1.30308	0.0018503	0.00592515	0.0861414	0.00525028	0.000776798	0.00382103	0.000629957	0.0106088	0.00116547	0.000982179	0.0366998	0.79386	0.00854885	0.00171216	0.000273186	0.00328921	0.00123374	0.00545319	0.000513392	0.000352223	0.0309129
89	P	3.25147	0.163867	0.195998	0.0205084	0.00962524	0.00734006	0.0137814	0.000967471	0.00377782	0.00383484	0.0487369	0.00571609	0.00718257	0.166358	0.000822981	0.00604597	0.0367563	0.00844398	0.179556	0.0469813	0.00416923	0.0695314
90	K	2.93483	0.0100849	0.00536234	0.0146798	0.00295896	0.00309158	0.00600087	0.00716371	0.00183574	0.21417	0.0147477	0.0409138	0.00379463	0.00314786	0.0499592	0.258768	0.0818473	0.23877	0.0287628	0.0053814	0.00309914	0.00546022
91	K	2.43006	0.000806786	0.00406616	0.00349389	0.00447058	0.00256918	0.00295423	0.00164042	0.00419837	0.277557	0.000965207	0.00465269	0.0123578	0.0121279	0.0389561	0.290641	0.000911864	0.00617102	0.00228025	0.0117675	0.0291172	0.288294
92	T	2.63568	0.0137577	0.0107029	0.011117	0.0104445	0.0060708	0.0326559	0.00582075	0.0104356	0.00960875	0.0217839	0.0196688	0.0529696	0.00600725	0.0433386	0.042607	0.0138823	0.570482	0.00906252	0.0190692	0.00681628	0.0836988
93	G	2.503	0.0223635	0.00850363	0.0918559	0.0524052	0.0131492	0.59382	0.00965405	0.0141481	0.0462307	0.00527881	0.0226408	0.0065234	0.00810043	0.00701599	0.00347083	0.0269886	0.00936619	0.0162229	0.0165591	0.00464095	0.0210616
94	G	2.89354	0.0256324	0.0177364	0.0242816	0.0516367	0.0203225	0.49331	0.0126292	0.0119051	0.0197477	0.00575826	0.14725	0.0147262	0.00499796	0.0104507	0.0120528	0.010113	0.0148375	0.0270939	0.0315208	0.0168772	0.0271199
95	P	2.90894	0.0120935	0.0798048	0.0620812	0.0214086	0.0153445	0.00924838	0.0325528	0.0103972	0.0267328	0.0231378	0.0294945	0.0259355	0.52444	0.0149492	0.00664256	0.020018	0.012572	0.0175128	0.0276587	0.0151658	0.012809
96	I	3.16767	0.00480286	0.0965823	0.00635155	0.0102611	0.00748397	0.00721317	0.00751795	0.312402	0.00873018	0.104423	0.0370643	0.00635514	0.0193009	0.0059765	0.0100963	0.00881581	0.00792412	0.17826	0.0122027	0.0373981	0.110838
97	Y	2.90547	0.00437745	0.00754625	0.00679853	0.140425	0.0154455	0.0461982	0.0248842	0.0235349	0.013475	0.0203233	0.0100958	0.0171303	0.00640839	0.127483	0.00387603	0.00353254	0.00362592	0.00745148	0.0171652	0.434709	0.0655139
98	K	2.92504	0.00435728	0.00984153	0.029183	0.0080082	0.00806058	0.0200352	0.0528644	0.00907292	0.236176	0.00621286	0.0224323	0.0378327	0.0067577	0.13654	0.356331	0.023506	0.00676682	0.00189326	0.0146141	0.00424291	0.00527103
99	R	2.84414	0.00818184	0.0832245	0.00936479	0.0231197	0.0321789	0.0120997	0.0232941	0.0103641	0.0259639	0.00669878	0.0156909	0.0300056	0.00505873	0.0079406	0.442554	0.00598294	0.00505597	0.013901	0.0206014	0.0103072	0.208411
100	V	3.26452	0.344279	0.0058123	0.000378962	0.0158928	0.00512071	0.0163896	0.0578215	0.0151968	0.0240522	0.0242599	0.0196493	0.0692729	0.0854522	0.110871	0.00538509	0.0360226	0.0597253	0.0991931	0.00282633	0.000989524	0.00140937
101	D	3.14414	0.0250707	0.0109435	0.223699	0.0830971	0.00362174	0.0115822	0.0231572	0.00180785	0.00455878	0.00937044	0.00451711	0.155684	0.118535	0.0230283	0.00658933	0.00342349	0.243684	0.011326	0.00757011	0.00802188	0.020711
102	R	2.84894	0.00720456	0.00646951	0.0103571	0.00765629	0.00697324	0.0139932	0.182847	0.00671805	0.0760861	0.156291	0.012274	0.00689173	0.00786379	0.0109803	0.403774	0.0159563	0.0130863	0.00873212	0.0192382	0.0127547	0.0138527
103	K	3.14358	0.0209167	0.0149913	0.0064107	0.0317747	0.007615	0.00227858	0.0112407	0.0391728	0.328072	0.00407183	0.0523987	0.143018	0.00329124	0.013929	0.00619783	0.00916852	0.0394164	0.198357	0.0223648	0.00597091	0.0393429
104	W	2.69592	0.0210474	0.0215727	0.00574997	0.00572074	0.446617	0.0175722	0.0146502	0.0377513	0.00747856	0.00390231	0.00950996	0.0127116	0.000627005	0.0022621	0.0019114	0.0141913	0.0107552	0.00310844	0.197226	0.0435348	0.1221
105	M	3.21178	0.0909386	0.00815572	0.0110111	0.0167432	0.0150726	0.00491823	0.0606698	0.0257925	0.0980351	0.00943173	0.35591	0.162711	0.00401321	0.0135993	0.0169509	0.0115094	0.0140167	0.0222885	0.00961397	0.010213	0.0384048
106	R	2.68349	0.0104633	0.0190899	0.0216089	0.019455	0.0333497	0.0111984	0.014082	0.0299268	0.0231017	0.00679713	0.0307893	0.012568	0.00938647	0.0164464	0.586991	0.00806337	0.0516845	0.0103896	0.0273283	0.027385	0.0298949
107	E	0.685009	0.000547512	0.00197811	0.908594	0.0530829	0.000945547	0.00271797	0.000730467	0.00113665	0.00213376	0.00420094	0.0025796	0.00395683	0.000811207	0.00338323	0.00214671	0.000891378	0.00150526	0.000677349	0.00225235	0.00262832	0.00309943
108	L	3.13085	0.0106889	0.0214637	0.0181391	0.0179522	0.0435657	0.0131317	0.0182182	0.0638843	0.0130546	0.476489	0.0182977	0.0213163	0.0107429	0.0402236	0.0167963	0.0435231	0.0527157	0.00873361	0.0201481	0.0189715	0.0519444
109	V	1.48147	0.0130779	0.771337	0.00323052	0.00891085	0.00897178	0.00440843	0.00131075	0.0054129	0.0371365	0.021672	0.0101663	0.00630185	0.00322898	0.000829784	0.00668589	0.00198598	0.000582311	0.0898546	0.00171499	0.000939905	0.00224071
110	L	2.82002	0.00580781	0.00619628	0.010677	0.00813185	0.0103148	0.00452375	0.00555616	0.0106331	0.19922	0.303544	0.015328	0.0226791	0.280667	0.00389277	0.0176714	0.00504468	0.0289977	0.0193417	0.00547222	0.00840348	0.0278967
111	Y	2.83349	0.00149305	0.00614491	0.0101618	0.00117583	0.00236675	0.00839252	0.00314945	0.0143318	0.00378737	0.00437127	0.130899	0.0118346	0.0217686	0.0606519	0.00307663	0.00780357	0.398602	0.0458899	0.114629	0.144408	0.00506218
112	D	2.95257	0.0241554	0.00758985	0.336313	0.0312868	0.00711512	0.0250131	0.0198849	0.0237131	0.0137696	0.0337536	0.02847	0.312037	0.00370479	0.00632856	0.00794873	0.00608454	0.0140681	0.0639683	0.0104005	0.0148613	0.00953323
113	K	2.56862	0.00407872	0.00904736	0.0561273	0.0356704	0.0197183	0.00315375	0.00511873	0.00811281	0.575803	0.0157552	0.0155012	0.0498599	0.00228626	0.0897053	0.0306747	0.00847445	0.0111757	0.0149181	0.0227691	0.0100346	0.0120153
114	E	2.7904	0.00315063	0.00756775	0.0142539	0.405402	0.0406627	0.00377647	0.0178476	0.0614176	0.108271	0.0144216	0.0104159	0.00747088	0.00895037	0.032748	0.00231351	0.0069685	0.00306894	0.00740028	0.00739553	0.227632	0.00886593
115	E	2.50632	0.0294765	0.0118387	0.0425675	0.618742	0.0123791	0.0215647	0.00994122	0.0204426	0.0333024	0.00372897	0.0233778	0.0459727	0.00601904	0.0151725	0.0321683	0.0193775	0.00712375	0.0100324	0.0166046	0.00997764	0.0101896
116	I	2.77937	0.0112114	0.055321	0.108586	0.00841263	0.0188535	0.00225317	0.00594251	0.490176	0.0358701	0.0144983	0.00721807	0.124267	0.0142957	0.00529282	0.00889826	0.00428964	0.0139399	0.0158419	0.00823766	0.0149179	0.0316767
117	R	3.25841	0.0134279	0.0249146	0.0219422	0.0530896	0.0120348	0.00542059	0.0108112	0.0793326	0.0226897	0.022979	0.0224141	0.00998164	0.011572	0.0068233	0.384322	0.127163	0.0100744	0.0197602	0.0386076	0.0111571	0.091482
118	R	3.31292	0.0161444	0.010795	0.0192586	0.0394182	0.011576	0.0252828	0.0231396	0.133191	0.0199545	0.0519015	0.0386901	0.0202793	0.0411441	0.0105911	0.404066	0.0201841	0.0132791	0.0348762	0.0404677	0.0113706	0.0143897
119	I	3.19293	0.00849706	0.0106906	0.019385	0.0149	0.0208386	0.1275	0.0168044	0.306654	0.00822977	0.00446007	0.218264	0.0604818	0.00888221	0.0274869	0.00668416	0.00529281	0.0200716	0.00957112	0.024076	0.00818069	0.0730494
120	W	3.25385	0.050598	0.0689691	0.0232555	0.0187985	0.0102349	0.00445146	0.0182873	0.0103086	0.0252959	0.032324	0.0949065	0.0143379	0.0246221	0.0810257	0.0183029	0.00622433	0.0114237	0.01183	0.408573	0.010791	0.0554393
121	R	2.98755	0.0403975	0.0070281	0.0130614	0.0312489	0.00588817	0.0531616	0.151036	0.00466658	0.0228175	0.0226085	0.0125468	0.0430029	0.00465955	0.0130346	0.452347	0.0597418	0.011099	0.0106248	0.0104402	0.0141431	0.0164455
122	Q	0.565337	0.000255515	0.000131701	0.000434233	0.000996629	0.000153466	0.00027561	0.00964572	0.00553497	0.00522533	0.00557941	0.00542118	0.00597325	0.000517277	0.0194775	0.00155657	9.50563e-05	0.00166588	0.934001	0.00226858	0.000590057	0.000200854
123	A	2.38049	0.416847	0.00535902	0.00877285	0.00963452	0.0136435	0.364644	0.00918315	0.012085	0.0215465	0.00534782	0.00855776	0.0535765	0.012306	0.0107202	0.00709537	0.00564423	0.0073233	0.00449496	0.00703892	0.00648192	0.00969774
124	N	2.89809	0.00272003	0.00580617	0.0451541	0.0237729	0.034577	0.00293312	0.0030333	0.0657705	0.0102508	0.00683562	0.00940766	0.373083	0.0300045	0.0537682	0.00414341	0.0415811	0.00832839	0.00265031	0.00459309	0.256027	0.0155599
125	N	3.38062	0.00164054	0.0294507	0.0272117	0.00276486	0.103068	0.0178735	0.0108534	0.0277923	0.0146696	0.0252924	0.0757759	0.343735	0.0240185	0.0141756	0.0364264	0.0190661	0.0148373	0.0121426	0.00559777	0.0871714	0.106437
126	G	2.88457	0.00672519	0.0118818	0.00584161	0.00212347	0.012355	0.243406	0.0247593	0.0019951	0.0144561	0.249453	0.197609	0.00393868	0.00663772	0.00412614	0.149999	0.0031714	0.023619	0.016119	0.0124888	0.00607683	0.00321812
127	D	3.5766	0.00288463	0.00227744	0.142832	0.0186964	0.0365251	0.0142608	0.0703375	0.0267676	0.155945	0.0150276	0.0274414	0.0347302	0.00789895	0.000883217	0.0423408	0.127304	0.0540992	0.184661	0.0082862	0.0197229	0.00707784
128	D	2.27045	0.171596	0.000682823	0.0275985	0.00902733	0.00183505	0.00981988	0.550183	0.00257035	0.00577983	0.00340497	0.0352746	0.00213189	0.00295145	0.000705446	0.00855058	0.0416525	0.0979319	0.000580096	0.0204275	0.00712063	0.000175898
129	A	2.61853	0.130298	0.233756	0.00158895	0.0280242	0.00407717	0.0299035	0.00111317	0.00185925	0.418116	0.00320314	0.00237962	0.0019813	0.00231333	0.00599847	0.0257947	0.025947	0.0410195	0.0046658	0.0266062	0.00231776	0.00903755
130	T	3.12669	0.0107578	0.0384236	0.0385529	0.0150765	0.0074342	0.0127615	0.027854	0.010768	0.0168829	0.0729551	0.0544458	0.0160763	0.0113242	0.0206748	0.0230255	0.0304248	0.466661	0.0682846	0.0146926	0.035977	0.00694635
131	A	3.23567	0.332359	0.0462004	0.0166718	0.00810472	0.023714	0.00522982	0.0396553	0.00867205	0.0072134	0.00506124	0.0709681	0.0239951	0.124529	0.0125763	0.00280912	0.17467	0.0032466	0.0217655	0.0366182	0.0142334	0.0217071
132	G	2.74392	0.00461631	0.0189193	0.0174722	0.0396555	0.00928185	0.364145	0.00651673	0.334161	0.0194413	0.0107696	0.017754	0.0568551	0.00438048	0.0151158	0.0144455	0.0110984	0.00659752	0.00502673	0.00793128	0.0290803	0.00673609
133	L	2.19289	0.0209735	0.00613303	0.0037864	0.00349283	0.00500468	0.0217935	0.00606004	0.564865	0.00356374	0.234499	0.0347956	0.0194449	0.00803375	0.0209121	0.00286669	0.010503	0.00563614	0.00795105	0.00980377	0.00511852	0.00476324
134	T	2.57822	0.0297434	0.031296	0.00317554	0.015137	0.00542399	0.0105977	0.00229507	0.00537654	0.00747899	0.0422616	0.0300409	0.0114597	0.0232556	0.00557218	0.0346852	0.131969	0.556754	0.00243891	0.0186944	0.0213957	0.0109484
135	H	2.82032	0.0194036	0.00485039	0.00867198	0.0122207	0.0278765	0.0170139	0.522825	0.00727003	0.00373598	0.02827	0.00881248	0.068229	0.0197447	0.0736276	0.0151837	0.0152911	0.0163686	0.00380248	0.0133592	0.0666486	0.0467944
136	M	2.75013	0.0187178	0.00342399	0.00392217	0.0154325	0.0487363	0.0576167	0.0907454	0.0772373	0.00356509	0.00291153	0.51776	0.00978632	0.00890922	0.0176923	0.00148107	0.0278137	0.0136642	0.0211084	0.0212182	0.0367415	0.00151673
137	M	2.53925	0.00189999	0.00678548	0.00668578	0.00760941	0.0291291	0.00561178	0.00313592	0.0592847	0.0709228	0.00557326	0.512575	0.00996799	0.0115209	0.0247463	0.0152588	0.00615458	0.00529467	0.0132509	0.0124198	0.00588339	0.186289
138	I	2.34211	0.00605221	0.0182622	0.0224922	0.00940383	0.0175538	0.00659507	0.0119725	0.657413	0.0138974	0.0202527	0.0210838	0.0482555	0.0164059	0.0230821	0.00335884	0.0181951	0.00825948	0.0192203	0.0220725	0.0179406	0.0182309
139	W	3.088	0.0299894	0.0164573	0.0116824	0.00923438	0.0411997	0.056365	0.0342128	0.0201191	0.012986	0.0315451	0.0378417	0.0147296	0.0136193	0.0140177	0.0052062	0.00824988	0.0930576	0.0189252	0.474932	0.0230008	0.0326282
140	H	3.2175	0.036983	0.0350588	0.0855473	0.0132541	0.0117821	0.018885	0.441467	0.0613424	0.0247248	0.00695218	0.0536187	0.0186516	0.00810401	0.0404387	0.00860195	0.00792709	0.0192749	0.0219467	0.0327179	0.0150444	0.0376769
141	S	2.82998	0.059439	0.0281507	0.0170471	0.012909	0.0816891	0.0155416	0.0147968	0.00742942	0.0108736	0.00641683	0.0161693	0.0164474	0.021662	0.0156267	0.00584009	0.521912	0.00675789	0.00844961	0.0329231	0.0198178	0.0801015
142	N	2.67381	0.00590131	0.0260089	0.0393009	0.0180636	0.015499	0.0393571	0.0218902	0.00826496	0.0337176	0.0238146	0.0448176	0.575837	0.00513482	0.0249733	0.00318585	0.0050561	0.00873118	0.0105954	0.0236406	0.0545448	0.0116655
143	L	2.43422	0.00498158	0.0112991	0.00391465	0.00574759	0.0142588	0.00682322	0.00318186	0.0101321	0.017187	0.32168	0.020728	0.00902735	0.0211822	0.00470247	0.00285572	0.438876	0.00473497	0.0209127	0.0610792	0.00879388	0.0079012
144	N	2.77964	0.219687	0.00763591	0.0120015	0.0140268	0.00816006	0.00467459	0.0156248	0.0786679	0.041818	0.00570772	0.082083	0.423558	0.00422025	0.00857604	0.00179316	0.00410796	0.0190396	0.00435226	0.0146683	0.0175986	0.0119977
145	D	2.86711	0.0456963	0.00741902	0.476558	0.0348046	0.00796219	0.0234752	0.0171368	0.0143776	0.0078637	0.0398107	0.153181	0.0110227	0.00475254	0.00641022	0.0662725	0.00402256	0.0233262	0.00632188	0.0154335	0.0091876	0.0249655
146	T	0.956807	0.85994	0.000618651	0.00287891	0.00217359	0.0029024	0.000509633	0.000219368	0.000875636	0.0034493	0.000718049	0.00541503	0.00186135	0.000204641	0.00616672	0.000340889	0.0249376	0.0679989	0.00040092	0.00296996	0.0104131	0.00500581
147	T	2.94521	0.00381364	0.0901491	0.0106241	0.0075859	0.0178026	0.00412876	0.0490425	0.19901	0.016631	0.00287687	0.0122104	0.137081	0.00341684	0.00839526	0.00264041	0.00337407	0.361017	0.0162584	0.0259844	0.0153634	0.0125942
148	Y	2.66887	0.0239905	0.0177813	0.0387976	0.0111266	0.0368133	0.00379818	0.0267969	0.036414	0.00757163	0.0112727	0.0176787	0.0465233	0.0192749	0.036976	0.011893	0.00298523	0.0338932	0.00340933	0.0108551	0.580275	0.0218734
149	Q	2.63226	0.0367012	0.00916109	0.0113392	0.0204158	0.0184891	0.00193176	0.0169621	0.00870269	0.0349572	0.00881061	0.0173933	0.0110833	0.0214705	0.582637	0.020949	0.0171755	0.0281954	0.027717	0.0138122	0.008193	0.0839033
150	R	2.84862	0.0906235	0.0454134	0.00884157	0.0188698	0.00935501	0.0103694	0.0181774	0.00936769	0.0268608	0.00772677	0.0363343	0.0172337	0.0315179	0.0126982	0.53076	0.00637861	0.0211437	0.00683987	0.0363235	0.028803	0.0263616
151	T	2.34008	0.00611208	0.0118625	0.00729256	0.137943	0.0141362	0.0246347	0.00729155	0.0108849	0.0586743	0.00837594	0.0198804	0.0118954	0.00548371	0.00782093	0.00464274	0.00361961	0.601475	0.00413399	0.0214821	0.0129612	0.0193973
152	R	2.08965	0.00333519	0.00920892	0.00909991	0.00898613	0.00741396	0.00426979	0.00555778	0.00817689	0.024396	0.0373898	0.0410211	0.00488549	0.0280504	0.0307513	0.690135	0.0100355	0.0139178	0.00212955	0.0132788	0.00583106	0.0421293
153	A	2.29982	0.655588	0.00769164	0.00734242	0.029308	0.00672749	0.00994926	0.00369441	0.0268734	0.035241	0.0287926	0.00948131	0.00783056	0.0162962	0.00551779	0.00385213	0.0372498	0.0303572	0.00605765	0.0122661	0.0281239	0.0317591
154	L	1.99586	0.00235566	0.00464535	0.00897363	0.0051115	0.00397783	0.00583843	0.00371618	0.430894	0.00357339	0.419085	0.00415757	0.00807283	0.0100974	0.00133526	0.00175849	0.000730224	0.0177346	0.00552242	0.0455913	0.00816376	0.0086651
155	V	1.89038	0.00417574	0.01086	0.0165737	0.00304462	0.0242796	0.0438305	0.00597323	0.0206354	0.0052578	0.0231663	0.0196036	0.0165124	0.00286389	0.010998	0.00307801	0.0127442	0.0230534	0.732536	0.0070176	0.0113314	0.0024645
156	R	2.01729	0.00770206	0.0210889	0.00445233	0.0175989	0.00911011	0.0078836	0.051742	0.0151665	0.00562886	0.00396952	0.00914412	0.00898324	0.0089358	0.00440901	0.703858	0.0143567	0.0085295	0.0535197	0.0190708	0.0206607	0.0041893
157	T	3.06267	0.0702325	0.0353222	0.00246821	0.0116272	0.00305752	0.00806748	0.0102031	0.00898073	0.0534484	0.00219428	0.0175887	0.0395154	0.00484499	0.0657496	0.0382213	0.0860268	0.435992	0.0670017	0.0299929	0.0078561	0.00160844
158	G	2.11617	0.00554435	0.00828106	0.00751183	0.0039311	0.0275275	0.69322	0.00716794	0.00857188	0.00831587	0.0204383	0.0105009	0.0170794	0.0283614	0.0148908	0.00302335	0.0406942	0.0138326	0.00511536	0.03131	0.0289873	0.0156943
159	M	2.30389	0.0155041	0.00835143	0.0021882	0.00246946	0.0114006	0.00351646	0.00465735	0.0100047	0.0359065	0.363423	0.424054	0.00312389	0.00366645	0.0102456	0.0363421	0.00200883	0.0202498	0.00267846	0.0267552	0.012681	0.000772498
160	D	2.33375	0.00291324	0.0332992	0.595528	0.0388802	0.00390585	0.0182971	0.00672536	0.0103929	0.00653982	0.00359723	0.0068476	0.00813627	0.00602203	0.0156061	0.0191132	0.00202173	0.0113352	0.122106	0.00370066	0.00880168	0.0762308
161	P	2.2103	0.540554	0.000946285	0.00241389	0.00364233	0.00113985	0.0561214	0.00273269	0.00440293	0.00940182	0.00267003	0.00949836	0.00125777	0.241812	0.0222925	0.0105877	0.0254472	0.0145965	0.0225556	0.0047801	0.00193581	0.0212111
162	R	2.43391	0.00164359	0.00222018	0.00436217	0.0117393	0.159842	0.0542776	0.00482998	0.0046895	0.0110256	0.000722486	0.023872	0.00930041	0.0372644	0.0111899	0.54274	0.00262834	0.00470517	0.0113829	0.0266421	0.00230524	0.0726173
163	M	3.06619	0.00222038	0.0633835	0.00357022	0.00590939	0.00307068	0.0181671	0.00579997	0.174095	0.0120157	0.0140483	0.331122	0.00722783	0.00258736	0.0243341	0.00312371	0.00532613	0.0681575	0.162031	0.0170444	0.0478488	0.0289167
164	C	2.17576	0.53558	0.230257	0.00167311	0.00195418	0.00254774	0.00585053	0.00635432	0.00466884	0.00248612	0.00537437	0.00427965	0.0012729	0.0248404	0.00397723	0.014323	0.0043287	0.0197294	0.100758	0.00769837	0.0199397	0.00210624
165	S	2.12054	0.0244925	0.0823617	0.00169875	0.00125406	0.00398722	0.0134561	0.000733654	0.00271815	0.00192447	0.00194702	0.00492935	0.583349	0.0125538	0.00414779	0.000470406	0.185463	0.0220616	0.0326406	0.00718085	0.00378649	0.00884322
166	L	2.59174	0.0050248	0.0066525	0.0338856	0.00474637	0.0077794	0.0015865	0.0659493	0.00956272	0.00412196	0.453897	0.253424	0.00594781	0.00968981	0.016143	0.00574442	0.0199751	0.00149559	0.0242926	0.00558755	0.0200472	0.044447
167	M	2.26807	0.0036671	0.00679744	0.0146011	0.00561021	0.0311081	0.0209799	0.00732941	0.0338428	0.00738881	0.234003	0.552556	0.00528619	0.00490949	0.0109515	0.00754908	0.00202094	0.00360497	0.0107688	0.0168081	0.0108276	0.00938888
168	Q	2.71042	0.0607492	0.0082435	0.00614177	0.0158217	0.015232	0.00959403	0.0318453	0.00589618	0.0219869	0.0127975	0.00381877	0.0053533	0.0109718	0.397958	0.00291268	0.301558	0.0189572	0.00928866	0.0102022	0.00891308	0.041758
169	G	2.24979	0.0131778	0.0341639	0.0188663	0.00708681	0.0108949	0.656312	0.0481435	0.00542936	0.00920687	0.0128908	0.0130415	0.00462203	0.0183159	0.0101467	0.0068047	0.00612773	0.00504332	0.058228	0.00740935	0.00939351	0.0446948
170	S	2.23978	0.0131386	0.013323	0.0105008	0.0116111	0.0104462	0.0047303	0.0139767	0.00683055	0.00957212	0.0303557	0.0182314	0.0375629	0.00423365	0.0153997	0.0404472	0.663985	0.00613315	0.00663866	0.0589726	0.00778857	0.016122
171	T	2.46435	0.00503661	0.0143533	0.00787155	0.0204068	0.0123164	0.0297868	0.0240248	0.00759042	0.0105612	0.0619374	0.0144919	0.0106958	0.0025451	0.0254696	0.0251702	0.0091307	0.604478	0.0871653	0.0121885	0.00826464	0.00651473
172	L	2.19569	0.0161272	0.105898	0.00618694	0.00737566	0.0146565	0.0336987	0.00932726	0.0330387	0.0325914	0.648708	0.0117092	0.00688304	0.00638414	0.0124568	0.00288937	0.00908781	0.00281794	0.00573982	0.00744539	0.00454229	0.0224356
173	P	2.53318	0.115995	0.00367427	0.00929324	0.00312557	0.00610464	0.00278927	0.004373	0.0117492	0.0110346	0.0266761	0.00485707	0.0714608	0.552662	0.0087961	0.0264989	0.0374859	0.0637884	0.0116808	0.0042927	0.00439079	0.0192715
