#SITE	WT_AA	SITE_ENTROPY	PI_A	PI_C	PI_D	PI_E	PI_F	PI_G	PI_H	PI_I	PI_K	PI_L	PI_M	PI_N	PI_P	PI_Q	PI_R	PI_S	PI_T	PI_V	PI_W	PI_Y	PI_*
1	M	3.68222	0.0195803	0.0237966	0.0375695	0.0396563	0.0330124	0.0254303	0.0790764	0.0333336	0.0341263	0.0202373	0.347378	0.0277495	0.0221238	0.0572988	0.0298792	0.0183296	0.0361498	0.0261063	0.0349528	0.0297481	0.0244652
2	A	1.67723	0.774912	0.0122399	0.0122354	0.0184088	0.0124451	0.00450318	0.00791556	0.0127853	0.0116559	0.00391242	0.0425127	0.00918109	0.00185819	0.00787886	0.0128482	0.00587657	0.00578818	0.00971633	0.0150391	0.00945229	0.00883488
3	S	2.57346	0.0118824	0.00100261	0.000436029	0.00411855	0.267225	0.00110412	0.000192681	0.00762092	0.000465523	0.360478	0.0407118	0.00253652	0.000220398	0.00453342	0.00907318	0.0479353	0.0124598	0.0123424	0.161907	0.0522305	0.00152383
4	Q	2.85213	0.00471587	0.012323	0.000305711	0.161709	0.066207	0.000817616	0.0143769	0.177702	0.0025999	0.10474	5.87832e-05	0.0273324	0.000104247	0.0106512	8.20109e-05	0.0083781	0.0882386	0.00329831	0.000244221	0.315112	0.00100341
5	G	2.95702	0.0155287	0.14264	0.0016163	0.00353665	0.0381762	0.110395	0.000877002	0.00120688	0.00205179	0.000924433	0.00468569	0.0027749	0.0200549	0.000931267	0.224304	0.230207	0.153671	0.00209977	0.0162266	0.0258997	0.0021927
6	T	1.62002	0.00431357	0.00932562	0.0130297	0.0121752	0.0109604	0.00504628	0.0399437	0.00702483	0.0087289	0.0037123	0.0188635	0.011773	0.0083259	0.00671171	0.00574085	0.00517548	0.7827	0.00411647	0.0246889	0.0137548	0.00388875
7	K	1.92109	0.00492551	0.0470726	0.00728938	0.0162753	0.00682423	0.0028254	0.038495	0.00621118	0.701498	0.0029165	0.0108204	0.0834357	0.00522198	0.0232547	0.00377448	0.00308802	0.00638626	0.00512184	0.0125667	0.00463841	0.00735802
8	R	2.11056	0.00539341	0.0319552	0.0126359	0.00969782	0.0109547	0.018545	0.00551505	0.0037087	0.0115012	0.077001	0.0191696	0.00757452	0.00979889	0.0130319	0.68153	0.00420063	0.00684767	0.0137863	0.0397548	0.00850412	0.00889419
9	S	2.60735	0.464538	0.00727257	0.000916886	0.00159256	0.0453358	0.00577093	0.00364534	0.00525775	0.00431118	0.102077	0.125622	0.000523479	0.0382258	0.00111644	0.00420406	0.1315	0.0278306	0.0169474	0.00283974	0.00899766	0.00147508
10	Y	1.95633	0.00246157	0.001702	0.00150535	0.00326583	0.000779317	0.000388312	0.0559708	0.00544859	0.00038504	0.23583	0.0195148	0.000458736	0.0150346	0.0501422	0.000665744	0.0012834	0.0031447	0.574751	0.000575903	0.0196277	0.00706413
11	E	3.41147	0.044886	0.0431212	0.0585482	0.388021	0.0184476	0.00606577	0.0211006	0.0065272	0.0102511	0.00462789	0.0531397	0.0501665	0.00625552	0.03459	0.0313768	0.0302762	0.0475281	0.0289166	0.0209926	0.0170166	0.0781445
12	Q	2.47047	0.0207652	0.000540452	0.00274648	0.000635526	0.0168735	2.24826e-05	0.4227	0.00340095	0.117689	0.0126508	0.0168134	0.266772	0.00354911	0.00794691	0.0264667	0.0615495	0.00606421	0.00102377	0.00777499	0.00306869	0.000945873
13	M	2.40479	0.0116541	0.00646824	0.0606641	0.0267662	0.0209286	0.0104826	0.00369944	0.025978	0.00785322	0.0325916	0.63175	0.0274949	0.00352367	0.033476	0.00990788	0.0151042	0.00397083	0.00970795	0.0310452	0.01019	0.016743
14	E	2.76598	0.00606007	0.0122683	0.0876421	0.463001	0.0186493	0.00484478	0.0048032	0.0478666	0.0157041	0.0381642	0.0415138	0.182029	0.00176052	0.00638683	0.015343	0.0113492	0.00920313	0.00731568	0.00896035	0.00437189	0.0127635
15	T	2.80308	0.00753525	0.0113345	0.0114992	0.0165357	0.0224917	0.00444542	0.044126	0.0411843	0.026327	0.0214626	0.0176971	0.0951382	0.00536393	0.0448052	0.00380808	0.0532253	0.527378	0.00813924	0.0170697	0.010302	0.0101321
16	D	2.93871	0.0154112	0.0190009	0.48498	0.0344683	0.0260836	0.0143507	0.0119603	0.00959601	0.0139393	0.0207847	0.0826405	0.0975062	0.00714747	0.00968651	0.00380786	0.0134069	0.0132346	0.0100039	0.0177775	0.0186858	0.0755274
17	G	3.11243	0.00997786	0.175954	0.0113712	0.0147695	0.00923744	0.345153	0.0140469	0.00422569	0.00446013	0.00443197	0.01298	0.0246545	0.0453414	0.112046	0.114835	0.0218223	0.025796	0.00155831	0.0341667	0.00533392	0.00783812
18	E	3.25043	0.0481208	0.00779603	0.0643352	0.35125	0.0153087	0.0157892	0.165491	0.00537344	0.0188103	0.00266923	0.0182236	0.00513377	0.0303099	0.00746789	0.0146878	0.0566233	0.0841623	0.0577819	0.012647	0.0119639	0.00605433
19	R	2.56059	0.00842665	0.0393424	0.0267098	0.0180945	0.0165071	0.00386688	0.0247585	0.0149849	0.0681146	0.00742231	0.0277771	0.0090035	0.00457441	0.0285106	0.596727	0.00475122	0.0281459	0.0139052	0.0151064	0.0389048	0.00436621
20	Q	1.79286	0.00251623	0.0227553	0.00881058	0.0208378	0.00917146	0.00270674	0.0137053	0.00710499	0.0158654	0.0197665	0.0252902	0.0067899	0.00786349	0.754426	0.028609	0.00395327	0.00538092	0.00585023	0.0218602	0.00790113	0.00883557
21	N	0.782864	0.000300942	0.00184795	0.0116318	0.000404163	0.000389911	0.00110209	0.00188078	0.00103827	0.0392304	0.00162275	0.899674	0.0114547	0.0009683	0.00334746	0.00200246	0.00332234	0.00874115	0.0016399	0.00606864	0.00294595	0.000385519
22	A	2.64441	0.132713	0.00949767	0.00170126	0.00166569	0.0077859	0.000687785	0.0115874	0.0172187	0.0578436	0.000417585	0.00255309	0.0208851	0.0134903	0.0211344	0.040136	0.027457	0.139567	0.478687	0.00912615	0.00470817	0.00113768
23	T	2.89881	0.00610775	0.000720954	0.000313199	0.000479111	0.01921	0.00247274	0.388021	0.0684415	0.0322208	0.0117912	0.00253727	0.00613383	0.000452699	0.128208	0.113661	0.086308	0.0278615	0.0122958	0.00150286	0.0896426	0.00161755
24	E	2.82897	0.0601193	0.0142059	0.0216962	0.398206	0.00293589	0.00245439	0.0032509	0.0351248	0.00784609	0.0248378	0.0590322	0.00310611	0.0068393	0.254647	0.0311377	0.0102004	0.0313229	0.00337105	0.0112146	0.00414399	0.0143072
25	I	2.23553	0.00641241	0.00327234	0.00252133	0.00433458	0.00629707	0.0812921	0.00641748	0.237828	0.00263729	0.00800023	0.034815	0.00614595	0.00269689	0.017352	0.529448	0.00157303	0.00899627	0.0221828	0.00384452	0.00244201	0.0114908
26	R	2.56003	0.00433952	0.00784092	0.0342527	0.0158494	0.0156135	0.0187494	0.00592766	0.0587794	0.0102686	0.00678808	0.0174367	0.0114083	0.0151892	0.00792361	0.588253	0.0105822	0.01673	0.0272163	0.0885531	0.0257191	0.0125796
27	A	1.28993	0.0493948	0.00152319	0.00126369	0.00538019	0.0010605	0.00792204	0.00466335	0.000884073	0.00106004	0.00812186	0.0085337	0.0699338	0.000502202	0.00218569	0.00535693	0.000794276	0.0159613	0.804318	0.00184878	0.0087583	0.00053323
28	S	2.87464	0.0305601	0.00855474	0.0069714	0.00523708	0.0153105	0.134846	0.00573931	0.0122914	0.0104558	0.0645338	0.0123351	0.00888601	0.0106634	0.0379455	0.0218462	0.495306	0.0218006	0.0188497	0.0347533	0.0208944	0.0222196
29	V	2.39384	0.0242322	0.0239255	0.0153522	0.00583871	0.0181015	0.00981665	0.0144479	0.0128692	0.00926583	0.0101479	0.0258265	0.0107103	0.0101887	0.0110426	0.0305289	0.0411125	0.00813411	0.639059	0.0104657	0.00856144	0.0603726
30	G	2.59615	0.0447888	0.0105798	0.00254419	0.0114934	0.00265517	0.202777	0.00234757	0.00318781	0.0458343	0.00430406	0.0147269	0.0122084	0.0117441	0.0208872	0.0234021	0.035145	0.00209535	0.016663	0.0171942	0.0133891	0.502033
31	K	3.01529	0.0251719	0.270735	0.00918151	0.029233	0.0131143	0.0162996	0.0081967	0.0519938	0.364542	0.0191308	0.0249593	0.0302352	0.0140267	0.00617597	0.0228965	0.0432593	0.0194231	0.0027903	0.0093734	0.00658562	0.012676
32	M	2.9946	0.0191103	0.0188376	0.0211876	0.0430024	0.00822848	0.0289609	0.0789244	0.0138472	0.0199438	0.00314351	0.499886	0.0353114	0.042031	0.0276687	0.00486399	0.0393135	0.00489094	0.0295774	0.0200271	0.00786691	0.0333766
33	I	3.33743	0.0902005	0.061433	0.00956025	0.0125891	0.0125828	0.00802894	0.00238485	0.203428	0.00307088	0.0840072	0.240451	0.013451	0.0546104	0.0052344	0.00382137	0.0272137	0.100284	0.0542531	0.00501559	0.00443141	0.00394751
34	D	3.26273	0.0470752	0.117591	0.112938	0.185111	0.266099	0.0388986	0.0033078	0.0597351	0.00945606	0.0283819	0.00532206	0.00594576	0.00238644	0.00176374	0.00353269	0.0239768	0.0128496	0.0612556	0.0068411	0.00341217	0.00412019
35	G	2.77244	0.003116	0.0151159	0.00480317	0.0111612	0.0214366	0.256755	0.0681935	0.030958	0.00506129	0.0122733	0.00920027	0.0095142	0.013179	0.0229174	0.0217453	0.425997	0.00375215	0.0123636	0.011276	0.014368	0.0268128
36	I	2.83333	0.318697	0.0207956	0.00703191	0.00963237	0.00416279	0.126527	0.00167575	0.159547	0.00482652	0.00644908	0.00493568	0.005635	0.00192732	0.00540556	0.00748177	0.1268	0.170353	0.00491835	0.00545807	0.00440303	0.00333762
37	G	3.47273	0.0156471	0.12577	0.0735455	0.0149932	0.0312196	0.259823	0.00852581	0.00658095	0.0385632	0.00532965	0.0135127	0.00604727	0.161202	0.0174829	0.00761045	0.0564008	0.00198523	0.027354	0.0741696	0.00988248	0.0443553
38	R	3.46988	0.0326975	0.0279907	0.0771814	0.0307317	0.0191204	0.0172186	0.203093	0.00511587	0.00796032	0.010966	0.0283897	0.0142261	0.116282	0.00788894	0.256594	0.00981346	0.0403759	0.00480798	0.0431275	0.0345352	0.0118843
39	F	3.32091	0.119197	0.013084	0.0362115	0.0146247	0.247396	0.00578696	0.0139776	0.0569311	0.00390454	0.0535599	0.0289953	0.00714429	0.0433818	0.0365853	0.00702293	0.251445	0.00641877	0.00846743	0.00950879	0.028951	0.00740668
40	Y	3.37296	0.159944	0.00583763	0.0145102	0.0259167	0.0683521	0.00985092	0.1759	0.00283885	0.00366913	0.0370829	0.0526461	0.0197711	0.0117002	0.0665375	0.0126563	0.0213936	0.0115794	0.0186993	0.0103221	0.263038	0.00775378
41	I	3.06043	0.00194674	0.097577	0.00116406	0.00195647	0.00854088	0.103389	0.016389	0.0595093	0.000110115	0.00563767	0.00696859	0.00191767	0.366197	0.0547997	0.0120201	0.06483	0.00794338	0.0212341	0.138257	0.0193204	0.0102918
42	Q	2.80028	0.132181	0.00883475	0.0101221	0.0124341	0.00969671	0.00950285	0.0390301	0.024494	0.0125652	0.00418545	0.0257346	0.00847932	0.0604029	0.508791	0.00582715	0.0401272	0.0116899	0.00638282	0.0148482	0.016497	0.0381737
43	M	3.44234	0.0670041	0.0230348	0.0195129	0.0143537	0.0141457	0.0448555	0.0257756	0.0330536	0.0362263	0.0256528	0.386173	0.0326744	0.0172149	0.00731561	0.0197144	0.0593536	0.0928757	0.0278453	0.0200342	0.0256656	0.00751826
44	C	3.8211	0.036442	0.143745	0.00638359	0.0195305	0.0315927	0.0999739	0.00298016	0.0901015	0.00438929	0.111485	0.0120834	0.106101	0.009478	0.0108844	0.00287342	0.0211568	0.0846301	0.0469121	0.0450712	0.0415045	0.0726812
45	T	2.54922	0.0335851	0.00736891	0.00962319	0.015899	0.0312191	0.00682404	0.00570874	0.0161348	0.0176194	0.00964756	0.0176497	0.00532093	0.0322441	0.00593074	0.00245503	0.00701337	0.385154	0.00502766	0.0109313	0.0113728	0.36327
46	E	2.96177	0.00939475	0.00618855	0.0792878	0.457399	0.0108869	0.00867379	0.0137258	0.0190757	0.0233736	0.0187671	0.0545248	0.0226848	0.116306	0.0855432	0.0121088	0.00708166	0.00410189	0.0053255	0.0223056	0.00882793	0.014417
47	L	2.50975	0.00156591	0.00253898	0.00161767	0.0588476	0.00253033	0.355302	0.015776	0.00900511	0.00138452	0.0808277	0.0201779	0.0185537	0.0131395	0.00293773	0.00405929	0.00960078	0.0203704	0.362986	0.00639919	0.00963971	0.00274026
48	K	2.88476	0.00621173	0.00978314	0.0121445	0.0189695	0.0160909	0.00379966	0.00733466	0.0161351	0.246948	0.0514445	0.0675478	0.025762	0.0263047	0.00880006	0.0209611	0.00949782	0.4045	0.00650178	0.0270674	0.00683085	0.00736504
49	L	3.52376	0.0203958	0.0641444	0.0152828	0.0111426	0.0207414	0.00460759	0.0556337	0.0315666	0.0182367	0.302065	0.177583	0.0460894	0.0316726	0.0118812	0.0146475	0.0510376	0.0437154	0.0324219	0.010116	0.0107786	0.0262401
50	S	3.23603	0.0189916	0.0110006	0.0128711	0.0294751	0.287039	0.0197168	0.0405599	0.00285168	0.00332265	0.0940457	0.00195299	0.00522299	0.240067	0.0473231	0.0147599	0.0535991	0.00390508	0.0575712	0.00122677	0.0207032	0.0337947
51	D	2.54253	0.0699626	0.00137111	0.0523809	0.0228009	0.00178908	0.0128153	0.00786583	0.0336163	0.00513079	0.0638512	0.00392963	0.000238228	0.00538731	0.00254913	0.0707402	0.010529	0.540512	0.0816473	0.00290664	0.000510614	0.00946561
52	Y	2.98833	0.0313652	0.00152228	0.00196857	0.00678223	0.0105878	0.0352363	0.00121266	0.00193461	0.000568079	0.00550455	0.0192513	0.351602	0.00342862	0.000457014	0.110369	0.0371795	0.168938	0.0326988	0.0754649	0.101134	0.00279547
53	E	2.24702	0.589985	0.0271247	0.0030337	0.0672585	0.0396247	0.0139224	0.00307074	0.000374637	0.00116494	0.00334925	0.00310703	0.00356094	0.00803082	0.118305	0.00556141	0.0826389	0.00598853	0.00438279	0.00251974	0.0108257	0.00617105
54	G	3.43256	0.00662572	0.0378529	0.00941385	0.0459654	0.025969	0.309055	0.0215029	0.00344103	0.00934004	0.0137537	0.0104247	0.0298841	0.123868	0.0654342	0.0299159	0.152885	0.0312385	0.00664378	0.0223241	0.0305657	0.0138963
55	R	2.84078	0.00397967	0.00990188	0.00807571	0.00199179	0.15964	0.00432788	0.0649062	0.000769025	0.358913	0.00323139	0.0821049	0.00182956	0.00788542	0.00638083	0.0724631	0.0083868	0.0157442	0.00501596	0.00963266	0.173991	0.000829321
56	L	2.93005	0.105053	0.000663809	0.0118344	0.0011478	0.00390797	0.0150622	0.00915	0.105125	0.00364431	0.0915065	0.0102035	0.35784	0.0045229	0.00487661	0.00978992	0.188133	0.0211608	0.0210305	0.0295285	0.0024066	0.00341374
57	I	3.503	0.0276231	0.054755	0.0281343	0.0492817	0.027834	0.0195668	0.015167	0.281143	0.00609038	0.0567426	0.0403108	0.0663621	0.0151585	0.00912018	0.0103836	0.0157873	0.0329227	0.205058	0.00780867	0.00987707	0.0208737
58	Q	2.98415	0.0268376	0.00479578	0.0107464	0.0324852	0.00287403	0.0207114	0.0138078	0.00104631	0.026528	0.0181663	0.0112882	0.339182	0.0209444	0.290718	0.0197978	0.01856	0.0228719	0.0242352	0.00328839	0.0816326	0.00948265
59	N	3.44862	0.0121242	0.0138083	0.139291	0.0184299	0.0132267	0.0247195	0.126463	0.00713601	0.0246773	0.0159939	0.0146932	0.281506	0.0164476	0.0371953	0.0217505	0.0211918	0.0291348	0.138077	0.0209993	0.00263695	0.0204968
60	S	2.74241	0.10037	0.133565	0.00646275	0.0105512	0.00959598	0.437093	0.0135396	0.0130149	0.0086977	0.0235589	0.00464102	0.0301946	0.00130695	0.00150822	0.00359291	0.153888	0.0152457	0.0075005	0.0184802	0.00616545	0.00102728
61	L	3.34837	0.0650752	0.00522942	0.0110098	0.0189088	0.0196299	0.0233536	0.0392017	0.0196872	0.0615914	0.362807	0.0489383	0.0340923	0.00677299	0.137004	0.0178315	0.00425247	0.0290229	0.0630318	0.0200754	0.00437285	0.00811183
62	T	2.81795	0.010546	0.0389003	0.00479551	0.00328228	0.00653274	0.103942	0.00458791	0.00332081	0.00300888	0.00315393	0.00176226	0.420917	0.00832232	0.0103364	0.151211	0.0709702	0.0941107	0.000974871	0.0363409	0.0150231	0.0079619
63	I	3.4293	0.0231954	0.0874817	0.0072774	0.0157117	0.0670771	0.00402647	0.00452263	0.205581	0.0984154	0.0324591	0.0212189	0.00796548	0.0031162	0.0159179	0.213257	0.0631542	0.0990227	0.00487463	0.00504197	0.0139673	0.00671518
64	E	3.50477	0.0103366	0.0185667	0.0299962	0.333528	0.0091632	0.0874382	0.0782114	0.0378561	0.0333598	0.0299792	0.0109363	0.0141145	0.0432902	0.0230479	0.022166	0.0651758	0.028066	0.00870545	0.0115314	0.0033702	0.101161
65	R	2.9195	0.0250144	0.0356232	0.00591914	0.0636902	0.0133647	0.00834633	0.00858035	0.0118532	0.0134465	0.00847368	0.0262644	0.0287821	0.015393	0.013872	0.505884	0.0142637	0.0731689	0.00984486	0.0262143	0.01387	0.0781316
66	M	3.52719	0.150403	0.098998	0.0137941	0.0326461	0.109217	0.0102185	0.00405008	0.012644	0.0152344	0.0123431	0.155565	0.0286092	0.00266624	0.207068	0.0166517	0.00706784	0.0314761	0.0438487	0.0219421	0.0170893	0.00846668
67	V	3.84228	0.0261802	0.0539797	0.0475888	0.0606346	0.0304019	0.0477048	0.051978	0.0239754	0.0275927	0.0200334	0.0677527	0.0421958	0.0132393	0.0646976	0.0074792	0.0331443	0.0201997	0.277315	0.0104124	0.0432696	0.0302254
68	L	3.70064	0.0222514	0.014979	0.0139395	0.0242141	0.0617144	0.0854114	0.0474886	0.0543466	0.0160533	0.250702	0.0332951	0.0293785	0.0111561	0.0417136	0.0206921	0.0282792	0.0183494	0.0156272	0.0158633	0.0209173	0.173628
69	S	3.17822	0.0102119	0.0676237	0.00636943	0.0442915	0.0102519	0.025902	0.00540267	0.0245516	0.00899365	0.0206993	0.110138	0.00678122	0.122066	0.00647554	0.0218709	0.382308	0.0122703	0.0817568	0.0117162	0.0135733	0.00674603
70	A	3.03635	0.297505	0.0183612	0.00714485	0.0138188	0.0190669	0.217956	0.00420665	0.0153918	0.0046034	0.00820857	0.0107958	0.0237477	0.00995648	0.00226397	0.00893129	0.155179	0.0202092	0.011367	0.0140553	0.130721	0.00651001
71	F	1.93979	0.0220054	0.00961268	0.000409853	0.00380825	0.0584684	0.00317557	0.00240748	0.0011391	0.0833356	0.00134684	0.00228268	0.0319464	0.00181732	0.00682153	0.0490926	0.0027794	0.0065311	0.000145624	0.00997458	0.0248328	0.678067
72	D	2.93082	0.00703993	0.0467196	0.281767	0.0218634	0.00476411	0.00922147	0.0111711	0.0284636	0.00972777	0.00352073	0.241241	0.00606677	0.00811627	0.0170989	0.228079	0.00557344	0.0328477	0.00433763	0.00655964	0.00795438	0.0178662
73	E	3.09837	0.0190772	0.034931	0.0122917	0.0713955	0.0619316	0.00093792	0.00385398	0.1648	0.00324354	0.29827	0.0275796	0.00145028	0.000382779	0.04763	0.0457267	0.0180952	0.000225647	0.177556	0.00734777	0.00250453	0.000769234
74	R	2.54928	0.00216962	0.00557244	0.00627011	0.0280283	0.00591934	0.0020264	0.00360128	0.00644468	0.0200567	0.347119	0.0132056	0.00398903	0.00287867	0.00663244	0.225611	0.0106542	0.0132359	0.267923	0.018327	0.00497817	0.00535744
75	R	2.64063	0.00794859	0.0123474	0.00657986	0.0186825	0.00914379	0.0741958	0.00638149	0.0163252	0.362315	0.00507013	0.0268833	0.0164091	0.00451267	0.00644412	0.350844	0.00752457	0.00410215	0.00373489	0.0311587	0.0106972	0.0187005
76	N	3.18825	0.0155647	0.0034497	0.00936186	0.104397	0.0152619	0.00234676	0.00526704	0.101623	0.0302643	0.192662	0.00876202	0.263552	0.00429682	0.0140688	0.00179159	0.00648616	0.0257022	0.0036013	0.131145	0.0566221	0.00377378
77	K	3.75481	0.0978312	0.0268645	0.00298817	0.0129802	0.00839589	0.085953	0.00294422	0.115847	0.119105	0.0184069	0.00282946	0.0870097	0.0091389	0.0302617	0.0737659	0.100495	0.112184	0.0565289	0.0115691	0.00202599	0.0228756
78	Y	2.61518	0.00700801	0.0179453	0.00898224	0.0146408	0.0289195	0.00764516	0.0126317	0.0308976	0.0174372	0.00333317	0.0065551	0.029304	0.00871152	0.0264574	0.061026	0.00536711	0.0103455	0.024736	0.0182687	0.576171	0.0836169
79	L	2.64812	0.00483485	0.0120859	0.00565174	0.00439921	0.17781	0.0074952	0.00976584	0.0167186	0.0126915	0.496201	0.0950314	0.0206574	0.00602698	0.0104285	0.00983798	0.00417637	0.0136531	0.0293029	0.0104446	0.0111598	0.0416264
80	E	2.94439	0.0371938	0.00339073	0.0191465	0.500628	0.0497692	0.0175556	0.0429972	0.0771438	0.0111732	0.0301757	0.00811748	0.0605082	0.00586558	0.0145956	0.00517584	0.0171009	0.0196416	0.014889	0.0428161	0.0173771	0.00473902
81	E	3.07232	0.00418141	0.0476456	0.223661	0.318955	0.0296266	0.0401381	0.0234813	0.0122127	0.0272826	0.012702	0.00564135	0.00410684	0.0100605	0.0107712	0.00910444	0.00759247	0.0118765	0.0317767	0.00633039	0.159398	0.00345478
82	H	3.09439	0.0216187	0.0364038	0.00329857	0.00183941	0.00242494	0.00225226	0.11283	0.0305879	0.00697816	0.00474114	0.214791	0.0269684	0.00123854	0.251753	0.0465826	0.00378311	0.0112733	0.0192431	0.00808331	0.183355	0.00995454
83	P	1.37899	0.0091857	0.0022081	0.00130045	0.00957367	0.000489131	0.00797053	0.00264504	0.00352831	0.00306329	0.00392945	0.00380497	0.0239657	0.0788776	0.795989	0.00705191	0.0243074	0.0128259	0.00114176	0.00110622	0.00332805	0.00370821
84	S	2.96301	0.0296539	0.0264221	0.00275907	0.000939429	0.00059639	0.0515888	0.00847665	0.00275612	0.00390653	0.0350056	0.00641944	0.262869	0.00714462	0.00847444	0.0131177	0.119205	0.0597663	0.0320331	0.313595	0.000367682	0.0149027
85	A	2.94966	0.12788	0.0195898	0.0220471	0.0114568	0.00200652	0.130632	0.0228994	0.0257296	0.00935396	0.00539327	0.00909721	0.0841138	0.00857271	0.426969	0.0285159	0.0134695	0.0184911	0.0147119	0.00495684	0.000291399	0.0138225
86	G	3.30335	0.181228	0.0259164	0.02293	0.0140713	0.00882267	0.193691	0.0534458	0.00442738	0.039029	0.024054	0.00651449	0.243104	0.0101302	0.0173221	0.0198258	0.0133764	0.0958467	0.00187741	0.00757036	0.00979887	0.00701766
87	K	2.67536	0.00270135	0.0591625	0.0134795	0.0656248	0.00455733	0.019104	0.0197617	0.0207848	0.569718	0.00382477	0.0319541	0.0163586	0.0118131	0.0160133	0.0355273	0.0260059	0.00575722	0.0216266	0.00926995	0.0362033	0.0107515
88	D	2.90658	0.00304507	0.0310738	0.435807	0.0104998	0.0258163	0.0564468	0.0140993	0.0614038	0.00570535	0.00834367	0.00410493	0.0220672	0.00880939	0.0127669	0.00506526	0.0648438	0.0141719	0.012992	0.0134731	0.00515775	0.184307
89	P	2.99824	0.0373808	0.0133967	0.00854993	0.00249607	0.0815972	0.00966239	0.00644684	0.003934	0.00382766	0.0460813	0.0153729	0.00111892	0.127944	0.00204049	0.00349436	0.0333753	0.000726352	0.295659	0.258164	0.0307481	0.0179846
90	K	2.93022	0.00673483	0.00655276	0.0221672	0.0006351	0.00354011	0.0134338	0.0487075	0.474722	0.0627572	0.00380782	0.00174211	0.039505	0.00361632	0.015016	0.0546515	0.00852006	0.0695745	0.0534466	0.0355048	0.0677289	0.00763601
91	K	3.07855	0.0494674	0.168982	0.0176056	0.00829603	0.0262739	0.00433039	0.0266307	0.00189162	0.357262	0.00268634	0.0129885	0.0324194	0.0354277	0.00507545	0.0750198	0.00400175	0.0120637	0.0008357	0.023866	0.00314219	0.131734
92	T	3.0678	0.00997385	0.013307	0.075872	0.016	0.0076318	0.0044745	0.0412821	0.0607726	0.00471602	0.015005	0.0113722	0.264757	0.00939657	0.0244577	0.00948648	0.0110441	0.33675	0.0220025	0.0249302	0.00488937	0.0318795
93	G	3.01612	0.00219034	0.0258669	0.00651435	0.0477165	0.0102545	0.418918	0.153312	0.0317805	0.0131328	0.0251947	0.0173439	0.00985009	0.0157896	0.00698614	0.077244	0.00545727	0.0062494	0.00610913	0.0898754	0.0098735	0.0203418
94	G	2.65445	0.0104932	0.0184084	0.0353955	0.042886	0.0190095	0.595981	0.0148823	0.038598	0.0143993	0.0058995	0.0268436	0.0357092	0.0148804	0.0164205	0.0136577	0.0135685	0.0144495	0.0139726	0.0215493	0.0187827	0.0142134
95	P	3.38547	0.0211056	0.0184523	0.0826972	0.0138013	0.0107768	0.234591	0.0313259	0.0111118	0.0146236	0.00911512	0.0264945	0.0175827	0.277084	0.0121948	0.0427338	0.0114951	0.0289476	0.00774233	0.0441643	0.0763191	0.00764122
96	I	2.68622	0.00216953	0.00186502	0.00161148	0.00308709	0.156647	0.0063928	0.00329966	0.100882	0.00299915	0.31608	0.041686	0.00655579	0.00658346	0.00457531	0.0155615	0.00615033	0.283	0.00419365	0.00300703	0.017748	0.0159051
97	Y	2.15022	0.0549615	0.000677367	0.00630332	0.0455173	0.00498397	0.0116541	0.00191606	0.0111521	0.632467	0.011781	0.00210464	0.0100163	0.00277567	0.0220801	0.00846299	0.00214537	0.0140726	0.00654656	0.00650308	0.126438	0.0174412
98	K	3.42407	0.04703	0.107543	0.0075485	0.0168049	0.0019792	0.0125222	0.0119138	0.000511901	0.124152	0.0262209	0.0651312	0.095726	0.00338125	0.00308235	0.0410087	0.176958	0.208519	0.00247805	0.0196592	0.00335857	0.0244709
99	R	2.88653	0.00593623	0.00733361	0.0410427	0.0132273	0.018342	0.013873	0.00831745	0.0114906	0.011053	0.0152569	0.0142437	0.0246277	0.00915977	0.00964769	0.400876	0.00475508	0.0354333	0.0268988	0.0122263	0.262828	0.0534305
100	V	3.78303	0.0565915	0.0631019	0.0083975	0.0991687	0.0299001	0.0315717	0.037195	0.0289803	0.00263573	0.0365829	0.0623495	0.0239306	0.0699883	0.0151984	0.163276	0.0331051	0.00697514	0.187615	0.0274795	0.00200164	0.0139554
101	D	3.33789	0.0482805	0.0359311	0.253546	0.0236602	0.00543587	0.0274984	0.015484	0.108245	0.00444552	0.0307937	0.00425496	0.0090999	0.1849	0.00518896	0.0104133	0.0768386	0.128856	0.00481876	0.00754129	0.00411648	0.010651
102	R	2.70634	0.0104163	0.0129569	0.0156723	0.013465	0.0899019	0.00493516	0.0185064	0.00152981	0.0216018	0.00513482	0.00691476	0.0710968	0.0102619	0.00784567	0.156559	0.0017406	0.00783967	0.00539982	0.473592	0.00133573	0.0632929
103	K	3.15365	0.0158967	0.0340601	0.0235825	0.028818	0.0119109	0.0037099	0.387398	0.00360481	0.13201	0.048876	0.0222061	0.00927743	0.00501411	0.0219487	0.0900382	0.0134044	0.0106957	0.105079	0.0202865	0.00364029	0.00854198
104	W	2.87482	0.0281502	0.0105191	0.0136328	0.00710138	0.00448265	0.0296161	0.00191901	0.214072	0.00429614	0.0186321	0.0113983	0.0326804	0.0133975	0.0141926	0.00115604	0.00101279	0.0143108	0.346671	0.198725	0.0212334	0.0128006
105	M	3.55238	0.00356747	0.122288	0.0188182	0.0451992	0.0528604	0.0283291	0.09261	0.0611502	0.0127978	0.0325196	0.299435	0.00780828	0.011243	0.0804962	0.00473914	0.0188626	0.0182997	0.0336796	0.0292013	0.0158629	0.0102328
106	R	3.08076	0.0125791	0.0100764	0.0162119	0.0312805	0.00867617	0.0241483	0.00597086	0.0239541	0.0997729	0.187248	0.019254	0.0158641	0.00637327	0.00976706	0.392787	0.0106853	0.00960618	0.0568649	0.0354836	0.0148584	0.00853783
107	E	3.29809	0.208425	0.00861859	0.0968318	0.290779	0.0130812	0.00426069	0.0193966	0.0121177	0.0252944	0.00259796	0.0171336	0.0255725	0.0418251	0.0160869	0.00550469	0.10789	0.00761054	0.0314085	0.0423089	0.0103604	0.0128955
108	L	3.16721	0.0051744	0.0107743	0.013952	0.0125228	0.0162194	0.014352	0.0190766	0.0665622	0.0848753	0.430519	0.0235962	0.0113371	0.0613279	0.0327835	0.00555585	0.019845	0.0172872	0.0365805	0.0153118	0.0929076	0.00943897
109	V	3.71049	0.0346239	0.0120792	0.00874795	0.0836172	0.0304927	0.0327184	0.00601148	0.00851357	0.0117891	0.0315218	0.0301924	0.00798267	0.0235636	0.130089	0.0395986	0.0164568	0.115991	0.221471	0.040491	0.0168123	0.0972367
110	L	2.66102	0.0287902	0.00802161	0.158676	0.010946	0.0204269	0.00553318	0.0111178	0.0199972	0.0185138	0.539264	0.0229637	0.0154313	0.00977431	0.0164707	0.01082	0.0176204	0.00400582	0.0136142	0.0329295	0.0191832	0.0159
111	Y	3.51992	0.00752513	0.00743441	0.0239443	0.0698325	0.0042123	0.00489551	0.203346	0.0960086	0.0163983	0.0517509	0.0591513	0.00848208	0.0444313	0.003398	0.00300377	0.0763284	0.107854	0.0165868	0.00785328	0.179461	0.00810196
112	D	3.23634	0.00778311	0.0740972	0.273168	0.0203913	0.00764547	0.0587327	0.0301061	0.00218234	0.00384522	0.0647053	0.0211119	0.140142	0.0145076	0.00866815	0.209518	0.00123847	0.012924	0.00303275	0.0144879	0.00799776	0.0237148
113	K	2.60172	0.00943432	0.0106818	0.0252761	0.0229759	0.0307563	0.00602435	0.0201368	0.00703801	0.567049	0.00971462	0.0125844	0.0402404	0.0169627	0.12053	0.00607104	0.0173401	0.0367347	0.00583908	0.017656	0.00700724	0.00994703
114	E	3.31231	0.00290689	0.0484945	0.0889327	0.383661	0.0203125	0.00719054	0.00592232	0.0734788	0.0615035	0.0188511	0.0335376	0.0097097	0.0160475	0.0467509	0.0219167	0.00448571	0.027362	0.0141707	0.0133339	0.0870575	0.0143741
115	E	2.88687	0.0166625	0.0118099	0.0429107	0.523336	0.0100054	0.0159849	0.0182842	0.00583424	0.0326276	0.0199644	0.0172053	0.0848456	0.0278665	0.0381979	0.042657	0.0398742	0.00455201	0.0128803	0.0102628	0.0130574	0.0111815
116	I	2.30722	0.0151149	0.0894964	0.00570438	0.000796841	0.000748369	0.00307592	0.00471671	0.107655	0.00130481	0.0185251	0.00136252	0.0126858	0.00749828	0.00785073	0.0192744	0.00234824	0.13474	0.550082	0.00197201	0.00926343	0.00578479
117	R	2.15389	0.000342382	0.0431161	0.000123562	0.00512234	0.00740682	0.0139817	0.0202376	0.00913981	0.00500928	0.00662299	0.646339	0.00221842	0.000169684	0.0210692	0.039545	0.0834498	0.0468962	0.0272273	0.019319	0.00127514	0.00138823
118	R	3.37353	0.00991271	0.0472507	0.0111505	0.0391559	0.0143064	0.00766023	0.110177	0.00874777	0.162282	0.016499	0.0141643	0.0117663	0.037939	0.0270482	0.336558	0.033288	0.0081661	0.0320257	0.0252972	0.034661	0.0119439
119	I	2.99964	0.0229136	0.022524	0.0333287	0.0342577	0.0284504	0.00790623	0.0177282	0.522451	0.0219659	0.0435201	0.0450514	0.026946	0.00906798	0.0229522	0.0145546	0.0187962	0.0264176	0.0110792	0.0331122	0.0229222	0.0140544
120	W	1.36715	0.00148002	0.00367979	0.00281974	0.00344334	0.00223014	0.0255357	0.00280902	0.0174418	0.00100449	0.00251247	0.000829302	0.00300472	0.00118235	0.0122111	0.00303533	0.00233966	0.00114201	0.0282693	0.0901769	0.787865	0.00698779
121	R	3.14153	0.0151499	0.0471246	0.0255851	0.0280157	0.00444334	0.00392952	0.00649713	0.0445271	0.00547478	0.0659095	0.0419573	0.0489615	0.0117103	0.00330413	0.241223	0.33321	0.0271065	0.0125607	0.00530148	0.0249419	0.00306772
122	Q	3.20228	0.0117959	0.164067	0.00355962	0.00937504	0.011133	0.00507158	0.0176594	0.00496132	0.0100243	0.114792	0.176383	0.00358389	0.00172929	0.232499	0.0140468	0.0284041	0.029727	0.0229754	0.00236789	0.00568425	0.13016
123	A	3.09598	0.436192	0.00437114	0.00800464	0.0158448	0.0240779	0.0424229	0.0228917	0.0121587	0.01009	0.139387	0.0118002	0.0165861	0.0639716	0.0592258	0.0187011	0.0213763	0.0126088	0.0382614	0.00857847	0.0270242	0.00642538
124	N	3.3375	0.0437158	0.00187972	0.0483798	0.0190077	0.219601	0.00545127	0.00676935	0.00710553	0.0111105	0.00462214	0.208884	0.178041	0.043043	0.0319638	0.0281403	0.0276652	0.015861	0.0145392	0.0789926	0.00386046	0.00136761
125	N	3.47208	0.0308272	0.00889812	0.00410637	0.010466	0.0789013	0.0214765	0.0024191	0.00501458	0.00610896	0.110734	0.0620238	0.18674	0.00252054	0.0856657	0.0516049	0.0348659	0.0162556	0.0314769	0.0128598	0.229359	0.00767645
126	G	3.36182	0.256071	0.0594643	0.0351851	0.0159988	0.00210181	0.239758	0.0383758	0.00204255	0.00710045	0.0389131	0.00876448	0.0276139	0.00710799	0.00196756	0.0868538	0.0175964	0.0561559	0.0297518	0.0429872	0.0243284	0.00186172
127	D	2.71832	0.0348013	0.0420124	0.0542909	0.093695	0.000329539	0.0576118	0.00300796	0.00118503	0.0142506	0.00576921	0.026692	0.011785	0.00382799	0.515289	0.0103621	0.00444751	0.0153022	0.0632571	0.0380944	0.00206232	0.00192656
128	D	2.11571	0.035068	0.000465089	0.0670962	0.00201475	0.666291	0.0318037	0.00249898	0.00287418	0.0161985	0.041393	0.00388125	0.00286348	0.00728428	0.0224844	0.0210697	0.0111927	0.0250408	0.0297424	0.00944677	0.000140482	0.00115078
129	A	3.08935	0.214304	0.024849	0.0227233	0.0132299	0.0458817	0.00433868	0.00249428	0.00480521	0.343036	0.0578823	0.0970772	0.00498026	0.00342267	0.0412916	0.0591567	0.0208556	0.0152261	0.00742174	0.00692584	0.00734981	0.00274809
130	T	3.14446	0.0269072	0.338994	0.0130909	0.00983567	0.00373719	0.00868233	0.042211	0.023702	0.0270595	0.0116063	0.101289	0.00316637	0.0214885	0.0271146	0.0704172	0.00993667	0.219151	0.0203161	0.0095581	0.00685965	0.00487583
131	A	0.653762	0.014224	0.00421751	0.00192288	0.000223072	0.00756644	0.000465976	0.00405659	0.000412339	0.00349708	0.000623282	0.00784056	0.000796341	0.926389	0.00123938	0.000586398	0.00208741	0.00187495	0.0033205	0.00722242	0.00684543	0.0045887
132	G	3.06702	0.0261926	0.0227894	0.110021	0.0202463	0.0132624	0.30617	0.00767681	0.29257	0.00601815	0.0166228	0.0144911	0.00820427	0.014453	0.0334727	0.0231984	0.00879758	0.0172348	0.00594031	0.0336952	0.00704829	0.0118956
133	L	2.2762	0.0161047	0.0160042	0.00475653	0.00395155	0.0255758	0.00274379	0.00178572	0.555775	0.00663804	0.206725	0.0659775	0.00848944	0.0175439	0.0204218	0.00288255	0.0090858	0.00604133	0.00167533	0.0209994	0.0023004	0.00452219
134	T	2.61792	0.0702388	0.0057124	0.0539973	0.00648899	0.0451933	0.0208332	0.0133464	0.0195606	0.00730545	0.00490886	0.019408	0.00743029	0.0337066	0.00820894	0.00473083	0.00797542	0.570052	0.0601233	0.0186486	0.00563876	0.016492
135	H	3.30163	0.0257442	0.0112683	0.0101068	0.0692609	0.0150569	0.0252328	0.425527	0.0115905	0.0209381	0.0195937	0.0529684	0.0427486	0.0246991	0.054068	0.0562862	0.0520289	0.0273702	0.00285724	0.0197947	0.0156997	0.0171598
136	M	2.79082	0.0416847	0.118774	0.0137943	0.0845662	0.00151259	0.0144859	0.00776768	0.458948	0.0039048	0.0128448	0.0696293	0.00206019	0.00579616	0.0731435	0.0027047	0.0432585	0.0380278	0.000717813	9.75347e-05	0.00152249	0.00475935
137	M	2.80361	0.00379127	0.0169804	0.00417217	0.0195286	0.0781635	0.00637945	0.00896804	0.0457152	0.0342455	0.0571601	0.517222	0.00661697	0.036962	0.0281314	0.00913258	0.0243433	0.074482	0.00319466	0.00725626	0.00550652	0.0120476
138	I	2.63812	0.00823261	0.00621222	0.0105437	0.0121854	0.0256795	0.00271937	0.0146052	0.569497	0.0231484	0.0155719	0.0333555	0.0674185	0.0781083	0.00661962	0.00580735	0.0350076	0.0205374	0.00816615	0.0249875	0.00653765	0.0250597
139	W	3.15192	0.0188724	0.0717836	0.00876137	0.0354348	0.0103645	0.0203043	0.0869215	0.0203622	0.0073096	0.377903	0.0145582	0.00504617	0.0077468	0.0166735	0.00456932	0.0142767	0.00391037	0.0362202	0.179238	0.0279659	0.0317774
140	H	3.3458	0.0278812	0.00998386	0.0322484	0.0459383	0.0208059	0.0635724	0.414385	0.0886806	0.011467	0.0349752	0.0317183	0.0283063	0.0252869	0.0447603	0.0128855	0.00837973	0.0112879	0.0281158	0.0190365	0.0303204	0.00996481
141	S	2.99936	0.0146959	0.025203	0.00779587	0.00995583	0.0240318	0.0616264	0.0111519	0.010165	0.0114191	0.0187097	0.0215288	0.0261961	0.063294	0.00910886	0.0120389	0.457528	0.151287	0.0118029	0.0180097	0.0177691	0.0166827
142	N	3.03383	0.0218992	0.0277126	0.0133013	0.00911203	0.0130429	0.0469647	0.0164623	0.0289752	0.0192692	0.125333	0.0768914	0.464194	0.00952963	0.014171	0.00296179	0.0223645	0.0175325	0.011392	0.021894	0.0145742	0.0224224
143	L	3.5302	0.0252615	0.0335689	0.0153084	0.0134103	0.0277118	0.0666836	0.110994	0.0196101	0.00648359	0.331393	0.0286054	0.028674	0.0159081	0.0325479	0.00728717	0.0403616	0.0162771	0.0221724	0.109199	0.0303171	0.0182252
144	N	2.58347	0.00306766	0.0517013	0.0180075	0.00692887	0.00650777	0.0143583	0.0050543	0.0063037	0.0203253	0.00681675	0.446344	0.250719	0.0903765	0.00481012	0.00163232	0.00715853	0.0238058	0.00387466	0.018132	0.00982691	0.00424856
145	D	2.73219	0.019306	0.00609933	0.514426	0.0161306	0.00686241	0.00808686	0.0310911	0.0143307	0.168873	0.0189833	0.0374866	0.0196567	0.00624164	0.016221	0.0282812	0.00680574	0.00939253	0.0158146	0.0204715	0.0270392	0.00839951
146	T	3.25419	0.0354504	0.0224674	0.0146507	0.0395942	0.0293187	0.0745394	0.0180567	0.0150979	0.0260841	0.0352293	0.0166006	0.0138783	0.0101264	0.0327082	0.0267691	0.0264922	0.450162	0.0345511	0.0193338	0.0531017	0.00578838
147	T	3.12281	0.0135055	0.0116486	0.00868693	0.0267612	0.0121472	0.00367243	0.0346432	0.0470188	0.0353745	0.0129651	0.06264	0.0433079	0.0128469	0.0860908	0.0291254	0.0148592	0.461983	0.0416091	0.0131629	0.0132387	0.0147126
148	Y	2.71819	0.00271242	0.0138877	0.0347842	0.0128434	0.0169434	0.00947628	0.0402464	0.0326402	0.00975499	0.00585294	0.0251004	0.0110832	0.0207118	0.00761105	0.00546393	0.024056	0.0132415	0.00678269	0.0160813	0.491053	0.199673
149	Q	2.45127	0.00432015	0.00664346	0.00815335	0.0189357	0.0235727	0.0773013	0.0227005	0.0091767	0.0152701	0.00502924	0.020524	0.0122223	0.00696607	0.619301	0.0118242	0.00554969	0.0249356	0.0263826	0.0293177	0.0369948	0.014879
150	R	2.71655	0.00361668	0.0168145	0.0377956	0.0136403	0.00716215	0.0114088	0.0209675	0.00505534	0.283375	0.00584811	0.0308998	0.00825637	0.0155382	0.0100765	0.42815	0.0142206	0.0168685	0.0130905	0.028632	0.0115046	0.0170784
151	T	2.81108	0.00403958	0.0118938	0.0288549	0.0330826	0.0144712	0.0121966	0.00385595	0.0102925	0.21302	0.0229752	0.0131132	0.00668625	0.00761012	0.0084553	0.00255961	0.0230065	0.423706	0.0137309	0.0196358	0.00702165	0.119793
152	R	2.35165	0.00395662	0.0130971	0.00481519	0.0123658	0.00976514	0.00247792	0.00898234	0.00558355	0.164451	0.00965645	0.0394342	0.00763451	0.0144162	0.0587022	0.575934	0.0137797	0.00528373	0.00335199	0.0108515	0.00528657	0.0301748
153	A	2.82524	0.488129	0.00947751	0.00734168	0.0303938	0.0217449	0.00546798	0.00348389	0.0185736	0.00436155	0.00858733	0.00598069	0.0234717	0.0430087	0.0263736	0.0449069	0.153949	0.0167256	0.00725359	0.0549781	0.0170496	0.00874054
154	L	2.20891	0.0111434	0.00183527	0.00248735	0.00846841	0.0101582	0.0017635	0.00549412	0.438448	0.00420815	0.36247	0.00641092	0.00177465	0.0163338	0.0032357	0.00921531	0.0117153	0.00386845	0.0117183	0.00946865	0.0105892	0.0691937
155	V	2.42543	0.0032009	0.0191474	0.0298051	0.0235766	0.0262198	0.0172372	0.00547202	0.00922149	0.00868607	0.0106297	0.0309019	0.0115191	0.0243109	0.00746443	0.0213775	0.0523212	0.019835	0.635241	0.0108687	0.00720058	0.025764
156	R	2.52278	0.022208	0.0250218	0.00409199	0.002776	0.00638199	0.00754363	0.0597153	0.019874	0.0409707	0.00361175	0.00609874	0.0257756	0.00847807	0.0125222	0.593512	0.052649	0.0139563	0.00258567	0.00999016	0.0313935	0.0508436
157	T	2.64903	0.00668391	0.0240051	0.0725649	0.0104501	0.00188437	0.00500981	0.00828921	0.452249	0.00744954	0.00456188	0.012816	0.00494991	0.00306455	0.0191957	0.00437351	0.0468863	0.228579	0.0576399	0.00492717	0.0163855	0.00803445
158	G	3.48703	0.0464675	0.0599767	0.00252563	0.0433809	0.00556696	0.242123	0.0860316	0.0228614	0.00191908	0.120671	0.0139266	0.170421	0.00400417	0.038979	0.0169788	0.0610009	0.020293	0.00308359	0.0166195	0.0132961	0.0098739
159	M	2.7433	0.0117228	0.0408317	0.0166358	0.00607309	0.00320559	0.00528472	0.0278129	0.0279503	0.0317768	0.209871	0.476282	0.0193459	0.00952889	0.00502582	0.0206432	0.0207	0.00775659	0.025548	0.0191739	0.00212319	0.0127072
160	D	2.61855	0.0144186	0.00743429	0.532024	0.068591	0.00925669	0.00721806	0.00822321	0.0351348	0.00516691	0.0132536	0.00511625	0.143904	0.00971529	0.0213042	0.017513	0.00211794	0.0389152	0.00409596	0.0124205	0.00701421	0.037162
161	P	2.62418	0.0362084	0.010362	0.00765444	0.00162724	0.0431419	0.0465604	0.00814633	0.0181277	0.0197038	0.0184204	0.0103154	0.0119098	0.5883	0.0240086	0.0305838	0.0257516	0.023115	0.0493146	0.00459373	0.0107751	0.0113796
162	R	2.78755	0.00415882	0.0206185	0.00852822	0.0411491	0.0115385	0.00232486	0.00314466	0.0172524	0.0553813	0.0340177	0.0145568	0.00669524	0.0280978	0.0258032	0.519198	0.00480734	0.0176826	0.0132618	0.032633	0.0203054	0.118844
163	M	1.07431	0.000209954	0.0497299	0.000952594	0.00349414	0.00815771	0.00267433	0.00094907	0.846885	0.000685777	0.00513088	0.042935	0.000433517	0.000383567	0.00193488	0.00171093	0.00646022	0.0073122	0.00814929	0.00765076	8.71398e-05	0.00407347
164	C	2.94308	0.32067	0.251324	0.0023005	0.00539092	0.00263763	0.00143531	0.00446501	0.0306302	0.00417711	0.0561051	0.00659978	0.0127765	0.0466527	0.119368	0.00449807	0.00934017	0.0179947	0.0782055	0.0105526	0.00930593	0.0055701
165	S	2.92903	0.20222	0.00600166	0.00742045	0.0038839	0.0822063	0.00964045	0.038791	0.00351748	0.00845524	0.0104303	0.0656762	0.0439048	0.0591064	0.00431727	0.00290366	0.392071	0.0025536	0.00520253	0.00893599	0.0321352	0.0106265
166	L	3.281	0.0501597	0.00461861	0.0271055	0.0321711	0.012054	0.0190085	0.0243795	0.0291028	0.0560626	0.351682	0.0808064	0.0129999	0.00522951	0.0482268	0.00613272	0.1736	0.00176307	0.0239417	0.019176	0.00476964	0.01701
167	M	2.89355	0.0205461	0.00481702	0.0124844	0.00855399	0.038037	0.0188889	0.0144926	0.0283833	0.0113399	0.169	0.478787	0.0044152	0.0160851	0.0205577	0.0375739	0.0237673	0.0122546	0.0330294	0.00663647	0.0162881	0.0240617
168	Q	3.32897	0.178667	0.0354069	0.00759288	0.0267343	0.0186974	0.00277371	0.00961008	0.0189392	0.0262213	0.0092958	0.108968	0.00293742	0.0290567	0.294832	0.00813266	0.0604227	0.0166605	0.00412205	0.0166659	0.0170093	0.107253
169	G	2.99772	0.107442	0.00751136	0.0169623	0.0196023	0.00782625	0.401536	0.0312946	0.0144284	0.00458003	0.0382798	0.0105586	0.0138778	0.00194899	0.00452908	0.00622202	0.0223648	0.0172722	0.0130679	0.050513	0.0198295	0.190352
170	S	2.92916	0.00366671	0.0305517	0.0108361	0.0188454	0.080756	0.0337039	0.00335673	0.0349591	0.0120707	0.0311531	0.010649	0.00832623	0.0160501	0.0138712	0.0120234	0.509952	0.0283531	0.0155116	0.0632254	0.0226722	0.0394668
171	T	2.87544	0.00525456	0.0109404	0.0281063	0.0178398	0.00494399	0.0136328	0.0103013	0.0064662	0.0599243	0.00446875	0.279556	0.0137398	0.0205858	0.0129752	0.0216261	0.0190392	0.385222	0.0423335	0.0121337	0.00540336	0.0255069
172	L	3.04937	0.265334	0.0325933	0.00848915	0.0111843	0.0164245	0.00675025	0.00347029	0.0956732	0.00782555	0.303108	0.00717747	0.00461412	0.0385894	0.0073993	0.027571	0.0123588	0.00509113	0.1006	0.011605	0.0294181	0.00472323
173	P	2.2926	0.0208053	0.00208962	0.0044751	0.109261	0.000830592	0.00659944	0.00815948	0.00228196	0.516888	0.0132674	0.0125921	0.000691222	0.225273	0.0133608	0.00249618	0.00535978	0.0138089	0.0145919	0.00242985	0.016897	0.00784153
174	R	2.0498	0.00430797	0.0117248	0.00504715	0.0070776	0.00341614	0.00756545	0.00649052	0.00523743	0.0129035	0.0150649	0.0202987	0.0307257	0.0217045	0.0046053	0.707325	0.0361297	0.0121764	0.0263204	0.0214666	0.0160048	0.0244071
175	R	2.61486	0.00824292	0.038915	0.019216	0.0357867	0.020742	0.00430513	0.00664851	0.00836254	0.0201262	0.0287559	0.0269351	0.0102073	0.00748425	0.0077577	0.56938	0.00887891	0.0135135	0.00721624	0.0423215	0.0108648	0.104339
