#SITE	WT_AA	SITE_ENTROPY	PI_A	PI_C	PI_D	PI_E	PI_F	PI_G	PI_H	PI_I	PI_K	PI_L	PI_M	PI_N	PI_P	PI_Q	PI_R	PI_S	PI_T	PI_V	PI_W	PI_Y	PI_*
1	M	3.48498	0.0159087	0.0388107	0.018452	0.0390997	0.0424851	0.0368341	0.0202997	0.0188292	0.0401885	0.0230435	0.403594	0.0383256	0.0144543	0.0343862	0.0227128	0.0197179	0.0283003	0.029555	0.064831	0.018977	0.0311952
2	A	1.5805	0.785233	0.0129875	0.0178723	0.0225037	0.0102574	0.00465063	0.00312745	0.00851736	0.0116435	0.00296666	0.0451675	0.00830129	0.00162512	0.0079183	0.00200136	0.00378126	0.00585007	0.0109113	0.0194635	0.0076517	0.00756914
3	S	2.39607	0.0165114	0.00109849	0.000643243	0.00019727	0.172698	0.000281001	0.00040904	0.00561721	0.00383743	0.433143	0.00773879	0.000440477	9.47876e-05	0.00383328	0.00633905	0.0725484	0.00891132	0.00524709	0.190946	0.0693484	0.000116036
4	Q	2.8137	0.00459814	0.011835	0.000349251	0.0729801	0.0714763	0.000178104	0.0239583	0.181502	0.00292991	0.109741	0.000518858	0.0234256	6.88253e-05	0.0119175	4.03293e-05	0.00653252	0.128476	0.00276905	0.000222532	0.34613	0.000350926
5	G	2.81288	0.0178365	0.10453	0.00578657	0.00542063	0.0123859	0.181773	0.00105595	0.00174014	0.00507387	0.00123239	0.0057492	0.00646973	0.00702206	0.0030484	0.18041	0.317142	0.116727	0.00340981	0.0130259	0.00824549	0.00191503
6	T	1.40527	0.00668217	0.00670344	0.00904217	0.00774009	0.00806562	0.00340148	0.00794306	0.00418681	0.0139297	0.00780273	0.0187927	0.0186966	0.011474	0.00692946	0.00575132	0.00415301	0.822695	0.00511124	0.019922	0.00523851	0.00573882
7	K	1.65083	0.00232859	0.0439693	0.00684633	0.0119212	0.00780854	0.00301184	0.00578062	0.00771036	0.748102	0.00197547	0.014225	0.0910756	0.0038796	0.00911361	0.00328459	0.00212899	0.00533127	0.00632093	0.0125987	0.006047	0.00654088
8	R	1.89803	0.00456477	0.0237092	0.0140626	0.00776108	0.0106717	0.00862206	0.00708623	0.00528417	0.00441748	0.0366941	0.0165329	0.00745665	0.00524578	0.0106441	0.712824	0.00372956	0.00478784	0.0112335	0.090024	0.00741523	0.00723298
9	S	2.46092	0.467453	0.00662786	0.00195001	0.00191755	0.0496002	0.000865173	0.00394052	0.0131163	0.00189444	0.07107	0.0670697	0.0015287	0.0299095	0.00245565	0.00328149	0.232181	0.0285688	0.00634813	0.00430355	0.00456962	0.00134942
10	Y	1.91787	0.00168886	0.000200638	0.000866747	0.00130591	0.000314081	0.000184678	0.0728835	0.0045424	0.000377578	0.206793	0.017706	9.25212e-05	0.013719	0.0427839	0.00223545	0.000747378	0.0013246	0.593981	0.00102468	0.0278808	0.00934667
11	E	2.77279	0.017249	0.0344824	0.0484873	0.544973	0.00949279	0.00325894	0.0626872	0.00666607	0.0144352	0.00674711	0.0354585	0.0425234	0.00273883	0.0184091	0.00355673	0.0287941	0.0502458	0.0248253	0.0119822	0.011429	0.021558
12	Q	2.39565	0.0147424	0.00204038	0.00348496	0.00829784	0.0101759	0.000231495	0.471182	0.00314861	0.120852	0.0116647	0.0186249	0.236996	0.00182214	0.00866599	0.0241942	0.0436194	0.00552294	0.000639267	0.0109483	0.00218534	0.000961097
13	M	2.18289	0.00589618	0.0159126	0.0694309	0.00892028	0.00763222	0.00742047	0.00639298	0.0262229	0.0357962	0.0473645	0.663317	0.00932731	0.000819146	0.00815879	0.00731944	0.0240701	0.00932214	0.00587021	0.0282362	0.00500125	0.00756898
14	E	2.27626	0.00602627	0.0412974	0.0763659	0.636505	0.0150024	0.00615704	0.00478305	0.0167112	0.028347	0.0224293	0.0125581	0.06189	0.00102997	0.0103383	0.00238828	0.00352621	0.0213956	0.00736137	0.0104961	0.00690831	0.00848328
15	T	2.64148	0.0036092	0.00956498	0.0088509	0.0146622	0.0211438	0.00291319	0.0741932	0.00838781	0.0341537	0.0213922	0.0156013	0.244625	0.00241655	0.0121982	0.00286813	0.0293304	0.455465	0.0134712	0.012129	0.00589836	0.00712545
16	D	2.76818	0.00334367	0.0185751	0.51318	0.0919341	0.0143816	0.00815522	0.0120981	0.0210031	0.0111683	0.0295831	0.0765137	0.053737	0.00344446	0.00891851	0.00282593	0.00594724	0.00426092	0.0129357	0.0133773	0.022582	0.0720353
17	G	2.85412	0.00321421	0.0872461	0.00900705	0.029076	0.00725251	0.457446	0.0214903	0.00961907	0.00607746	0.00373115	0.020757	0.00531786	0.0325426	0.151601	0.0759553	0.0161783	0.0216669	0.00480989	0.0254539	0.00779086	0.00376675
18	E	3.23053	0.0774883	0.00526198	0.030416	0.383979	0.0211297	0.0148819	0.106772	0.0100937	0.0123251	0.00210482	0.0154396	0.0210536	0.0333649	0.0370595	0.012942	0.0490447	0.108889	0.0403024	0.0102121	0.00214807	0.00509192
19	R	2.2369	0.00679459	0.0168103	0.0109377	0.0152693	0.0176818	0.00446768	0.0511839	0.0112599	0.0252015	0.00538836	0.0259159	0.0104523	0.00363268	0.0539486	0.663823	0.0126642	0.00907976	0.00510977	0.0155392	0.0284062	0.00643299
20	Q	1.55485	0.00298432	0.0115628	0.00704811	0.0125645	0.00764766	0.00479905	0.0160552	0.00691014	0.00936078	0.00689115	0.0133304	0.0253055	0.00755709	0.798895	0.0145338	0.00611587	0.00349428	0.0058182	0.0187053	0.0108669	0.00955357
21	N	0.543009	0.000156241	0.00333036	0.00334307	9.59643e-05	0.000313885	0.000594501	0.00244135	0.00213365	0.0164573	0.000922231	0.937652	0.012206	0.000944469	0.00172125	0.00181919	0.00274662	0.00985738	0.000488257	0.000757486	0.00179432	0.000224191
22	A	2.41067	0.136457	0.0053275	0.00282768	0.0027642	0.0144084	0.000517845	0.0225255	0.00997822	0.0555479	0.00012564	0.00159278	0.0191742	0.00860987	0.00548563	0.0391313	0.0183773	0.112784	0.536917	0.00319461	0.00159161	0.00266261
23	T	2.70794	0.00444535	0.00166149	0.000165078	0.000518122	0.0142661	0.0036756	0.440123	0.0730391	0.028563	0.00899278	0.000452094	0.00461028	0.000999826	0.099294	0.0962838	0.128951	0.0300703	0.006717	0.000350271	0.0567255	9.60173e-05
24	E	2.61328	0.0205946	0.00745368	0.0267836	0.446428	0.00290457	0.00609675	0.00471129	0.02848	0.0137299	0.0170674	0.0286225	0.00488556	0.0112178	0.278066	0.0223088	0.012657	0.0430421	0.00606479	0.00568619	0.00380667	0.00939261
25	I	1.82756	0.0010237	0.0025987	0.00161754	0.00227134	0.00821873	0.126489	0.00185041	0.163739	0.00123916	0.00477869	0.0183157	0.0103979	0.00135323	0.00146037	0.627043	0.00280245	0.00258722	0.0029188	0.00454858	0.00918119	0.0055652
26	R	2.01191	0.00590137	0.00803084	0.0254729	0.0104585	0.0142794	0.0076796	0.00556646	0.0224759	0.025341	0.00895794	0.0176324	0.00793613	0.00621827	0.00785	0.714231	0.0149231	0.00749164	0.0201501	0.049537	0.0137111	0.00615502
27	A	1.06155	0.0514158	0.000824632	0.000175952	0.000655166	0.000941049	0.00635047	0.000605342	0.00272624	0.000178557	0.00929552	0.00167182	0.0768032	0.000159672	0.00200912	0.00269227	0.00109562	0.00841564	0.829878	0.00177882	0.00172033	0.000606523
28	S	2.63515	0.0225392	0.0113749	0.00775885	0.014615	0.0308312	0.145344	0.00556144	0.0171437	0.00911321	0.0287492	0.027153	0.0233921	0.0100195	0.00511567	0.01822	0.5487	0.00588055	0.00379753	0.0246704	0.0238743	0.0161458
29	V	2.09222	0.0262815	0.0103102	0.0184163	0.00551243	0.0194404	0.0100145	0.00900363	0.0141725	0.00543516	0.0185032	0.0245629	0.0155675	0.0036575	0.0185849	0.0178265	0.0117635	0.0089246	0.706985	0.0288253	0.0136516	0.0125608
30	G	2.87811	0.0667772	0.00367266	0.004318	0.0205528	0.00455373	0.331026	0.00364509	0.0117456	0.0783914	0.00479432	0.0207709	0.0152215	0.0157497	0.0269907	0.00880464	0.0254071	0.00176353	0.0198298	0.0190325	0.00641643	0.310536
31	K	2.5948	0.017607	0.215002	0.00607437	0.0345725	0.0100213	0.0149654	0.00480198	0.0319589	0.505563	0.00753181	0.0298012	0.0207712	0.00771967	0.0123084	0.00902691	0.0199893	0.0198603	0.00700468	0.0176355	0.0017551	0.00602998
32	M	2.46962	0.027881	0.00525878	0.0115057	0.0274577	0.0050227	0.0174432	0.0252887	0.0189987	0.0588273	0.00392606	0.621945	0.0244405	0.0413627	0.0180729	0.00770285	0.0197615	0.00360112	0.0197677	0.00943525	0.0173625	0.0149382
33	I	2.94862	0.0944565	0.0548199	0.00451001	0.0100482	0.0116669	0.0158213	0.00160894	0.248712	0.00237695	0.0490954	0.339569	0.00311684	0.0299252	0.00184684	0.00325671	0.0281838	0.0490671	0.0426478	0.00579125	0.00126152	0.00221857
34	D	3.17154	0.0457073	0.0977012	0.125409	0.200912	0.257871	0.0362581	0.00219846	0.0830015	0.00184696	0.0398337	0.00191105	0.00280595	0.000661665	0.00122835	0.00258643	0.0234515	0.00850196	0.0529945	0.00682919	0.00754154	0.000748994
35	G	2.51229	0.00367048	0.00944054	0.00295435	0.00670374	0.0231136	0.362591	0.0275266	0.0254082	0.0222398	0.0105911	0.0148381	0.00842106	0.0101345	0.0256514	0.0134473	0.395718	0.00295773	0.00973543	0.0126105	0.00290468	0.00934117
36	I	2.21649	0.573326	0.00296436	0.00642979	0.00624084	0.00321859	0.0460303	0.0049547	0.1564	0.00110022	0.00600242	0.0136616	0.00388451	0.0018238	0.0031562	0.00473965	0.0695562	0.0764778	0.00235171	0.00666555	0.00316433	0.00785159
37	G	3.26381	0.00669067	0.0563913	0.0572212	0.0120035	0.180405	0.29963	0.00859422	0.0137223	0.0163127	0.00379783	0.0129038	0.00867219	0.155484	0.0154419	0.0109387	0.0430606	0.00323433	0.0417541	0.0348884	0.00768592	0.0111667
38	R	3.2719	0.0525922	0.0228578	0.110381	0.0169277	0.0110425	0.0177971	0.16387	0.00652755	0.0271245	0.00951302	0.0216075	0.00482568	0.066232	0.0218435	0.348148	0.00489106	0.0204901	0.00470959	0.0370966	0.0106576	0.0208653
39	F	3.11669	0.0906009	0.0171221	0.0209686	0.00311377	0.353648	0.00235881	0.0152043	0.0260962	0.00452293	0.0617591	0.0705638	0.00857962	0.0311413	0.00977426	0.00630361	0.200721	0.0153215	0.0111298	0.00785158	0.0390516	0.00416814
40	Y	2.87582	0.128851	0.0109702	0.00978577	0.00926186	0.0670539	0.00339246	0.216523	0.00335189	0.0057019	0.0290855	0.0424996	0.00735369	0.00466198	0.0314388	0.00469643	0.00418404	0.00657478	0.0102602	0.0181572	0.379077	0.00711913
41	I	2.60545	0.00051639	0.0953796	0.000540676	0.000702675	0.00930368	0.073207	0.023586	0.0476141	0.000871781	0.000926659	0.0015881	0.00213149	0.507845	0.0378325	0.0128893	0.0529582	0.00788633	0.00913945	0.0998282	0.00986294	0.00539045
42	Q	2.43402	0.0435964	0.0166466	0.0158193	0.0180068	0.0100159	0.00728329	0.0638027	0.0177941	0.0140604	0.0100986	0.0135228	0.00678526	0.036492	0.624797	0.0125261	0.0155704	0.00410657	0.00574376	0.0145652	0.00773026	0.0410369
43	M	2.97275	0.0395296	0.0224304	0.0182257	0.0159984	0.0237269	0.0239427	0.0201599	0.0243982	0.067721	0.0302371	0.514688	0.0180213	0.00397234	0.0101175	0.0112168	0.0303801	0.0579291	0.0238833	0.0225251	0.0139101	0.00698694
44	C	3.5282	0.0277497	0.16041	0.00359162	0.0118436	0.019088	0.107899	0.00157841	0.118311	0.0033796	0.102227	0.00463933	0.0737233	0.00327251	0.00403661	0.000956676	0.0122102	0.0742845	0.0117533	0.0353355	0.0618106	0.161901
45	T	2.57468	0.0314055	0.00906377	0.0197028	0.0143615	0.00999858	0.00281443	0.00429148	0.0496738	0.00602391	0.0120864	0.0246763	0.0120004	0.0288596	0.00913649	0.00137562	0.00266184	0.392985	0.00554549	0.0112777	0.0105179	0.341542
46	E	2.67751	0.0204756	0.0173406	0.0704339	0.52037	0.0205524	0.00678124	0.00783347	0.00712389	0.0256512	0.0116708	0.0417912	0.0079713	0.151015	0.0185019	0.00618374	0.00333834	0.00364618	0.00593329	0.02152	0.0164741	0.015392
47	L	2.5791	0.00203296	0.00383452	0.00658652	0.0699902	0.0047003	0.403435	0.0224857	0.00929326	0.00196315	0.138225	0.0135328	0.0145381	0.00600529	0.00198143	0.0057433	0.0110805	0.0147884	0.255501	0.00508562	0.00676254	0.00243412
48	K	2.94304	0.00630303	0.013249	0.0137774	0.0186984	0.0214493	0.00421044	0.00902486	0.0164461	0.369328	0.0881585	0.0395886	0.0474379	0.0131038	0.0152654	0.00968896	0.0068794	0.262504	0.00856756	0.0206549	0.00603819	0.0096267
49	L	3.10551	0.014546	0.0356492	0.0125577	0.00947114	0.0130098	0.0027471	0.0256357	0.0237286	0.0161606	0.358901	0.256392	0.0633493	0.0222424	0.00820859	0.0108408	0.0236035	0.0280801	0.0176627	0.0174752	0.0185897	0.0211491
50	S	3.27379	0.0165546	0.0192288	0.00961052	0.0240688	0.239691	0.0183227	0.0503955	0.000228026	0.00316142	0.114514	0.000851125	0.00419283	0.240586	0.0706359	0.0156208	0.056068	0.00424759	0.0749683	0.00287994	0.0109293	0.0232447
51	D	2.32335	0.0543847	0.000828251	0.0446876	0.0217095	0.00223538	0.0357322	0.000468369	0.033536	0.00432481	0.0701036	0.000362434	0.000935215	0.00449241	0.00382856	0.0199214	0.00846482	0.584427	0.102162	0.00165449	0.00181798	0.00392346
52	Y	2.98182	0.0197725	0.000697041	0.00587426	0.00196553	0.0346651	0.0300797	0.0011168	0.00425158	0.000926265	0.00134904	0.0274651	0.321124	0.00115493	0.000784614	0.119405	0.0318826	0.195578	0.018137	0.0716499	0.110838	0.00128296
53	E	2.03012	0.629125	0.0223466	0.0103666	0.0760631	0.0355674	0.0120203	0.000885635	0.00108045	0.0013921	0.00187873	0.00122319	0.00493584	0.00317809	0.113362	0.00134423	0.068678	0.00592871	0.00102961	0.000301585	0.00694541	0.00234766
54	G	3.00997	0.00354063	0.0114738	0.0235437	0.071662	0.0192071	0.381798	0.00499966	0.0072715	0.00453023	0.00288306	0.00910184	0.0131313	0.106933	0.0400934	0.0309046	0.199937	0.00964223	0.0131581	0.0138352	0.0191788	0.0131749
55	R	2.81353	0.00218833	0.0104116	0.00525126	0.00278323	0.138852	0.00298	0.0758836	0.00207923	0.367175	0.00159862	0.0302389	0.00241311	0.00710998	0.0112304	0.14274	0.00534188	0.00829307	0.0107657	0.0104117	0.156672	0.00557957
56	L	2.86677	0.0975602	0.0014551	0.010428	0.000713452	0.00141053	0.0183078	0.00608091	0.153865	0.00106985	0.101275	0.023236	0.326648	0.00122459	0.000887765	0.00535779	0.188748	0.0213435	0.0155038	0.0228748	0.000835246	0.0011754
57	I	2.92731	0.0450574	0.0425891	0.0142864	0.0246006	0.0114764	0.0100121	0.0170378	0.360623	0.00275545	0.0634413	0.0198358	0.0265296	0.00608561	0.00984506	0.00820344	0.0046821	0.0429937	0.276747	0.00530009	0.003657	0.0042409
58	Q	2.40011	0.0097485	0.00549906	0.00271266	0.050058	0.00765268	0.0141568	0.00925708	0.0020666	0.0098034	0.0077077	0.00962564	0.436538	0.0145469	0.336009	0.0126015	0.0137762	0.00136124	0.0106245	0.0107443	0.0306209	0.00489005
59	N	3.13556	0.00750159	0.0112016	0.166945	0.013608	0.0177947	0.0227322	0.0670043	0.00351757	0.0176961	0.0131936	0.00872601	0.351641	0.00964515	0.0394719	0.00574982	0.0116273	0.0125693	0.148998	0.0478999	0.00345969	0.0190172
60	S	2.70266	0.108209	0.20033	0.00173128	0.00686366	0.00451434	0.348306	0.00612022	0.0235791	0.00416044	0.0170329	0.00374203	0.0397786	0.000806109	0.00210638	0.00178248	0.197342	0.0149318	0.00486409	0.00614164	0.00418596	0.00347215
61	L	3.15322	0.0494986	0.00748805	0.00398981	0.0256263	0.0264024	0.0143713	0.0317094	0.00736146	0.0607537	0.367123	0.0165334	0.165356	0.00273229	0.070661	0.00385372	0.00208388	0.0264953	0.0902832	0.0086941	0.0048844	0.0140992
62	T	2.37886	0.00724358	0.0417752	0.00232073	0.00645532	0.00296658	0.0581612	0.00198248	0.000207155	0.00226296	0.00190508	0.000989658	0.502877	0.0031048	0.0149577	0.213759	0.0331877	0.0746889	0.0010897	0.00876019	0.00417421	0.0171309
63	I	3.22588	0.0301741	0.03978	0.0212485	0.0203967	0.0636372	0.00712638	0.00606052	0.300825	0.0546765	0.0216572	0.0282849	0.00203012	0.00279062	0.00409847	0.232573	0.0304083	0.0935304	0.00231547	0.00492509	0.0192326	0.0142287
64	E	2.97645	0.00477004	0.00830763	0.0526475	0.490081	0.0118718	0.0710744	0.0457619	0.0300759	0.0240449	0.0252627	0.0147738	0.00423499	0.0258173	0.00324923	0.0145802	0.0576415	0.0355668	0.0077733	0.011245	0.00672894	0.0544912
65	R	2.55231	0.0122745	0.0176842	0.0105125	0.0408551	0.0142529	0.00831835	0.00795257	0.0562956	0.0282	0.00271728	0.018383	0.0174059	0.0141271	0.0317198	0.599751	0.00973288	0.0359516	0.0036816	0.0254844	0.00254469	0.0421553
66	M	3.42188	0.203744	0.105862	0.013762	0.0220561	0.111328	0.0160818	0.00973643	0.0139519	0.018336	0.00503303	0.212169	0.0119771	0.00670279	0.125408	0.014689	0.0045402	0.0287154	0.0370814	0.0122155	0.0202375	0.00637286
67	V	3.62767	0.0279519	0.0365005	0.0272077	0.0485594	0.0400088	0.0430412	0.0252406	0.027065	0.0241287	0.0161908	0.0520972	0.0358238	0.0119311	0.070972	0.00819348	0.0132824	0.0187626	0.345575	0.0195941	0.0347307	0.0731427
68	L	3.25624	0.0120379	0.0232346	0.0125571	0.0227071	0.0515107	0.0695103	0.0193683	0.0760273	0.012305	0.279468	0.010435	0.0203123	0.00740861	0.00777299	0.015917	0.00602968	0.00935246	0.0127265	0.0173039	0.0422326	0.271782
69	S	2.91605	0.00881832	0.0314869	0.0103681	0.0535309	0.00923276	0.0218146	0.00568003	0.0051784	0.00993813	0.0153719	0.0555876	0.00939067	0.117067	0.00738039	0.0268193	0.485636	0.0151533	0.0629001	0.0256169	0.0089786	0.0140501
70	A	2.59455	0.347064	0.0237482	0.0145132	0.0176379	0.0130883	0.291766	0.00301955	0.00489168	0.00396262	0.00804979	0.012192	0.00639953	0.00217903	0.00224232	0.00157656	0.167759	0.00501973	0.00361916	0.00461111	0.0629855	0.00367451
71	F	1.18597	0.0166112	0.000898914	0.000380324	0.00580711	0.0369777	0.000974216	0.00155197	0.000332108	0.0259784	9.27013e-05	0.000936552	0.0101725	0.000622598	0.00434688	0.0204625	0.00195931	0.00290223	0.000779292	0.000175026	0.038498	0.82954
72	D	2.62124	0.01018	0.0179409	0.418934	0.0117009	0.00827663	0.0066231	0.00407705	0.00643762	0.00717311	0.00223671	0.14433	0.0178614	0.0050375	0.0216693	0.242947	0.00171576	0.0348714	0.00530325	0.0181507	0.00827287	0.0062608
73	E	3.21058	0.0172902	0.036962	0.0451635	0.0925027	0.0283457	0.000866276	0.00542206	0.133115	0.0104384	0.144244	0.0184757	0.00299065	0.00033852	0.0851981	0.0377991	0.0112459	0.00207982	0.308331	0.0149369	0.00232602	0.00192904
74	R	2.61504	0.00253338	0.00960048	0.00683509	0.00956834	0.00386093	0.00227472	0.00441049	0.0207578	0.0159346	0.269611	0.0129571	0.0045401	0.0052192	0.00858962	0.333764	0.0127249	0.028936	0.226462	0.00883514	0.00654079	0.00604459
75	R	2.12949	0.00716192	0.00818928	0.00787283	0.0119181	0.00753712	0.0281498	0.00476888	0.00307464	0.514865	0.00399799	0.0134151	0.010074	0.00169601	0.00466463	0.309412	0.00230451	0.0027806	0.003068	0.0268486	0.00826175	0.0199389
76	N	3.11908	0.00743108	0.00483087	0.00948296	0.0938506	0.0102148	0.0042239	0.00708317	0.178926	0.0176112	0.1279	0.0162313	0.306997	0.00262949	0.0141736	0.00402984	0.00753336	0.0178594	0.00690254	0.101877	0.0564786	0.0037338
77	K	3.61494	0.0879594	0.0235471	0.00222901	0.0263978	0.00286043	0.0637431	0.00236403	0.201329	0.135088	0.0131317	0.00325072	0.0741605	0.00954915	0.0223753	0.0780871	0.0689741	0.109983	0.0480101	0.00524923	0.00706464	0.0146457
78	Y	2.40077	0.00320264	0.0170506	0.0305989	0.0089765	0.0278157	0.00392546	0.0121587	0.0135854	0.00701789	0.0100981	0.0135525	0.0143436	0.0167432	0.00843375	0.0684142	0.00634978	0.0044705	0.0227941	0.0128061	0.616056	0.0816066
79	L	2.16208	0.0050416	0.00805888	0.0233749	0.00596489	0.042449	0.00561228	0.00509064	0.00751723	0.0163355	0.670626	0.0654118	0.0460992	0.00315572	0.0135763	0.0160527	0.00685561	0.00845344	0.00940992	0.0121371	0.00668675	0.0220911
80	E	2.61241	0.0304713	0.00751524	0.0146308	0.586656	0.00915262	0.0358637	0.0220434	0.0585255	0.0299158	0.0255621	0.00866684	0.0449837	0.00183145	0.0394903	0.00996044	0.0270245	0.00650378	0.00475564	0.0108408	0.0150987	0.0105077
81	E	2.77378	0.00159848	0.0299323	0.304688	0.342079	0.0272028	0.0300086	0.0152573	0.00263819	0.0170897	0.0171024	0.00484987	0.003606	0.0024996	0.00744268	0.00604121	0.00655554	0.00945877	0.0524025	0.00698661	0.108991	0.00356914
82	H	2.66448	0.0169362	0.0173432	0.00187245	0.00155125	0.00157182	0.00177447	0.0990218	0.0154113	0.00268398	0.000197469	0.205706	0.0322141	0.000277316	0.266404	0.0260289	0.00322206	0.00782978	0.0075944	0.0017704	0.290038	0.000551062
83	P	1.17765	0.0122969	0.000581006	0.000134096	0.0038673	0.00119118	0.00546785	0.000954799	0.00220727	0.00556898	0.00404143	0.00146645	0.0197405	0.0804051	0.823874	0.0031896	0.0207247	0.0072905	0.00144016	0.000572451	0.00197371	0.00301246
84	S	2.72722	0.0219482	0.0215439	0.000654766	0.00135784	0.00224157	0.0472425	0.0014826	0.00110001	0.00548735	0.0265999	0.00804327	0.315327	0.00257191	0.00776013	0.00991438	0.118287	0.0787212	0.00946173	0.310177	0.000644679	0.0094334
85	A	2.67082	0.129863	0.011137	0.0141733	0.00194045	0.00337014	0.126289	0.0226058	0.0204569	0.00935282	0.00101448	0.00768551	0.0604964	0.0130461	0.493127	0.0180648	0.00733255	0.0274559	0.0173199	0.0054241	0.00116031	0.00868486
86	G	2.96794	0.187835	0.013418	0.0137792	0.0025723	0.00608237	0.217887	0.0458717	0.00799523	0.0587037	0.0151354	0.00340638	0.305161	0.00671769	0.01264	0.0103679	0.00892478	0.0634311	0.000970293	0.00636883	0.00732083	0.00541143
87	K	2.1221	0.00333215	0.0150047	0.00727781	0.0798722	0.00763201	0.0170109	0.00565544	0.00855442	0.669351	0.00913724	0.0617493	0.0184372	0.00696021	0.00908794	0.0290672	0.00796808	0.00168769	0.00876966	0.00910752	0.0185589	0.00577807
88	D	2.66384	0.00096685	0.0293732	0.453119	0.0116926	0.011704	0.0249407	0.008636	0.0446511	0.00157973	0.00660811	0.00515831	0.134726	0.00267884	0.00224625	0.00220439	0.0651982	0.0114524	0.00213652	0.007442	0.00889809	0.164587
89	P	2.57907	0.0324295	0.0058302	0.006632	0.000275565	0.0510555	0.0078074	0.00616196	0.00259937	0.000502156	0.0568959	0.00413523	0.00077921	0.127352	0.000487164	0.0013666	0.0275957	0.000130933	0.459231	0.17303	0.0218099	0.0138929
90	K	2.91611	0.00510592	0.00916236	0.00764422	0.000165798	0.000664272	0.01193	0.05212	0.446681	0.0868057	0.00197593	0.00433441	0.0412625	0.00122226	0.00843537	0.0602827	0.0192062	0.0660496	0.0418456	0.0357635	0.0980511	0.00129189
91	K	2.57553	0.0347105	0.190004	0.00977427	0.0041196	0.00356483	0.00539792	0.0110372	0.0026079	0.471545	0.00269874	0.0105602	0.0181801	0.0153641	0.00190972	0.0595512	0.000634121	0.00385273	0.00139543	0.0550661	0.00305338	0.0949728
92	T	2.81917	0.00514747	0.0205625	0.134585	0.0187328	0.00959379	0.00495748	0.0287742	0.0203921	0.00643289	0.0201919	0.00793488	0.190542	0.00599221	0.00620139	0.00220443	0.00660027	0.424985	0.0214999	0.0137001	0.00640333	0.0445665
93	G	2.50729	0.00336111	0.010312	0.00805491	0.0111012	0.00781802	0.560161	0.0869553	0.011769	0.0279442	0.00386066	0.0180141	0.0108339	0.0297815	0.00893903	0.0193918	0.0116537	0.00899718	0.00759196	0.134473	0.0101371	0.00884997
94	G	2.38915	0.00877327	0.0133788	0.0417103	0.0571712	0.0160856	0.642605	0.0137446	0.0165267	0.0141959	0.00783773	0.0263604	0.0168032	0.00865308	0.028216	0.013086	0.00728452	0.00636904	0.0120056	0.0205679	0.0175041	0.0111211
95	P	3.2446	0.0433147	0.013876	0.0270683	0.0119703	0.011673	0.168636	0.0221899	0.0504143	0.0181028	0.00400431	0.0231236	0.0132903	0.375403	0.00877397	0.0187249	0.0159184	0.0144651	0.019243	0.0979056	0.0218732	0.0200289
96	I	2.63033	0.00433189	0.00190796	0.00295807	0.00216017	0.129363	0.00652391	0.00426113	0.110387	0.00660831	0.386451	0.0479575	0.00383646	0.00234949	0.00191827	0.00893434	0.00260842	0.232159	0.0106275	0.0101747	0.0119524	0.0125303
97	Y	2.29116	0.0547396	0.00497976	0.0096613	0.0515803	0.00765704	0.0136918	0.00319724	0.0152758	0.562664	0.00919127	0.00281695	0.0126669	0.000890508	0.0145535	0.00449135	0.0026181	0.0092399	0.00938589	0.00819108	0.195467	0.00704067
98	K	3.16867	0.0331676	0.105033	0.00306507	0.00286054	0.00228475	0.00236791	0.0160189	0.0017908	0.146286	0.0219012	0.0615823	0.0871058	0.00431177	0.00358446	0.0539872	0.145094	0.285631	0.00458141	0.00255327	0.00426147	0.0125309
99	R	2.57008	0.00368507	0.0173344	0.00848058	0.00862202	0.011687	0.0238905	0.00764533	0.00853261	0.0145218	0.0192664	0.0175566	0.0106035	0.00664139	0.00664318	0.547653	0.0174991	0.00866167	0.0099824	0.0226981	0.131269	0.0971258
100	V	3.65942	0.0561737	0.0469299	0.00860134	0.0535727	0.0164404	0.032424	0.0272804	0.00895558	0.00301693	0.043474	0.0981259	0.0224503	0.0538189	0.00831179	0.20072	0.0436357	0.0131892	0.200201	0.0494993	0.00253853	0.0106401
101	D	3.13241	0.0293059	0.0261486	0.298954	0.0253909	0.0106703	0.0141453	0.00835576	0.127147	0.0027806	0.0373524	0.0103492	0.00697135	0.208295	0.00328075	0.00242275	0.0641308	0.100441	0.0022238	0.0065041	0.00473692	0.0103928
102	R	2.32572	0.00124608	0.00372231	0.00652867	0.00515536	0.0961728	0.00405423	0.0109763	0.00160747	0.0105864	0.00290422	0.0044857	0.0535769	0.00839715	0.00899889	0.199816	0.00159878	0.00336119	0.0013928	0.516599	0.00563957	0.0531802
103	K	3.1143	0.0121979	0.0176093	0.00525408	0.0244131	0.00799076	0.00199844	0.356863	0.00454478	0.172385	0.059154	0.0110403	0.0356676	0.0058972	0.0234876	0.113098	0.0265405	0.0139043	0.0879868	0.00960774	0.00395383	0.0064064
104	W	2.53815	0.0168883	0.00982894	0.0042809	0.00256235	0.0064321	0.00953297	0.00540059	0.280724	0.0114529	0.0128438	0.0055469	0.034708	0.00467589	0.00387471	0.00155448	0.000739978	0.00604232	0.352378	0.206503	0.0139491	0.0100808
105	M	3.18701	0.00527995	0.183716	0.0533521	0.0345481	0.010221	0.00852632	0.0700935	0.0292652	0.0204524	0.0419279	0.38139	0.00932041	0.00850465	0.00941488	0.0128762	0.0220191	0.0226618	0.0417264	0.0156095	0.00877774	0.0103171
106	R	2.86254	0.00632316	0.0107742	0.0203878	0.0647574	0.00938337	0.00653408	0.00554026	0.0168624	0.0541283	0.0876835	0.0222347	0.0352346	0.00984471	0.0120766	0.511776	0.00848539	0.00597842	0.0186453	0.0502704	0.0306954	0.0123836
107	E	3.29527	0.13871	0.00806922	0.145112	0.32	0.0112995	0.00523088	0.0356767	0.013263	0.0258997	0.00572217	0.0179296	0.055145	0.0192615	0.0114487	0.00398743	0.0959852	0.0149877	0.0358431	0.0164843	0.00937975	0.0105647
108	L	2.9653	0.00614274	0.0185446	0.0168294	0.0243891	0.0212908	0.0104124	0.0152879	0.035563	0.015764	0.510373	0.0218432	0.0101226	0.0829118	0.0364773	0.00312082	0.0205449	0.0324286	0.0432578	0.03478	0.0298112	0.0101045
109	V	3.40129	0.0464974	0.0059997	0.01221	0.147947	0.0387147	0.0347016	0.00937507	0.00916922	0.0166243	0.0213521	0.0323765	0.0115162	0.014361	0.0543794	0.0291408	0.0191208	0.0930909	0.347696	0.0108785	0.0238996	0.0209496
110	L	2.43133	0.0175401	0.00770162	0.266718	0.01657	0.0281566	0.00301666	0.00945665	0.0145821	0.0100502	0.50188	0.0211211	0.00942387	0.0197975	0.00461079	0.00602448	0.0179314	0.00603514	0.0046647	0.0142682	0.00783284	0.0126185
111	Y	3.35058	0.0073772	0.00893737	0.0183769	0.0388735	0.00959808	0.000876346	0.232222	0.136111	0.0337716	0.0420641	0.0838432	0.0133629	0.0117973	0.00424017	0.00384127	0.0547537	0.0629313	0.00354524	0.00370354	0.212526	0.0172466
112	D	3.07242	0.0111366	0.0728619	0.368129	0.0177767	0.00961225	0.047936	0.0069304	0.00825447	0.00440845	0.0486373	0.00885473	0.0591625	0.0125253	0.0111118	0.201441	0.00308676	0.0192969	0.00633446	0.0693782	0.00618648	0.00693893
113	K	2.1029	0.0044284	0.0116399	0.0176259	0.0251594	0.00399791	0.00464054	0.0199275	0.00846289	0.69616	0.0118746	0.0163686	0.0284501	0.00576687	0.040245	0.00416928	0.0349955	0.0147366	0.0060514	0.0183156	0.00772967	0.0192549
114	E	3.11547	0.00373774	0.0646431	0.0317223	0.380326	0.0119869	0.00194218	0.00823576	0.0375258	0.15522	0.0192117	0.0524933	0.00974776	0.0203318	0.0375549	0.0065899	0.00187534	0.00397506	0.0138733	0.00897066	0.11028	0.0197568
115	E	2.50215	0.0131182	0.0119265	0.0334155	0.618822	0.024221	0.0131294	0.02902	0.0135121	0.0153426	0.003269	0.0155241	0.0585012	0.0189918	0.0345299	0.0180209	0.00966536	0.00461294	0.015629	0.0129912	0.00770974	0.0280474
116	I	2.28602	0.00949893	0.123218	0.00371132	0.0101548	0.00135931	0.00100635	0.00064245	0.145398	0.00150515	0.013667	0.00121149	0.00487667	0.00292909	0.00256691	0.0180555	0.00177669	0.131412	0.510611	0.00574288	0.00583763	0.00481811
117	R	1.8361	0.000203149	0.0357199	0.000615045	0.00126301	0.0055716	0.0126874	0.0120864	0.00522244	0.00239312	0.00546238	0.71034	0.000387508	0.00036644	0.0200997	0.0426779	0.0532936	0.0504447	0.0292696	0.0102528	0.000963344	0.000680203
118	R	3.12401	0.00661117	0.0390419	0.0151652	0.0392703	0.012021	0.0143638	0.0934088	0.0429538	0.198364	0.0119234	0.0225821	0.0125781	0.0129244	0.0192838	0.380293	0.0113614	0.00497043	0.0207275	0.0263145	0.00701987	0.00882201
119	I	2.68002	0.00915124	0.0155541	0.0235564	0.0195815	0.0205078	0.00873072	0.0157266	0.578547	0.0182259	0.0200426	0.0464011	0.0743886	0.00774849	0.0263827	0.00791959	0.0120604	0.0243567	0.0111449	0.0308867	0.0195136	0.00957314
120	W	1.24903	0.0030262	0.00392474	0.00228011	0.00209792	0.00250432	0.0217163	0.00209291	0.00860956	0.00446752	0.00445519	0.00123485	0.00214711	0.00158311	0.00373534	0.00122105	0.00119775	0.00108843	0.0115521	0.131206	0.787025	0.00283365
121	R	2.75183	0.0142854	0.0111972	0.0172855	0.00605657	0.00325821	0.00511145	0.00641513	0.0347882	0.0231423	0.0750124	0.0393791	0.00683754	0.0242259	0.00392971	0.366781	0.313255	0.00456734	0.00999797	0.0074391	0.0240004	0.00303486
122	Q	2.87698	0.00332188	0.185461	0.000784475	0.00625123	0.00503641	0.00410376	0.00750924	0.0274949	0.00180642	0.118697	0.313304	0.00370194	0.000509399	0.172798	0.00364123	0.0172321	0.011324	0.0262295	0.00206461	0.00540256	0.0833271
123	A	2.5551	0.567566	0.0157944	0.00900705	0.00583769	0.0108412	0.0377396	0.00565008	0.0061215	0.00688048	0.113717	0.011897	0.0260501	0.0242699	0.0248096	0.0071742	0.0179905	0.0152528	0.071517	0.00915703	0.0051949	0.00753192
124	N	2.98654	0.0233295	0.00304551	0.0249249	0.0176288	0.311592	0.00627398	0.00359636	0.00736909	0.0148501	0.000855912	0.162557	0.223542	0.0269928	0.0412727	0.00521908	0.0130299	0.00759997	0.0106249	0.0890483	0.00458739	0.00205913
125	N	3.40068	0.0364632	0.00378616	0.00299813	0.0126806	0.108409	0.0349969	0.00419904	0.00436053	0.0166896	0.16713	0.122413	0.258659	0.0012264	0.049462	0.0631204	0.0291657	0.013492	0.00524531	0.0270536	0.0298296	0.0086196
126	G	3.23653	0.275182	0.10027	0.0529101	0.0134663	0.0145787	0.242105	0.0411741	0.00105863	0.00801916	0.0383605	0.00379743	0.0127737	0.00926512	0.00621905	0.0686805	0.017005	0.0501132	0.00630697	0.0310359	0.00549089	0.00218713
127	D	2.56099	0.0504347	0.0453829	0.0512362	0.0702805	0.00142308	0.0589989	0.00130892	0.00112912	0.00875599	0.00455784	0.0220295	0.012338	0.00243943	0.544742	0.0124817	0.00140165	0.016558	0.0794694	0.013293	0.000666931	0.00107237
128	D	2.68208	0.0449578	0.00145217	0.0898683	0.000896419	0.540904	0.0402294	0.00530083	0.00513025	0.0191671	0.0332928	0.00505746	0.00682943	0.00989125	0.0523619	0.0182575	0.0252504	0.0380847	0.039101	0.0195967	0.00280548	0.00156572
129	A	2.83006	0.239352	0.019954	0.00972269	0.0212583	0.0292879	0.00651736	0.00438811	0.00198712	0.37901	0.0673367	0.106665	0.00126042	0.000930229	0.0224847	0.0433811	0.0168179	0.0050413	0.00984296	0.00843676	0.00293568	0.00338905
130	T	3.09409	0.00823293	0.235342	0.00875515	0.0217453	0.00460211	0.00648142	0.0826939	0.0287732	0.0351412	0.0144509	0.0938212	0.00426371	0.00300916	0.0148655	0.0681022	0.0019783	0.31683	0.0277928	0.0104807	0.00843923	0.00419938
131	A	0.397595	0.0110339	0.00071047	0.00092535	0.000320514	0.00305421	0.000165758	0.00484665	0.000216404	0.000398729	0.000345762	0.00870454	0.00265669	0.95743	0.00309951	0.000522367	0.000382231	0.000931277	0.000891935	0.000740036	0.00103626	0.001587
132	G	2.7333	0.0295003	0.0213632	0.120804	0.00690868	0.00340962	0.354766	0.00635145	0.302078	0.00474809	0.00934763	0.0217081	0.0238221	0.00311079	0.00957417	0.00702735	0.00445694	0.0114263	0.00459748	0.0409211	0.00975454	0.0043248
133	L	2.45607	0.0260734	0.0110282	0.005067	0.00389229	0.0474097	0.00440659	0.00267604	0.471592	0.0103758	0.27107	0.054813	0.023261	0.00547891	0.0127289	0.00422427	0.0142948	0.00941823	0.00188632	0.0111154	0.00617654	0.00301154
134	T	2.21544	0.0527649	0.00413925	0.0146455	0.00607301	0.0649148	0.0134939	0.00705787	0.00629678	0.00437259	0.00236729	0.0581053	0.00616393	0.0108064	0.00389928	0.00345204	0.0255614	0.64916	0.0281165	0.01202	0.00526221	0.0213267
135	H	2.59195	0.00580972	0.00441198	0.0146394	0.0887025	0.00409994	0.0282707	0.56376	0.0047027	0.0248878	0.00856373	0.024508	0.00667229	0.0150967	0.0918688	0.014941	0.0365434	0.0137786	0.00725725	0.0112925	0.0112159	0.0189766
136	M	2.98129	0.0715626	0.164741	0.0070945	0.0972654	0.000863872	0.00501645	0.00803239	0.344088	0.00734094	0.00589899	0.0976983	0.00181366	0.00529986	0.0826839	0.00304772	0.0448246	0.0453489	0.000549535	0.000809516	0.00181782	0.00420258
137	M	2.61198	0.00329833	0.0304408	0.00612213	0.00941126	0.149222	0.00250219	0.00774364	0.0728955	0.0474349	0.0420484	0.521077	0.00695726	0.015631	0.0102037	0.00377994	0.0146441	0.0267566	0.00267674	0.00794142	0.00339832	0.0158144
138	I	2.4105	0.0055487	0.0279069	0.0316902	0.0120955	0.016332	0.00275843	0.00867022	0.612895	0.0273747	0.0047393	0.0276329	0.0607857	0.0674108	0.00567664	0.00657534	0.00626776	0.00441066	0.00608776	0.0453893	0.00658773	0.0131642
139	W	2.84254	0.00773674	0.0138247	0.0108002	0.0136213	0.00658055	0.037778	0.0309046	0.0163173	0.0043877	0.408522	0.022448	0.00701295	0.0021465	0.0164526	0.00346222	0.0154948	0.00219981	0.0578168	0.25248	0.0384296	0.0315841
140	H	2.99609	0.0593174	0.0161708	0.0256271	0.0219609	0.0147225	0.0125151	0.476614	0.031617	0.0105238	0.0125896	0.0338636	0.0181438	0.00347484	0.0742342	0.00483171	0.0126361	0.00577617	0.0293312	0.0248971	0.101906	0.00924754
141	S	2.77788	0.00855311	0.0463155	0.00988029	0.0117315	0.0489954	0.0604504	0.00989364	0.0137077	0.00910104	0.00727917	0.0212615	0.01446	0.0109841	0.00760001	0.0184831	0.53363	0.0967984	0.00679144	0.0203839	0.0261337	0.0175665
142	N	2.64338	0.0227203	0.030699	0.0117681	0.00828822	0.0138005	0.0242235	0.0156221	0.0161298	0.0392801	0.0510032	0.0847916	0.575501	0.010044	0.00746088	0.00925142	0.00691013	0.00536739	0.0203845	0.0186683	0.0186972	0.00938844
143	L	2.65994	0.013553	0.0243364	0.0167757	0.00821846	0.0251595	0.0162427	0.0546356	0.00620882	0.00810673	0.584984	0.0219508	0.03153	0.00395133	0.0219665	0.00345952	0.0197517	0.0350982	0.0282733	0.0415599	0.0126518	0.0215859
144	N	2.22101	0.00243953	0.0241807	0.045672	0.00910284	0.00748947	0.00312086	0.004173	0.00412882	0.0239806	0.00212932	0.540943	0.245778	0.0324188	0.0059748	0.00103243	0.0017698	0.0117707	0.00732508	0.0144914	0.00760435	0.00447426
145	D	2.27112	0.0310026	0.0112185	0.65519	0.0299615	0.0134682	0.00630574	0.0115066	0.0078993	0.0652216	0.00663769	0.0366521	0.0170063	0.0105849	0.00862359	0.006077	0.00339173	0.0183756	0.00435633	0.0199671	0.0301381	0.00641587
146	T	2.87571	0.0481154	0.0240188	0.00757369	0.0505236	0.0147715	0.0600364	0.00929894	0.016591	0.0236328	0.0143564	0.0172297	0.0126198	0.0148787	0.0414144	0.00749586	0.0490295	0.532657	0.014386	0.013749	0.0145284	0.0130932
147	T	2.95092	0.0110332	0.0171527	0.0114327	0.00846655	0.0250388	0.00280598	0.053227	0.0144344	0.0228654	0.0115387	0.0234107	0.0818146	0.00280484	0.0843821	0.0287924	0.0121272	0.491839	0.0373033	0.0106417	0.0347569	0.0141315
148	Y	2.4569	0.00335803	0.0121527	0.0120065	0.0180067	0.0214963	0.00585994	0.0282143	0.059959	0.0109826	0.00487883	0.021132	0.012804	0.00378165	0.0120302	0.00256311	0.0131058	0.0242754	0.004845	0.0137359	0.578267	0.136546
149	Q	1.96243	0.00409752	0.00768536	0.0095115	0.00968021	0.0194595	0.0519751	0.0191581	0.00850798	0.0147317	0.002666	0.0231863	0.01401	0.00745164	0.721795	0.0100481	0.0040482	0.0199222	0.00859164	0.0107505	0.023364	0.00935967
150	R	2.63026	0.00279645	0.0168321	0.0261278	0.0129831	0.0182056	0.011914	0.0407868	0.00413638	0.205007	0.0163435	0.0207269	0.0162327	0.00386876	0.00913987	0.50345	0.00655633	0.00718982	0.0206707	0.0399572	0.00660792	0.0104672
151	T	2.5178	0.00365689	0.00842378	0.0156101	0.00405702	0.0132499	0.00704363	0.00751733	0.0110472	0.218853	0.0198744	0.00969808	0.0129089	0.00719918	0.0337567	0.00468835	0.00301947	0.501623	0.00237099	0.0188128	0.0233852	0.0732043
152	R	1.9344	0.00161681	0.0143665	0.00580229	0.00568841	0.00816911	0.00267241	0.00731233	0.00358315	0.211874	0.00492581	0.0355898	0.00576768	0.00639792	0.019137	0.627614	0.00691814	0.00553193	0.00274133	0.00931182	0.00473137	0.0102488
153	A	1.97144	0.696559	0.0339711	0.0095894	0.00720031	0.00584008	0.00518289	0.00434596	0.00424888	0.00397853	0.00511921	0.0163076	0.00374616	0.0198533	0.0317967	0.0329005	0.0797833	0.00375132	0.00416887	0.0234238	0.00446191	0.00377086
154	L	1.56923	0.00506666	0.00200167	0.00163612	0.00309028	0.00435833	0.000657522	0.0024926	0.580818	0.00322579	0.333889	0.00537086	0.0015374	0.00294383	0.0015636	0.00306302	0.00233167	0.000807418	0.00357226	0.00341439	0.00252764	0.0356314
155	V	2.00348	0.00869022	0.00524074	0.0249979	0.00515478	0.0154208	0.00965742	0.00478842	0.0107461	0.0223785	0.0151793	0.0486195	0.00967841	0.0111977	0.00478305	0.00907223	0.0254416	0.00519082	0.714027	0.0106967	0.00957705	0.0294621
156	R	2.02674	0.0109089	0.0219325	0.00494243	0.00471137	0.0204629	0.00243677	0.0369007	0.0173448	0.0308188	0.00873692	0.00463639	0.0248264	0.0070226	0.00842576	0.706319	0.0440528	0.0106295	0.00578608	0.00511764	0.00895553	0.0150319
157	T	2.10224	0.00935126	0.0131428	0.0248933	0.0124661	0.00362355	0.00759226	0.00194153	0.543871	0.00360097	0.00398971	0.0058886	0.00599084	0.0035248	0.00257722	0.00119016	0.0400528	0.271891	0.0299484	0.00877169	0.00197087	0.00372102
158	G	3.31235	0.035407	0.0735716	0.00660973	0.0334467	0.00133941	0.263757	0.0621406	0.00860155	0.000917459	0.127383	0.0183467	0.202307	0.00256763	0.0301451	0.00675702	0.0591175	0.0160218	0.00309645	0.0156988	0.0263571	0.00641188
159	M	2.0132	0.00353395	0.00943686	0.00398777	0.00272625	0.00320073	0.0016786	0.00708374	0.0198475	0.00341104	0.272878	0.563784	0.0169008	0.00352605	0.00324556	0.0286466	0.0090542	0.00285546	0.0169731	0.0210204	0.00217899	0.00403008
160	D	2.06043	0.00965451	0.00850572	0.65229	0.0312677	0.00400806	0.00524248	0.0033649	0.0325415	0.00550042	0.00592074	0.0163052	0.14265	0.00456323	0.0139416	0.0104846	0.00196977	0.0126405	0.00279179	0.0129678	0.00455965	0.0188301
161	P	1.9906	0.0182048	0.00626155	0.0036132	0.00261031	0.0188587	0.0398223	0.0152835	0.0190015	0.00809682	0.00613232	0.00798766	0.00477555	0.71653	0.0217103	0.0156244	0.0120172	0.00959095	0.0410175	0.0154815	0.0101094	0.00727074
162	R	2.12808	0.00108355	0.0100254	0.00484003	0.0638879	0.00277416	0.0040021	0.00307952	0.00378229	0.0315987	0.0264387	0.0127362	0.0138326	0.0187598	0.00827091	0.652058	0.00305028	0.00842226	0.00687785	0.0276265	0.00265681	0.0941965
163	M	0.993404	0.000103834	0.034557	0.000911768	0.00122468	0.00679267	0.000894838	0.00032732	0.859825	0.000743861	0.00225462	0.0436319	0.000112574	5.14243e-05	0.00222665	0.00094791	0.00237082	0.0131226	0.0103993	0.0160971	0.00104004	0.00236388
164	C	2.51306	0.444419	0.277421	0.00160044	0.00397434	0.00456508	0.00148006	0.00122702	0.0124427	0.00594266	0.0346584	0.00276949	0.00558176	0.0392098	0.0304467	0.0018093	0.0116578	0.0129178	0.0671426	0.0217966	0.00564462	0.013292
165	S	2.51682	0.197776	0.0058418	0.00545228	0.00311567	0.0529906	0.006094	0.017634	0.00667158	0.00458563	0.0099458	0.0882835	0.0106682	0.0677649	0.0102707	0.00170681	0.484529	0.0018494	0.00197345	0.0101424	0.0106747	0.00202918
166	L	2.79509	0.0153667	0.00467266	0.0147345	0.0304585	0.0121315	0.0145923	0.0164926	0.0162807	0.0963387	0.460418	0.0450503	0.00646623	0.00354325	0.0454625	0.00326145	0.16973	0.00180766	0.0255553	0.00551197	0.00368307	0.00844241
167	M	2.57755	0.0274615	0.0202448	0.0160792	0.00861306	0.0477271	0.0112482	0.00614175	0.0316866	0.0048804	0.164269	0.540915	0.0069904	0.0157346	0.034478	0.0161109	0.00541769	0.00754439	0.0113355	0.00570007	0.0107058	0.00671559
168	Q	2.85373	0.243819	0.0259929	0.00393213	0.00881882	0.00515542	0.00289812	0.0168065	0.0161536	0.0184112	0.00147887	0.0366311	0.0032152	0.0496477	0.385729	0.0025201	0.0482317	0.0078429	0.00580513	0.00893572	0.0159124	0.0920616
169	G	2.53285	0.105652	0.0105144	0.0241542	0.00927405	0.007265	0.551621	0.0469809	0.00873381	0.0100616	0.0240345	0.00820357	0.0105413	0.0149194	0.00550498	0.00157063	0.0211778	0.00245114	0.008904	0.0104974	0.00637579	0.111562
170	S	2.50182	0.00999217	0.041863	0.0400132	0.0116182	0.0454829	0.0123776	0.00536628	0.0125554	0.0115493	0.0314385	0.011105	0.0122885	0.00463669	0.0332201	0.00963906	0.61098	0.0105404	0.0142939	0.0533042	0.00990418	0.00783159
171	T	2.39999	0.00332584	0.00539711	0.0397015	0.0171401	0.0068594	0.0039336	0.0116731	0.00793275	0.0163487	0.00355584	0.222933	0.0102674	0.00230487	0.013	0.00861513	0.0205604	0.535829	0.0306575	0.0146095	0.0170259	0.00832872
172	L	2.78701	0.241694	0.0480058	0.00210458	0.0042247	0.0157379	0.00361821	0.00421067	0.187424	0.00261644	0.328431	0.00485263	0.00559585	0.0165164	0.0105851	0.00707435	0.00999934	0.00122123	0.0655809	0.00224045	0.023092	0.0151745
173	P	2.41611	0.0182298	0.00183432	0.00583205	0.114064	0.00153575	0.00229149	0.011642	0.0112687	0.412629	0.00958581	0.0125263	0.00162415	0.312819	0.0376296	0.00318458	0.00174279	0.00671013	0.0122742	0.00258516	0.0115989	0.0083924
174	R	1.77512	0.00400948	0.00556048	0.0133145	0.0184954	0.00329903	0.0131692	0.00354469	0.0022278	0.0273218	0.0151903	0.0276267	0.0145296	0.00637648	0.00546432	0.755037	0.0260568	0.00198749	0.00431369	0.018189	0.0175448	0.0167415
