#SITE	WT_AA	SITE_ENTROPY	PI_A	PI_C	PI_D	PI_E	PI_F	PI_G	PI_H	PI_I	PI_K	PI_L	PI_M	PI_N	PI_P	PI_Q	PI_R	PI_S	PI_T	PI_V	PI_W	PI_Y	PI_*
1	M	3.57386	0.033909	0.0384987	0.0298554	0.0194118	0.0273537	0.0220746	0.0409363	0.0324233	0.0330079	0.0259545	0.379668	0.0427464	0.0216667	0.0254267	0.0171211	0.0149879	0.0222738	0.0276319	0.0748579	0.029897	0.0402972
2	A	1.48012	0.780234	0.00641377	0.00773934	0.0138494	0.0080702	0.00306498	0.00548985	0.00517425	0.0086205	0.00172571	0.0370649	0.00389596	0.00105792	0.00365586	0.004086	0.0023178	0.00304614	0.0826299	0.00979322	0.00669188	0.00537864
3	S	1.79431	0.0100421	0.000407891	0.000603448	0.00105437	0.380271	0.00106081	0.00623399	0.0047997	0.00268298	0.0382936	0.00501406	0.00051229	0.00114525	0.000674132	0.00364036	0.0436586	0.00633988	0.00173749	0.00236643	0.489205	0.00025694
4	Q	3.30809	0.0186127	0.00185553	0.000507469	0.0112511	0.301055	0.00513814	0.0549893	0.0421779	0.0163413	0.0528217	0.0102795	0.0726406	0.000835197	0.00812069	0.151108	0.0986233	0.0108913	0.0164957	0.0308549	0.0947758	0.000625255
5	G	2.31132	0.0449215	0.0739912	0.000695791	0.000273457	0.000311845	0.0264999	0.00205662	0.000200356	8.36522e-05	0.00013516	0.000240999	0.0735609	0.0139207	0.000885173	0.0248209	0.162724	0.0450263	0.000134545	0.525666	0.00375909	9.16378e-05
6	T	1.69506	0.00415273	0.005087	0.00485835	0.00403845	0.00401205	0.0141617	0.018875	0.19508	0.00644184	0.00143606	0.00761574	0.00615742	0.0165057	0.00494445	0.003669	0.00227497	0.680484	0.00210748	0.0127522	0.00314139	0.00220455
7	K	1.37278	0.00387365	0.00857516	0.0119019	0.0128324	0.00792899	0.0028936	0.0030993	0.015507	0.823	0.00200352	0.0084145	0.0302927	0.00185644	0.0116085	0.00991997	0.00212636	0.00933301	0.00320255	0.0183054	0.00509632	0.00822899
8	R	2.03643	0.00325575	0.0147944	0.00506764	0.00559939	0.00529644	0.0201237	0.00227567	0.00212654	0.0041649	0.00279357	0.0135264	0.00365793	0.00492322	0.386536	0.45275	0.00225134	0.00954989	0.00308816	0.0499235	0.00399083	0.00430549
9	S	2.57334	0.0772295	0.00267982	0.000408224	0.00113376	0.146293	0.000322357	0.000705046	0.00893869	0.000290671	0.281881	0.0260114	0.331509	0.000139029	0.00182446	0.000502727	0.0689619	0.000871368	0.0105458	0.00800621	0.0307103	0.00103628
10	Y	3.2705	0.314782	0.0355864	0.00369649	0.000824087	0.0127033	0.0177414	0.122107	0.114736	0.00544843	0.0657355	0.0190298	0.0474035	0.00584454	0.0664324	0.00325433	0.00546566	0.0426615	0.0048848	0.000392833	0.101496	0.00977323
11	E	3.23501	0.0347746	0.00843938	0.00789535	0.167762	0.0310894	0.00715815	0.011931	0.06808	0.0194301	0.00459037	0.0232269	0.0101717	0.00184036	0.0170758	0.169608	0.22415	0.0026177	0.169458	0.00398301	0.00393775	0.012781
12	Q	2.2645	0.00850959	0.00372852	0.00489398	0.00123596	0.00393343	0.00455581	0.0457587	0.0218357	0.554596	0.0223356	0.00320313	0.00707281	0.0054058	0.0207466	0.209887	0.0494419	0.00846432	0.0123082	0.0108281	0.00089226	0.000366524
13	M	2.23938	0.0204377	0.0299936	0.0702138	0.00719102	0.0120758	0.012188	0.00360075	0.064078	0.0165508	0.0162762	0.650992	0.0226501	0.00825599	0.0159024	0.00625694	0.00467088	0.011416	0.00588887	0.0155354	0.002049	0.00377673
14	E	3.18727	0.0273153	0.163083	0.0453085	0.297851	0.00903275	0.011729	0.00943124	0.0132121	0.0334459	0.00322441	0.00533953	0.0375895	0.00290269	0.0549254	0.0022216	0.0160519	0.205002	0.0245635	0.0140212	0.00674968	0.0169995
15	T	2.70764	0.00312401	0.0104768	0.0319676	0.0733643	0.00456707	0.00134622	0.142552	0.420341	0.007512	0.0210186	0.00488261	0.016125	0.0050105	0.00519047	0.0163135	0.00466524	0.197978	0.00818571	0.0150661	0.00622392	0.00408887
16	D	3.13834	0.00896496	0.0451616	0.382581	0.0550551	0.0101047	0.104201	0.0198477	0.0244957	0.0128349	0.00381739	0.0475224	0.0525093	0.00228519	0.150783	0.00223795	0.00923722	0.0113547	0.00576646	0.00853556	0.0133914	0.0293135
17	G	3.14554	0.00399984	0.00243546	0.00349275	0.00982081	0.0221301	0.235302	0.0154919	0.013816	0.0773378	0.00314173	0.148708	0.00578895	0.278616	0.0171923	0.0333675	0.0337759	0.0327138	0.0145102	0.00565648	0.00252736	0.0401743
18	E	3.79371	0.0415687	0.0157473	0.0656054	0.165866	0.0422215	0.00674062	0.00973747	0.0288454	0.00739354	0.00635753	0.00482805	0.0505896	0.0698875	0.00938568	0.0276051	0.0509488	0.100545	0.0805348	0.0677083	0.00338063	0.144503
19	R	2.0786	0.0188917	0.0200001	0.00697887	0.00890891	0.0118883	0.0121911	0.0569709	0.00979881	0.0259075	0.00287762	0.0154546	0.0115202	0.0021065	0.0415659	0.695611	0.007721	0.010283	0.00691177	0.0166469	0.0103443	0.00742121
20	Q	2.14455	0.0067485	0.0312473	0.00414387	0.00942111	0.00539684	0.00717132	0.0095912	0.00355017	0.0049909	0.044636	0.00610642	0.00522137	0.174801	0.614185	0.0205309	0.00300561	0.0129412	0.00854006	0.00819764	0.0147051	0.00486798
21	N	3.11068	0.00662271	0.00793166	0.0225211	0.000736201	0.00176358	0.00452971	0.00660953	0.00624944	0.118179	0.0124386	0.0987699	0.135488	0.00698282	0.0211039	0.14442	0.293917	0.0882464	0.00545674	0.00731721	0.00142106	0.0092955
22	A	2.67104	0.141831	0.00915329	0.00379978	0.00538296	0.00690704	0.0102357	0.00948691	0.00113521	0.0214798	0.0238167	0.0169585	0.00299888	0.0331511	0.0162626	0.108375	0.503028	0.0243587	0.0308236	0.0244194	0.00184946	0.00454625
23	T	3.16546	0.0391256	0.15296	0.0015966	0.000904134	0.0185367	0.00930626	0.0572964	0.00130832	0.012333	0.1574	0.0172038	0.00893884	0.0022368	0.327768	0.071794	0.0271613	0.0416524	0.0232855	0.00323239	0.00887799	0.0170816
24	E	2.64008	0.00924783	0.00806481	0.00485138	0.125366	0.00973119	0.000521521	0.150443	0.00567272	0.00220883	0.00371372	0.00331921	0.002197	0.00871067	0.354459	0.0121069	0.00731704	0.010742	0.0276159	0.00523324	0.00206234	0.246416
25	I	0.717059	0.0151964	0.00077475	0.000747042	0.000144112	0.0010577	0.90664	0.000876022	0.0398353	0.00113082	0.000397037	0.0101594	0.00163989	0.000360771	0.00529724	0.00143258	0.00220308	0.000112837	0.00258931	0.00569436	0.00225412	0.0014574
26	R	2.84204	0.0103454	0.0328494	0.0265762	0.0251496	0.010029	0.0146387	0.0417211	0.0151188	0.0645625	0.011783	0.0377119	0.00850865	0.0217314	0.00831203	0.526049	0.0104813	0.0804033	0.0326025	0.00517488	0.00246784	0.0137828
27	A	3.17574	0.224051	0.0107933	0.00632837	0.0812198	0.00217878	0.0113814	0.296635	0.0100895	0.00776713	0.0241408	0.0193255	0.105961	0.00224025	0.0136867	0.0546047	0.00871007	0.0718539	0.0161968	0.0119651	0.00182793	0.0190434
28	S	2.82416	0.121496	0.0677461	0.00369453	0.00107401	0.00125411	0.0246667	0.0519992	0.00516947	0.010028	0.00542493	0.00359626	0.00452372	0.0064405	0.0300922	0.0711545	0.142846	0.00444404	0.00653691	0.00210257	0.0121408	0.423569
29	V	2.38668	0.00217799	0.00787877	0.385947	0.00961451	0.0707783	0.0358834	0.000778132	0.320084	0.00409499	0.00221305	0.00484785	0.00333008	0.00385745	0.00435458	0.0025847	0.00162925	0.00457693	0.119341	0.00617516	0.00374368	0.00610923
30	G	3.6046	0.0349461	0.011951	0.00860933	0.0492409	0.0538317	0.315501	0.00251075	0.00932275	0.0859769	0.00676661	0.0455964	0.0156464	0.0132682	0.0352955	0.0147421	0.0616337	0.0489757	0.0616423	0.0159258	0.0656807	0.0429361
31	K	3.51639	0.0272958	0.0194643	0.00763354	0.0935236	0.00408392	0.0271249	0.0122577	0.0957854	0.305681	0.012757	0.0507603	0.0664626	0.0574624	0.0118552	0.10169	0.00722732	0.0340895	0.0248729	0.00734518	0.0060131	0.0266147
32	M	0.419298	0.000466148	0.00173598	0.000660617	0.00434706	0.00127123	0.00191358	0.000931706	0.000913307	0.000655515	0.000495334	0.0194128	0.953655	0.00167323	0.000795725	0.00337291	0.00136122	0.000988674	9.98105e-05	0.00385326	0.000851677	0.000544745
33	I	2.7203	0.0046669	0.0633913	0.015038	0.00448897	0.00711166	0.476063	0.000643377	0.180662	0.00912706	0.00711297	0.0306618	0.0128632	0.000787279	0.0118685	0.0139365	0.0370545	0.0367477	0.0621304	0.0121043	0.00666554	0.00687459
34	D	3.03354	0.338457	0.0256186	0.0992858	0.0109581	0.00904594	0.0618982	0.00218504	0.239518	0.00628012	0.0555612	0.0157764	0.00523617	0.00303526	0.0145044	0.0226972	0.0322709	0.0136005	0.0335249	0.00283249	0.00374664	0.00396708
35	G	3.47097	0.132536	0.0726033	0.0121234	0.0142933	0.0122853	0.333005	0.0175157	0.0323652	0.0347292	0.0249346	0.0051563	0.0221368	0.0444858	0.0176164	0.0210374	0.0292163	0.0074235	0.0386752	0.048648	0.0778534	0.00136
36	I	3.48594	0.0106588	0.0181956	0.0801886	0.0407925	0.0100123	0.0233167	0.019482	0.35333	0.031563	0.0663966	0.0358698	0.0117743	0.0374872	0.10293	0.0129413	0.0167542	0.0277789	0.05611	0.0235778	0.0161215	0.00471907
37	G	3.40389	0.149884	0.0241756	0.0180629	0.0175248	0.0336174	0.370772	0.0281414	0.042268	0.0276665	0.0437791	0.0120155	0.00760454	0.0223654	0.0124359	0.0104333	0.0221254	0.0255677	0.0107734	0.0279394	0.0451484	0.0476994
38	R	3.60965	0.00846053	0.0319945	0.0649833	0.0163403	0.0068335	0.0150622	0.0628214	0.00765552	0.101842	0.00751962	0.0703189	0.00627622	0.11578	0.0172417	0.250965	0.00555945	0.0846141	0.0630788	0.0376185	0.0167924	0.00824288
39	F	1.51207	0.0122241	0.00137764	0.00511308	0.00146037	0.0668971	0.00475048	0.0375663	0.00146155	0.00777103	0.00673719	0.00228278	0.00190791	0.0160807	0.00993814	0.0059816	0.0127859	0.00623631	0.00428598	0.780288	0.0142611	0.000592725
40	Y	1.56932	0.000813331	0.011743	0.000741569	0.00339247	0.00208695	0.000465096	0.334748	0.00111814	0.00164866	0.00485852	0.0102572	0.00265478	0.000307319	0.0161102	0.577808	0.000781396	0.00150178	0.000187546	0.00104425	0.0261317	0.0016002
41	I	3.36857	0.0595119	0.00135533	0.00384334	0.0300928	0.201191	0.0150861	0.00425123	0.0715444	0.00690074	0.0235627	0.00409352	0.00983521	0.00318712	0.164475	0.0230473	0.0692815	0.0369021	0.207165	0.00572315	0.0560822	0.00286831
42	Q	3.12536	0.0151106	0.0113966	0.0126922	0.0602442	0.0200896	0.02072	0.0569275	0.0149109	0.018143	0.0179228	0.00757889	0.0200361	0.0470494	0.457549	0.00725764	0.0878166	0.0126837	0.00698999	0.044427	0.0457955	0.0146591
43	M	3.49677	0.0122056	0.0330584	0.0462729	0.124822	0.205921	0.00646736	0.0108588	0.038765	0.0656633	0.0254102	0.2412	0.0317512	0.022063	0.00443993	0.0126721	0.0057185	0.00574403	0.036889	0.0114235	0.0412611	0.017392
44	C	0.937284	0.0232376	0.0287091	0.00121774	0.0257008	0.00205276	0.00166298	0.0122265	0.00219599	0.000575917	0.00590521	0.00343178	0.000730622	0.000503672	0.00141943	0.00187896	0.00369351	0.00263391	0.000291525	0.00404474	0.00100571	0.876882
45	T	1.44243	0.00525676	0.00840661	0.000767413	0.0108214	0.0032496	0.00573753	0.00542754	0.0173192	0.00399585	0.0346023	0.0117649	0.00148457	0.00312768	0.00656981	0.00415858	0.791752	0.0673033	0.00064171	0.0124782	0.00278272	0.00235215
46	E	2.34637	0.00483192	0.227976	0.0069095	0.152996	0.00118934	0.00296254	0.0158528	0.00879348	0.00621723	0.0223996	0.00503811	0.00853547	0.478959	0.00328027	0.00264099	0.00203939	0.0126246	0.00813428	0.0135326	0.00961193	0.00547429
47	L	3.31337	0.0125045	0.132491	0.0108147	0.0360548	0.00775302	0.00703952	0.0220175	0.0825784	0.00448877	0.307437	0.0149536	0.0189882	0.01661	0.00893779	0.177246	0.0328781	0.0459429	0.00665178	0.0166799	0.00948759	0.0284453
48	K	1.72001	0.00397222	0.00202919	0.00433745	0.00825825	0.014238	0.0123552	0.00192557	0.000711002	0.0672709	0.00970793	0.00720273	0.00244668	0.00707697	0.735032	0.00462974	0.0063278	0.00724064	0.0460122	0.005852	0.00066399	0.0527095
49	L	3.29311	0.0118683	0.0184593	0.0235918	0.0174165	0.0239001	0.0210366	0.00712988	0.0100839	0.00906548	0.107586	0.000302182	0.0126352	0.104064	0.016174	0.0955316	0.0353201	0.368763	0.01739	0.0527066	0.00931213	0.0376637
50	S	2.28861	0.0611744	0.0430173	0.00289233	0.00340986	0.00301913	0.0581203	0.00167868	0.00231705	0.00143719	0.00748126	0.000531287	0.000151502	0.102148	0.586953	0.016745	0.0203413	0.0656083	0.00272164	0.0128686	0.00191515	0.00546912
51	D	3.7058	0.00328318	0.101289	0.128177	0.025358	0.00333613	0.0860691	0.00279318	0.137352	0.010085	0.124329	0.0579722	0.032015	0.0348273	0.00655654	0.0230969	0.0573192	0.116075	0.0035402	0.0101028	0.0127422	0.0236808
52	Y	3.29609	0.177142	0.0625888	0.00673508	0.255301	0.00599863	0.0174549	0.0477394	0.0146033	0.0030273	0.0054261	0.0175676	0.0613768	0.00144044	0.0119894	0.00774394	0.00593667	0.0128387	0.162241	0.0443205	0.0772573	0.0012716
53	E	3.56816	0.102508	0.0103022	0.0037144	0.303086	0.00255262	0.0318981	0.00208212	0.0281479	0.00396545	0.0177865	0.0657989	0.034996	0.0230886	0.0488656	0.0379224	0.0713978	0.0461271	0.0233808	0.0255632	0.0921278	0.0246895
54	G	3.50039	0.0427347	0.00435474	0.0102994	0.0407216	0.0197746	0.221416	0.0317614	0.0203213	0.0176549	0.0145821	0.0232689	0.0388634	0.0395942	0.0058011	0.0256231	0.136025	0.230267	0.0250028	0.0103685	0.0386032	0.00296272
55	R	0.842015	0.00410649	0.00204218	0.00644956	0.00104556	0.00136324	0.0041258	0.00220535	0.000675332	0.894874	0.00126365	0.000295021	0.00822331	0.00333189	0.0104031	0.0358312	0.0037853	0.00934023	0.00725037	0.000583343	0.00174825	0.00105659
56	L	3.44814	0.015201	0.0288892	0.0165768	0.0860267	0.037963	0.0579007	0.0115761	0.00225828	0.0140689	0.158616	0.0263229	0.277853	0.0281749	0.00506807	0.0130559	0.0253025	0.125647	0.0256037	0.00110515	0.0388984	0.00389231
57	I	3.3282	0.0220611	0.00333097	0.0207651	0.00979854	0.0270684	0.0238295	0.0199544	0.142362	0.061948	0.101387	0.0174858	0.0168544	0.0109824	0.00838969	0.0400228	0.0165848	0.0202862	0.366087	0.0104278	0.0344476	0.0259267
58	Q	3.52146	0.0234719	0.0449332	0.00328702	0.0267432	0.00782944	0.022846	0.0158048	0.0383337	0.166556	0.0100612	0.00777579	0.011931	0.112927	0.269977	0.0759848	0.0579708	0.028188	0.0334678	0.0253687	0.00906867	0.00747381
59	N	1.57044	0.00610454	0.00675154	0.00375152	0.00365548	0.000806572	0.771869	0.00194311	0.00573368	0.00966749	0.00210159	0.053553	0.0458113	0.0344191	0.00173689	0.00580061	0.00650609	0.00785503	0.0130606	0.0087183	0.00386755	0.00628747
60	S	3.61257	0.00910345	0.0243336	0.0215335	0.0120726	0.0092503	0.0230158	0.00487771	0.0280733	0.0233179	0.0919349	0.0504857	0.0406595	0.00887374	0.0202878	0.170762	0.257381	0.0874879	0.0186094	0.0275055	0.0462235	0.024211
61	L	0.97334	0.00193185	0.00416426	0.877917	0.00164259	0.00988589	0.00305353	0.000970089	0.00624189	0.000204892	0.0371267	0.00228194	0.00873538	0.00201063	0.0108921	0.00656425	0.00455289	0.00817137	0.00368516	0.00653775	0.00194349	0.00148672
62	T	3.2924	0.0768204	0.0451367	0.0151246	0.328438	0.0316699	0.0246887	0.0163926	0.010264	0.0227808	0.00704759	0.00216247	0.017513	0.0261906	0.00880352	0.00496166	0.167076	0.110293	0.0158273	0.0555443	0.0105213	0.00274414
63	I	2.27588	0.58304	0.0736227	0.00271366	0.00172603	0.00557309	0.00607831	0.00400357	0.0673346	0.00175378	0.012584	0.00935558	0.0012015	0.00984791	0.088017	0.00458872	0.013936	0.00188944	0.00404516	0.000502122	0.013125	0.0950619
64	E	3.76407	0.0249898	0.0822585	0.0640838	0.281613	0.0132317	0.0191447	0.0134334	0.0129242	0.0195746	0.0409335	0.0367154	0.0644146	0.0348844	0.00539716	0.0468135	0.0321381	0.0372896	0.042492	0.0118383	0.0846304	0.0311991
65	R	3.25918	0.0430533	0.0183566	0.0301528	0.0393447	0.00412339	0.0298501	0.00936384	0.00935487	0.023186	0.00488717	0.0120148	0.136704	0.0389186	0.0362353	0.401374	0.00755799	0.0453183	0.0585644	0.0169035	0.0115719	0.0231644
66	M	3.80926	0.0345801	0.0845557	0.0289095	0.0205042	0.0163864	0.0890834	0.0148211	0.0344934	0.0314118	0.0304003	0.23683	0.0375701	0.0508707	0.00907913	0.0151591	0.102749	0.0088432	0.0850251	0.00984116	0.0396758	0.0192107
67	V	3.879	0.029525	0.0351199	0.034263	0.0494073	0.0162872	0.0526215	0.0346939	0.0287049	0.0436079	0.0158174	0.0504211	0.043085	0.0332855	0.0556368	0.0161319	0.0142823	0.107571	0.260881	0.0371191	0.0168033	0.0247352
68	L	3.90637	0.0289203	0.0739648	0.0413805	0.00486932	0.0148294	0.0270274	0.0104465	0.0694315	0.0362577	0.179451	0.0102508	0.00735671	0.099758	0.08569	0.0466273	0.0225125	0.0354859	0.0249245	0.0352714	0.0289101	0.116635
69	S	3.2344	0.0187214	0.0805445	0.0144751	0.00771758	0.011042	0.0321001	0.0238078	0.0146928	0.0373497	0.0727356	0.0132058	0.0919025	0.0244501	0.0165808	0.0415752	0.423745	0.0182127	0.0178968	0.0128547	0.0212486	0.0051409
70	A	2.71101	0.110664	0.0200121	0.0018029	0.00720193	0.0193728	0.061104	0.0251244	0.004557	0.0133893	0.00604771	0.00919989	0.0245632	0.00744106	0.00390695	0.0110564	0.523891	0.0806367	0.00780494	0.0296369	0.0229326	0.00965478
71	F	3.6678	0.0366698	0.0114392	0.0233143	0.0412082	0.283669	0.0395034	0.0596807	0.0255149	0.0120329	0.0327928	0.0181531	0.0247156	0.160607	0.0527454	0.0426007	0.0242266	0.0068056	0.0104459	0.0472799	0.0230218	0.0235733
72	D	3.61332	0.0384002	0.0413654	0.28704	0.0642445	0.117833	0.019563	0.00380736	0.0581059	0.0875558	0.01738	0.0110366	0.0237152	0.00948171	0.00683563	0.0110597	0.0179974	0.0473894	0.0149778	0.0200209	0.0777871	0.0244034
73	E	1.49476	0.000115425	0.0170576	0.055367	0.0125725	0.00155995	0.00112823	0.000108586	0.009773	0.00633906	0.769519	0.0103747	0.013299	0.000563374	0.0720253	0.000602725	0.00507806	0.0073393	0.000819375	0.0111746	0.00206175	0.0031216
74	R	2.05911	0.013981	0.00511278	0.647295	0.00981007	0.00697344	0.0129126	0.0156013	0.00609428	0.0437893	0.013595	0.00347517	0.00862054	0.00397735	0.0219951	0.151399	0.00625393	0.00619712	0.00757595	0.00899235	0.00277143	0.00357821
75	R	2.87231	0.00226499	0.00753804	0.0113089	0.00793754	0.0153008	0.00681433	0.00657643	0.00592474	0.071546	0.00624957	0.0342185	0.0135829	0.044411	0.00637751	0.345691	0.00364954	0.0130014	0.00329539	0.0213514	0.277578	0.0953824
76	N	2.91688	0.00246388	0.0147154	0.00641033	0.0269895	0.0159591	0.0535585	0.00225977	0.0583113	0.0318951	0.005746	0.449431	0.151171	0.0104348	0.00630279	0.00958193	0.0217453	0.0462017	0.00875202	0.0673495	0.00683379	0.00388772
77	K	2.62904	0.0113464	0.026374	0.00111296	0.00192983	0.00604801	0.0270462	0.563656	0.0332515	0.0710599	0.0237835	0.000705444	0.0140984	0.015297	0.00197742	0.0765897	0.0200183	0.0155477	0.0222219	0.0396194	0.0135551	0.0147612
78	Y	3.43439	0.0123064	0.0328982	0.00385395	0.0134026	0.0387121	0.0211577	0.0742284	0.040501	0.0168842	0.0101781	0.00675253	0.00925141	0.0127492	0.0218636	0.0620041	0.0159271	0.0364412	0.0744055	0.124508	0.346444	0.0255315
79	L	3.38299	0.0815945	0.0422091	0.0061271	0.0106092	0.00356093	0.0512636	0.00753513	0.0103939	0.0130231	0.369556	0.0367455	0.0812672	0.026242	0.0427625	0.0362675	0.022799	0.0207095	0.0110038	0.0262156	0.00818346	0.091932
80	E	3.74918	0.0457375	0.0366418	0.121291	0.242756	0.0155497	0.0257101	0.010867	0.0187505	0.046699	0.0146357	0.0719126	0.035235	0.0033222	0.0785836	0.00965859	0.0552951	0.045792	0.00303122	0.0540978	0.055861	0.00857234
81	E	3.41588	0.0243765	0.0180982	0.116451	0.137459	0.00823157	0.0157866	0.0831679	0.0386078	0.0108638	0.0128189	0.0276594	0.0514824	0.00707878	0.0061367	0.0234443	0.0686992	0.00884337	0.30649	0.0203405	0.00190767	0.0120573
82	H	3.67939	0.0105853	0.00889237	0.00730705	0.011172	0.0982395	0.00299646	0.0932435	0.0563459	0.0682474	0.00958355	0.0710135	0.0473039	0.000997602	0.224687	0.0217499	0.101057	0.0723082	0.0263591	0.00676289	0.042257	0.0188907
83	P	2.77	0.0962819	0.09339	0.00587279	0.0114671	0.0651577	0.00766275	0.00610936	0.00481443	0.00883565	0.00429253	0.00286891	0.0163553	0.0875229	0.488069	0.00574504	0.0205602	0.0134116	0.0263632	0.00295715	0.00635859	0.0259045
84	S	2.3283	0.434281	0.0442007	0.00246051	0.00111643	0.00169491	0.0207735	0.00594331	0.00289017	0.0035977	0.00573041	0.00950983	0.33297	0.00691085	0.0110743	0.000146556	0.0559622	0.0243475	0.00410377	0.0249397	0.00213531	0.00521169
85	A	3.69491	0.127535	0.102047	0.00169521	0.00881292	0.103749	0.121217	0.024649	0.00129716	0.0636872	0.0612002	0.00131744	0.116601	0.00555494	0.010672	0.0828657	0.0308266	0.0126674	0.0882191	0.00806971	0.0133296	0.0139865
86	G	3.65424	0.101563	0.0343537	0.00170511	0.0156417	0.00790325	0.262987	0.0757204	0.00463891	0.0483069	0.0538904	0.0050342	0.0785292	0.0572997	0.0866697	0.0382517	0.0393217	0.0262035	0.00940399	0.00655973	0.0125946	0.0334211
87	K	3.19118	0.00876883	0.0308682	0.00502234	0.0503778	0.00454949	0.0405271	0.0459166	0.0697376	0.434828	0.00727827	0.0203884	0.0107314	0.0400503	0.0561587	0.00736886	0.0121752	0.0582853	0.0268935	0.00473404	0.0121373	0.0532023
88	D	3.375	0.00815079	0.0587023	0.271981	0.00736877	0.0581088	0.00838972	0.00237492	0.0192586	0.0300038	0.0289611	0.00279413	0.0293085	0.0186131	0.206618	0.0101036	0.122251	0.0190501	0.0214999	0.0317459	0.00265855	0.0420581
89	P	2.31599	0.0249297	0.037673	0.00632477	0.00944343	0.00507248	0.0173728	0.00566928	0.0201296	0.00387936	0.0362674	0.00594428	0.014544	0.0811239	0.0075165	0.0061037	0.013288	0.00364622	0.0425263	0.0149289	0.00834012	0.635276
90	K	2.14952	0.0484498	0.0054493	0.00124636	0.00178009	0.0128501	0.0131755	0.0412683	0.0199084	0.0758914	0.00770094	0.00763584	0.0101531	0.00191884	0.660093	0.0237454	0.00782217	0.030931	0.0188034	0.00242055	0.00183694	0.00691994
91	K	2.91848	0.0123995	0.0128202	0.0357536	0.00618477	0.00978391	0.00311471	0.00189904	0.00975991	0.3088	0.0124692	0.0164569	0.0254721	0.00264055	0.00540424	0.200378	0.0456144	0.00879193	0.0142623	0.0272429	0.00232416	0.238428
92	T	3.16304	0.0723576	0.00563543	0.00647523	0.00730404	0.00637997	0.00648094	0.0151926	0.00493242	0.0392849	0.0780929	0.199094	0.158117	0.0247474	0.00864105	0.00602407	0.0203395	0.292946	0.0176383	0.00824887	0.0154562	0.00661109
93	G	3.38871	0.0556807	0.00545785	0.0243103	0.00561958	0.153574	0.262523	0.00792804	0.0254959	0.0432595	0.0249	0.031941	0.00333113	0.0222719	0.0750373	0.0157094	0.0125525	0.18346	0.00384858	0.0207743	0.011371	0.0109542
94	G	3.58222	0.00720804	0.0155921	0.0706054	0.0690399	0.00965817	0.303106	0.00737076	0.0732089	0.0523069	0.00438604	0.0160914	0.0492068	0.0315652	0.0373716	0.0596877	0.0212238	0.0919389	0.00986303	0.0105321	0.00628546	0.053752
95	P	3.65539	0.0557303	0.00462689	0.043398	0.0172667	0.015095	0.0499125	0.0399552	0.011955	0.00997912	0.0218399	0.0489971	0.0127628	0.257537	0.00747491	0.0335545	0.140143	0.0371803	0.119171	0.0135632	0.0175902	0.0422678
96	I	3.82086	0.0372647	0.00923131	0.0084428	0.107153	0.0132774	0.0114053	0.0133468	0.182928	0.0122614	0.0981999	0.051849	0.0161174	0.0423879	0.0472336	0.012974	0.0719101	0.00486708	0.0244347	0.0666859	0.116419	0.0516099
97	Y	3.62218	0.0298493	0.00913184	0.0313371	0.0494307	0.0448191	0.0295675	0.0386571	0.0171269	0.0514106	0.00911569	0.00490892	0.197633	0.0263426	0.0362695	0.014402	0.0269445	0.0276398	0.0172917	0.0137588	0.263117	0.0612466
98	K	3.95124	0.0523641	0.0131187	0.00145029	0.0201188	0.0140045	0.0363766	0.066494	0.051559	0.132153	0.0167598	0.0855247	0.028006	0.0635383	0.0301246	0.0244193	0.136084	0.00742959	0.10281	0.0670241	0.0210231	0.0296179
99	R	3.53245	0.0211266	0.0233744	0.0318888	0.0259559	0.0101875	0.0590909	0.0210969	0.0238673	0.130641	0.00865244	0.0334787	0.0455853	0.0108084	0.0155122	0.323171	0.0176086	0.104197	0.0142188	0.0149302	0.0248539	0.0397546
100	V	2.46064	0.0344461	0.00609476	0.00426203	0.0117686	0.017077	0.0661879	0.599081	0.00364919	0.00238849	0.00693128	0.0205455	0.0385573	0.0110267	0.00666992	0.0272672	0.0239045	0.0219058	0.0338439	0.0631553	0.00109739	0.000140171
101	D	3.64791	0.122824	0.0283105	0.238469	0.0360659	0.00890965	0.0298332	0.00552896	0.0384864	0.0369944	0.0812591	0.0474195	0.0104285	0.060991	0.00508469	0.0215929	0.0225	0.145309	0.0177453	0.0214857	0.00320345	0.0175589
102	R	3.06742	0.00399391	0.0204878	0.0073811	0.043746	0.0548545	0.0276597	0.0104432	0.0102839	0.0463079	0.0431791	0.00470681	0.00126132	0.0126693	0.0054037	0.107977	0.00427593	0.00582229	0.00191347	0.306419	0.258805	0.0224094
103	K	3.46941	0.0329725	0.0485919	0.0175409	0.0322018	0.0166771	0.0346326	0.00957617	0.0364235	0.391036	0.0104996	0.0555972	0.0258626	0.0366385	0.0165791	0.0254043	0.0372081	0.0521355	0.0720128	0.0130288	0.00948179	0.0258996
104	W	3.4863	0.0514611	0.0121024	0.0592254	0.0315425	0.0513766	0.00309238	0.0140573	0.0618013	0.0253026	0.0288682	0.0140677	0.0203494	0.0203226	0.0139531	0.0190097	0.00477589	0.0223874	0.035769	0.352429	0.0445328	0.113574
105	M	2.73861	0.00951893	0.0370228	0.0168922	0.0234034	0.0595039	0.0104038	0.0258076	0.0058445	0.0709464	0.511412	0.123496	0.029037	0.00183869	0.00117936	0.00455562	0.0135952	0.00675453	0.0112653	0.00927547	0.00460859	0.023639
106	R	3.40352	0.015728	0.0215238	0.106938	0.148359	0.0242162	0.0238779	0.0129572	0.0255096	0.0107266	0.0263798	0.0219041	0.00835464	0.0498542	0.0476301	0.330847	0.00865275	0.00541181	0.00639567	0.0425011	0.0549169	0.00731521
107	E	3.6105	0.0198026	0.00714085	0.0275021	0.31444	0.01105	0.0491944	0.00938449	0.0528496	0.0331746	0.00799375	0.069435	0.0662009	0.0445843	0.010822	0.0332154	0.0625688	0.101042	0.0136218	0.0200959	0.0151799	0.0307015
108	L	3.21116	0.00180677	0.0303575	0.00818759	0.0120124	0.0253104	0.0240726	0.0262421	0.050018	0.169347	0.392537	0.0121672	0.0252955	0.0232057	0.0210661	0.00694759	0.0106792	0.0594407	0.014402	0.0130374	0.0532681	0.0205983
109	V	3.28772	0.0584923	0.00907558	0.0550374	0.00539738	0.00996785	0.0591319	0.0205539	0.0463653	0.0116915	0.226635	0.0182968	0.00977633	0.00811823	0.0278144	0.0302298	0.0152851	0.0277987	0.321822	0.0110218	0.0157956	0.0116938
110	L	3.02128	0.00750695	0.0329182	0.0250185	0.0090866	0.0265439	0.0234729	0.0176135	0.00995202	0.00974385	0.47733	0.029876	0.0158321	0.0525211	0.0163938	0.089342	0.0132165	0.0157109	0.00563976	0.0292184	0.00757623	0.0854873
111	Y	3.64678	0.0396954	0.0124908	0.0813301	0.00515603	0.017952	0.0317908	0.0445331	0.0328917	0.015601	0.013484	0.0865675	0.0037328	0.0465465	0.0339251	0.00321931	0.153671	0.137351	0.00979035	0.006474	0.199966	0.0238316
112	D	3.38166	0.0350229	0.00242979	0.257531	0.112018	0.0117186	0.0189777	0.0693911	0.0474892	0.030478	0.0172838	0.0246917	0.0356835	0.0118907	0.0156682	0.0193091	0.00899019	0.0118923	0.00546438	0.00622967	0.236062	0.0217783
113	K	3.00374	0.0028503	0.00583777	0.00900748	0.0168812	0.0306785	0.00700179	0.0354487	0.0114619	0.451428	0.0502303	0.0101219	0.0371364	0.0211934	0.0179565	0.0157291	0.144233	0.00610637	0.00797349	0.0606671	0.0447107	0.0133464
114	E	3.37603	0.0206832	0.0173187	0.0238461	0.169417	0.0739616	0.0857159	0.0546137	0.00900301	0.071419	0.0237792	0.00403697	0.00785618	0.00311766	0.0428481	0.00796623	0.00299956	0.0147297	0.00995502	0.306729	0.0371953	0.0128083
115	E	3.03456	0.0704237	0.0108812	0.00849371	0.473787	0.00839374	0.0085457	0.0780606	0.0303095	0.0396821	0.0123358	0.0167665	0.0238045	0.0100532	0.0175441	0.061039	0.0196222	0.00337387	0.00972118	0.0175745	0.0206726	0.0589153
116	I	0.75732	0.00257704	0.00179723	0.000455158	0.015872	0.000273	0.00365482	0.00057521	0.0144505	0.00190261	0.00105354	0.00537336	0.00286065	0.00050025	0.00326162	0.00135507	0.00110294	0.00256613	0.904111	0.000560447	0.00216181	0.0335353
117	R	1.94684	0.00102508	0.00611042	0.00667485	0.0181609	0.0255772	0.0066827	0.00960311	0.00589818	0.00556949	0.0062584	0.00344589	0.0220665	0.00629881	0.70454	0.0800354	0.00499122	0.026182	0.0356454	0.00274651	0.0106362	0.0118513
118	R	3.55982	0.0890118	0.0157367	0.0627202	0.0160616	0.140474	0.0154507	0.0271066	0.0326695	0.0260381	0.0427301	0.0253914	0.00703187	0.010384	0.00988628	0.305312	0.0256299	0.0704491	0.0102604	0.0191918	0.0247394	0.0237247
119	I	3.2106	0.0103836	0.0451813	0.0263316	0.00968423	0.0062923	0.0160235	0.0112919	0.239788	0.010953	0.0314998	0.0262937	0.0276624	0.0254671	0.00379834	0.0183991	0.00525083	0.0290938	0.341451	0.0500581	0.0194066	0.0456901
120	W	3.22874	0.0289773	0.0186117	0.0424142	0.040658	0.0126644	0.0141137	0.00752538	0.0362664	0.151366	0.0115838	0.0370208	0.00877117	0.044418	0.00739529	0.0204257	0.0151073	0.0185498	0.00656938	0.408004	0.0311974	0.03836
121	R	3.5677	0.0171737	0.0453894	0.028615	0.0135408	0.109811	0.0142532	0.0302722	0.0171205	0.246475	0.0167369	0.00946472	0.0447019	0.0160268	0.0189134	0.204598	0.0113499	0.0185143	0.00579336	0.0306278	0.0450467	0.0555759
122	Q	3.65924	0.0216103	0.044479	0.00579841	0.0173075	0.00718644	0.0071328	0.0732217	0.0673752	0.00973086	0.0852905	0.013121	0.00604893	0.0734254	0.26253	0.107133	0.0423586	0.0159786	0.0575296	0.00653398	0.0384058	0.0378023
123	A	2.6609	0.136303	0.00110363	0.0173319	0.00484021	0.00481019	0.242777	0.0112488	0.00176208	0.00762559	0.00415796	0.0136647	0.00300331	0.00713752	0.00245765	0.0311988	0.0456512	0.00601977	0.0520337	0.00255212	0.00741198	0.396909
124	N	3.45456	0.0646627	0.129753	0.0219601	0.0140653	0.0184014	0.00534197	0.0616791	0.00693905	0.037755	0.0209986	0.00892493	0.308497	0.0243777	0.0219688	0.014615	0.0890429	0.0119634	0.00285682	0.0910521	0.0418398	0.00330573
125	N	3.71405	0.0422083	0.00823703	0.0042754	0.0611111	0.0166492	0.0291407	0.0459838	0.0162587	0.062321	0.0416247	0.190224	0.171687	0.00145693	0.0314401	0.0154891	0.0569179	0.116441	0.0531048	0.00351237	0.0183	0.0136175
126	G	2.91674	0.143191	0.295682	0.00125295	0.00519808	0.00206933	0.0766818	0.00091502	0.0200525	0.0208582	0.251675	0.00250086	0.00921574	0.00942624	0.0107654	0.07961	0.0101612	0.0265164	0.0308929	0.00106881	0.000486897	0.00178029
127	D	2.71227	0.00727579	0.000590126	0.0274102	0.0149056	0.024162	0.00362245	0.11015	0.00109037	0.00250184	0.388468	0.0647548	0.0287276	0.00400669	0.00301831	0.00393713	0.0224615	0.0104286	0.00882243	0.258795	0.0116057	0.00326636
128	D	2.18019	0.234342	0.00161304	0.0240784	0.00307106	0.00792513	0.0226758	0.544117	0.0015853	0.00612312	0.0435541	0.00127912	0.0114696	0.00465492	0.00224585	0.0025014	0.0112373	0.00638238	0.00268212	0.00293339	0.0624793	0.00304996
129	A	2.65804	0.0625132	0.0341192	0.0015701	0.00370339	0.0119521	0.490803	0.0314548	0.00969083	0.00658051	0.0226985	0.0157714	0.0255503	0.0125951	0.000364012	0.187049	0.00282975	0.0277202	0.038187	0.00161407	0.00571554	0.0075179
130	T	3.15036	0.00895552	0.0167985	0.00427918	0.00165215	0.0293345	0.00179187	0.193301	0.0283711	0.0130082	0.154855	0.0332571	0.0242594	0.00219126	0.0149672	0.0135064	0.0245232	0.103006	0.30045	0.0178263	0.0118999	0.0017659
131	A	3.5606	0.211533	0.010782	0.0225183	0.127069	0.00561948	0.0237436	0.221535	0.0235036	0.00402921	0.0372287	0.0327862	0.0256031	0.0259033	0.015477	0.0170872	0.0783527	0.0359051	0.011462	0.0346985	0.00828902	0.0268738
132	G	3.05393	0.00676305	0.0465871	0.0107796	0.00924862	0.0116508	0.256467	0.0661159	0.361407	0.011204	0.0108203	0.00856807	0.0215432	0.0243612	0.00575241	0.0333504	0.0152699	0.00756243	0.0290815	0.0325359	0.0186727	0.0122589
133	L	2.61386	0.0218082	0.00121369	0.00749332	0.012393	0.0281978	0.0426558	0.0095136	0.550677	0.0367288	0.122048	0.00603603	0.0364936	0.0356069	0.0262826	0.00833123	0.00629185	0.00691422	0.0278723	0.00773595	0.00279962	0.00290565
134	T	3.29085	0.0838431	0.187073	0.00529082	0.0131061	0.00523325	0.0320507	0.0155824	0.0167963	0.0111886	0.0231874	0.0296586	0.0106095	0.0203853	0.00145897	0.00557662	0.105974	0.32201	0.0397329	0.021206	0.0306546	0.019381
135	H	3.46603	0.0757644	0.0234185	0.0278547	0.0239331	0.0204569	0.0339236	0.377206	0.0228099	0.0575655	0.00754407	0.0637307	0.00841512	0.0880465	0.0228222	0.0275126	0.0202421	0.0204174	0.0203183	0.0150585	0.0208289	0.0221304
136	M	3.70859	0.00836396	0.0580473	0.0134722	0.0576194	0.00177093	0.0188153	0.0221229	0.065634	0.0103901	0.094946	0.244507	0.0355954	0.0397916	0.0256528	0.0113143	0.0190324	0.0250723	0.142593	0.0144558	0.0515191	0.0392839
137	M	3.32674	0.00355434	0.00684346	0.0420754	0.0071105	0.0281095	0.0345499	0.0129908	0.0928238	0.00740297	0.0219064	0.344935	0.0188858	0.0213524	0.00491359	0.00163064	0.111061	0.0407726	0.00879937	0.0185854	0.0695494	0.102148
138	I	3.14484	0.0178731	0.0149406	0.0336371	0.0106038	0.0215422	0.0593315	0.00904814	0.410748	0.0616386	0.0275736	0.135438	0.0125846	0.075148	0.00517902	0.00740687	0.00576996	0.00419028	0.0448981	0.0218669	0.00978077	0.010801
139	W	3.7154	0.0268698	0.0225599	0.0197323	0.0332292	0.00874393	0.0322341	0.00769122	0.115669	0.0595949	0.0688466	0.0118412	0.00691991	0.0261488	0.0125343	0.048731	0.0578581	0.0775255	0.0412681	0.267735	0.00689347	0.0473735
140	H	3.63655	0.027751	0.0446041	0.0628685	0.038099	0.0347851	0.0335201	0.301283	0.00452426	0.0116939	0.0473579	0.0304395	0.0112647	0.00944368	0.0753425	0.0254027	0.0767262	0.00516576	0.00637563	0.0283233	0.0984027	0.0266269
141	S	3.42487	0.0255002	0.0160466	0.127228	0.0276876	0.0920856	0.0286058	0.120366	0.00920049	0.0218448	0.00813093	0.0146584	0.0261515	0.0278514	0.00980306	0.0353146	0.327479	0.0322176	0.0133375	0.0209225	0.00887452	0.00669443
142	N	3.46305	0.0116363	0.0234962	0.0222663	0.0260792	0.0325382	0.00756073	0.0253951	0.0372309	0.0644142	0.0208171	0.0407043	0.383607	0.018704	0.0631517	0.0782486	0.0489943	0.0209141	0.00458575	0.016007	0.0230034	0.030646
143	L	3.41966	0.0126546	0.0499721	0.00780572	0.0119047	0.0236214	0.00903325	0.0927405	0.0198164	0.0654474	0.359314	0.0537462	0.0424743	0.0607866	0.0121403	0.087239	0.0197091	0.00871441	0.0131455	0.0193764	0.00476133	0.0255971
144	N	3.29106	0.0200663	0.00703821	0.0143778	0.0392039	0.025427	0.0272267	0.0278402	0.081654	0.0397099	0.00585374	0.139956	0.370942	0.00699813	0.0197528	0.00251747	0.00317002	0.0236937	0.00897735	0.0218106	0.0704711	0.0433128
145	D	3.30947	0.0496043	0.0572269	0.404158	0.0390786	0.00864589	0.0108904	0.0130157	0.0410527	0.00868116	0.0403603	0.0107953	0.00947396	0.0536907	0.0840276	0.00341898	0.0132652	0.0356258	0.00563619	0.0540691	0.039727	0.0175563
146	T	2.96814	0.306055	0.106307	0.0607985	0.00421688	0.0121611	0.0128879	0.00195411	0.00447534	0.0135908	0.0106263	0.0101664	0.00359872	0.00791455	0.00770087	0.0114659	0.223391	0.155074	0.0040473	0.0114208	0.00256421	0.0295829
147	T	3.52667	0.0222839	0.0310658	0.00886918	0.0365607	0.0930935	0.027755	0.0126529	0.0723762	0.0236263	0.00918238	0.0583032	0.0531418	0.0271975	0.0649664	0.0208064	0.00559653	0.342847	0.0510626	0.00792579	0.0186686	0.0120182
148	Y	2.85	0.0561205	0.012145	0.00997144	0.00909749	0.0184665	0.0162005	0.0262489	0.0864033	0.0103924	0.0349848	0.0268286	0.0144929	0.00260121	0.00668446	0.00397238	0.0338007	0.0119483	0.00518069	0.020505	0.507738	0.0862171
149	Q	2.83562	0.00803197	0.0536538	0.00829904	0.0175106	0.0231291	0.00302497	0.0159595	0.09795	0.0338805	0.00422303	0.0134028	0.0382647	0.0412478	0.521741	0.0285808	0.0102912	0.00940467	0.0113197	0.0239911	0.0296886	0.00640488
150	R	3.15877	0.00587826	0.0187558	0.01235	0.080593	0.0117545	0.0845671	0.0142516	0.0119161	0.0103533	0.0394189	0.0257491	0.0108557	0.0218472	0.00931706	0.437761	0.0833941	0.0101927	0.022462	0.0220445	0.0440323	0.0225059
151	T	2.91355	0.00429496	0.00748554	0.010017	0.0160761	0.00772606	0.0551379	0.0133011	0.0135674	0.0215529	0.0414699	0.00887064	0.0345991	0.00943269	0.127901	0.00887679	0.00856379	0.484129	0.0521941	0.0200917	0.0116201	0.0430921
152	R	2.47145	0.00681998	0.00779028	0.0193122	0.0224065	0.0147049	0.00375526	0.0102075	0.00604682	0.0499322	0.00460262	0.00584862	0.0102403	0.0210336	0.0339907	0.345155	0.00598315	0.00259898	0.00778707	0.00611179	0.00442533	0.411247
153	A	3.17169	0.327539	0.00568642	0.0198685	0.00394313	0.250015	0.069004	0.0200013	0.0174155	0.0142014	0.0309397	0.0134943	0.00779199	0.0181552	0.00815274	0.0216189	0.00566216	0.0715312	0.0375143	0.0109343	0.0260333	0.0204979
154	L	3.27992	0.00959831	0.124684	0.0040725	0.0421287	0.0135264	0.0168445	0.00419169	0.199844	0.132571	0.272062	0.0346189	0.0202504	0.0114441	0.00557157	0.0213018	0.02002	0.00580096	0.00831972	0.0160601	0.0175785	0.019511
155	V	2.95779	0.0431072	0.0128486	0.0292463	0.0214101	0.0138984	0.0579237	0.0150174	0.0398616	0.0168077	0.016012	0.015551	0.00598553	0.0250279	0.0204195	0.0103101	0.0119378	0.0293511	0.524193	0.0178515	0.0303424	0.0428968
156	R	2.6201	0.0100729	0.0154632	0.00174365	0.00158639	0.0150056	0.0342872	0.011578	0.00103996	0.0279819	0.00290402	0.00945162	0.00169533	0.00688455	0.41269	0.291941	0.0109668	0.0087113	0.0353134	0.00430957	0.0278038	0.0685695
157	T	3.43983	0.159754	0.0755987	0.0878587	0.00459168	0.0231591	0.0167861	0.020242	0.0129231	0.00380366	0.00344181	0.00748751	0.00324806	0.0208987	0.0116736	0.015259	0.0394618	0.254436	0.13461	0.0612227	0.0081029	0.0354404
158	G	3.28848	0.0146033	0.0281072	0.0148459	0.015128	0.0664559	0.440098	0.033622	0.0127311	0.0325985	0.0278065	0.0286581	0.0459188	0.0319623	0.067241	0.00814582	0.0208565	0.028821	0.0160284	0.0088612	0.0277658	0.0297448
159	M	2.88427	0.0188234	0.0371115	0.00664851	0.012972	0.00454511	0.00691353	0.0404845	0.0738266	0.00799287	0.0509138	0.514595	0.0159852	0.0196566	0.0296887	0.0175649	0.0661309	0.0119387	0.0371014	0.00518548	0.0130141	0.00890704
160	D	3.07656	0.00227034	0.0360522	0.330484	0.020913	0.0108467	0.022202	0.00870595	0.0267551	0.00346408	0.00520139	0.017987	0.0311817	0.0429762	0.00332423	0.00981894	0.012219	0.0140943	0.018472	0.271358	0.0796184	0.0320554
161	P	2.23334	0.0939395	0.0114462	0.0201834	0.00382037	0.000281628	0.0346885	0.00279228	0.00270083	0.0261012	0.00210635	0.00180585	0.000627269	0.129886	0.0061254	0.00608508	0.595438	0.00580567	0.0123562	0.0183389	0.00464928	0.020822
162	R	3.32883	0.00222976	0.00542031	0.0443336	0.056526	0.00818448	0.100608	0.0685103	0.0192419	0.073899	0.00766592	0.0109248	0.0441262	0.00429065	0.0165852	0.372245	0.00607352	0.0119902	0.0190022	0.0572055	0.0290924	0.0418453
163	M	3.47023	0.0403657	0.0678212	0.0177423	0.0246044	0.0177606	0.0340424	0.0200957	0.035097	0.0286307	0.0589539	0.383636	0.0129398	0.0065379	0.0297409	0.0240349	0.0461687	0.00789757	0.0372498	0.061326	0.00426895	0.041086
164	C	2.34897	0.541535	0.11769	0.0239989	0.000508432	0.00431031	0.0103219	0.010481	0.153625	0.0569633	0.00397234	0.000823468	0.0185497	0.00950909	0.00280079	0.00324221	0.00995726	0.0117719	0.00465365	0.00429923	0.0096153	0.001371
165	S	2.9164	0.286917	0.00310749	0.00983225	0.0161717	0.00695834	0.0170093	0.0079589	0.0106759	0.00145865	0.0488491	0.0225941	0.0969309	0.0288203	0.00979872	0.00284245	0.337851	0.0335563	0.0102076	0.00630858	0.00562527	0.0365267
166	L	3.38464	0.0169958	0.00611342	0.0176797	0.194119	0.00637326	0.00625218	0.0442386	0.0553232	0.0178352	0.304253	0.0917138	0.0171989	0.0220797	0.0382929	0.0192528	0.0165451	0.0281791	0.0166742	0.0069264	0.00662478	0.0673287
167	M	3.14301	0.016848	0.0143376	0.0129085	0.0152616	0.0157384	0.00502839	0.00764382	0.0325923	0.00384229	0.047649	0.398008	0.149129	0.00162115	0.0172684	0.052781	0.0954803	0.0402553	0.0216211	0.0104359	0.00724652	0.0343039
168	Q	3.28841	0.00803178	0.00332651	0.0496122	0.0194587	0.00681565	0.0363006	0.0127707	0.00381558	0.0258075	0.00658469	0.0560622	0.020414	0.0359701	0.357917	0.0169264	0.0624749	0.130869	0.0214175	0.00446259	0.0117169	0.109245
169	G	3.41607	0.0583563	0.0101809	0.0292947	0.0108484	0.0076471	0.33566	0.0216953	0.0837294	0.118619	0.0202574	0.00748247	0.00317044	0.0183757	0.0830673	0.0127482	0.0203665	0.0373401	0.00869791	0.0714646	0.0307539	0.0102444
170	S	3.20431	0.0777315	0.0574494	0.18537	0.0283108	0.0102948	0.0133053	0.00790056	0.00838982	0.031314	0.0130537	0.0614546	0.00921398	0.0147613	0.026438	0.0156595	0.357409	0.00500481	0.00252647	0.0143783	0.00613591	0.0538977
171	T	3.26858	0.00901115	0.051894	0.0163096	0.133091	0.0062416	0.00943305	0.0164899	0.0186993	0.0165614	0.0319876	0.0174198	0.0331403	0.0200435	0.0731517	0.0255959	0.0189361	0.395499	0.0650911	0.0105784	0.0241086	0.00671744
172	L	3.00588	0.0328608	0.0424179	0.0151016	0.0120673	0.00558843	0.0136283	0.0287001	0.148085	0.0279537	0.457603	0.0101844	0.0104485	0.0474321	0.00804794	0.0214315	0.00463546	0.0170097	0.0114939	0.0091086	0.0221812	0.054021
173	P	3.49682	0.099136	0.0326045	0.0817352	0.0188243	0.00657441	0.010974	0.0397113	0.00958905	0.0143758	0.0393595	0.0125284	0.0120482	0.353956	0.0437507	0.0301562	0.0346796	0.0126357	0.046006	0.0118752	0.0346944	0.0547858
174	R	2.72498	0.00752317	0.0172784	0.00413919	0.0926034	0.0347613	0.0360894	0.055416	0.015303	0.0106247	0.0280801	0.0229092	0.0115559	0.0105429	0.00372608	0.542836	0.00740096	0.00180926	0.0175453	0.0319204	0.00524117	0.042694
175	R	3.07263	0.00800831	0.00512598	0.00740812	0.0575932	0.00798068	0.00754289	0.0498319	0.00756712	0.178529	0.0231812	0.0222747	0.02215	0.0404683	0.0139886	0.388685	0.0107806	0.00552171	0.0189739	0.0152178	0.00573181	0.103438
176	S	2.86454	0.0192136	0.0163133	0.0232351	0.0552651	0.0420227	0.0160188	0.0353715	0.0139968	0.0164575	0.0134229	0.0101604	0.0106924	0.0114736	0.0165641	0.0345194	0.549425	0.0230471	0.0243332	0.0207649	0.0150231	0.0326795
