#SITE	WT_AA	SITE_ENTROPY	PI_A	PI_C	PI_D	PI_E	PI_F	PI_G	PI_H	PI_I	PI_K	PI_L	PI_M	PI_N	PI_P	PI_Q	PI_R	PI_S	PI_T	PI_V	PI_W	PI_Y	PI_*
1	M	3.45878	0.0172237	0.0369322	0.0191693	0.0198407	0.0257585	0.0274171	0.0257369	0.0177875	0.0438998	0.0319785	0.405534	0.0375058	0.0135435	0.0495382	0.030366	0.018825	0.0170518	0.0253243	0.0773133	0.0312055	0.0280483
2	A	1.25276	0.835597	0.00457902	0.0067975	0.0168727	0.0067818	0.00337405	0.00470202	0.0079741	0.00494913	0.00144141	0.0339687	0.00455667	0.000909824	0.00363424	0.00260443	0.00205221	0.00172398	0.0296695	0.0106221	0.0121552	0.00503468
3	S	1.51858	0.0070964	0.000980085	4.37223e-05	0.000145053	0.234972	0.00128105	0.00491256	0.000653237	0.000451581	0.0300435	0.00181221	0.000992206	0.00041764	0.000786519	0.00355165	0.0453082	0.00367991	0.00468358	0.0013202	0.656585	0.000283323
4	Q	3.27902	0.0109305	0.00764974	0.00278497	0.046172	0.253777	0.00166685	0.0378242	0.0284146	0.0202094	0.0378377	0.0145728	0.0516443	0.000231579	0.00849317	0.214285	0.128566	0.00702818	0.00924975	0.0187087	0.0984891	0.00146358
5	G	1.70748	0.0233487	0.0456265	0.000482651	0.000401066	0.0003552	0.0323791	0.000210425	0.000755139	0.000721946	0.000109704	0.000640546	0.0448918	0.00612851	0.00137801	0.025068	0.0998075	0.0114547	0.000293893	0.703869	0.00195591	0.000122186
6	T	1.29976	0.00812845	0.00453432	0.00399482	0.00544467	0.00308921	0.00654785	0.0177516	0.031881	0.0016804	0.00219947	0.00929151	0.0048757	0.0260984	0.00175411	0.0267499	0.00202593	0.827307	0.00223819	0.00827012	0.0040251	0.00211185
7	K	1.15115	0.00166755	0.00665179	0.00842684	0.00769466	0.00794321	0.0022037	0.00404614	0.00511835	0.854117	0.00182042	0.00882083	0.0347255	0.00144454	0.0101484	0.00299456	0.00240047	0.010379	0.00190492	0.0176479	0.00356545	0.00627908
8	R	1.71956	0.0023481	0.00501617	0.00343681	0.00411401	0.004342	0.0168022	0.00155727	0.00190507	0.00530706	0.00196728	0.00466003	0.00402165	0.00237311	0.484608	0.41566	0.00135654	0.00257941	0.0041652	0.0295547	0.00173045	0.0024952
9	S	2.49615	0.0614963	0.00786389	0.000838874	0.00116635	0.038742	0.000364896	0.00147944	0.00395254	0.00111166	0.364814	0.00865354	0.245071	0.000392879	0.00214631	0.000829791	0.182841	0.000494242	0.00596254	0.00649496	0.063748	0.00153528
10	Y	3.10993	0.32507	0.0291552	0.00590912	0.000283614	0.00368322	0.00908907	0.118195	0.0803135	0.000481038	0.0525067	0.0131774	0.0687959	0.00468388	0.0544918	0.00070582	0.00488086	0.0349203	0.00317293	0.00144352	0.169777	0.0192635
11	E	2.84398	0.0162772	0.00978031	0.0125	0.217396	0.00724366	0.00249325	0.00466377	0.0542095	0.0349568	0.00343325	0.00767785	0.00328922	0.000770801	0.00478156	0.227884	0.275531	0.00172782	0.0994827	0.00806836	0.00292318	0.00490934
12	Q	1.84796	0.00597412	0.00113549	0.00176207	0.00154435	0.00479942	0.00169292	0.0310816	0.0162987	0.650548	0.010974	0.000814528	0.00644712	0.00262479	0.0254935	0.183947	0.0351451	0.00677966	0.00690993	0.00394618	0.00138779	0.000693408
13	M	1.6997	0.00322418	0.0193031	0.0963077	0.00814232	0.0088682	0.00619879	0.0016974	0.0485306	0.0047457	0.0100144	0.732602	0.0131932	0.000862431	0.00467812	0.00279889	0.00140555	0.00336862	0.00472656	0.0183378	0.00366839	0.00732618
14	E	2.52622	0.0192654	0.0583294	0.0435249	0.547325	0.00608728	0.00113326	0.00954579	0.00839027	0.0328515	0.00234458	0.0113559	0.00932412	0.000446207	0.0684859	0.00425331	0.0135947	0.127568	0.0151493	0.0089082	0.00600782	0.00610833
15	T	2.59684	0.00189103	0.00908011	0.00980742	0.0809843	0.00471548	0.00135237	0.15465	0.31651	0.00239429	0.0164952	0.00392396	0.0225259	0.00219283	0.00253537	0.0105257	0.0146371	0.322804	0.00327534	0.00924826	0.00453204	0.00591952
16	D	2.83029	0.00973504	0.0456917	0.475903	0.0685752	0.00672155	0.055411	0.00849601	0.0106473	0.00358898	0.00260546	0.0159543	0.0980081	0.00492197	0.0909674	0.00390483	0.00751316	0.0122017	0.00654418	0.00459045	0.0106674	0.0573514
17	G	2.92736	0.00172636	0.0037988	0.00327645	0.00600026	0.00796072	0.306854	0.0109668	0.0169597	0.0600058	0.00223844	0.249425	0.00242276	0.117454	0.0111289	0.0211867	0.0226871	0.0254269	0.00286747	0.00950849	0.00162426	0.116482
18	E	3.21754	0.020974	0.000827389	0.0565195	0.139424	0.0323985	0.00858355	0.00589948	0.0268948	0.000327397	0.00738673	0.00621911	0.0465125	0.0589187	0.00218147	0.0122095	0.0436521	0.0845094	0.06113	0.0169823	0.00491983	0.363529
19	R	1.95843	0.0138987	0.0293576	0.11457	0.00738586	0.0130436	0.00316982	0.0382243	0.00639403	0.00639273	0.00151139	0.0142305	0.00847893	0.00225689	0.00921211	0.685248	0.00358116	0.0122938	0.00356725	0.0139841	0.00945054	0.00374842
20	Q	1.48434	0.000967195	0.0057229	0.000913954	0.00454936	0.00139049	0.00095317	0.00550853	0.000562559	0.00399709	0.006089	0.0448914	0.000732591	0.639432	0.272446	0.00239116	0.000915137	0.0022987	0.00161341	0.00142373	0.00139096	0.00181049
21	N	2.86221	0.00132401	0.00353259	0.00954991	0.00393393	0.00203816	0.00671677	0.00443911	0.00122369	0.150176	0.0063538	0.0772842	0.149759	0.00263743	0.0128446	0.103695	0.329118	0.119521	0.00337183	0.00614617	0.000918521	0.00541718
22	A	2.38999	0.1351	0.00187263	0.00224753	0.00362108	0.00462753	0.0377099	0.00351241	0.000516405	0.0234999	0.0444984	0.0102751	0.000704997	0.0145737	0.0051259	0.0923093	0.555673	0.0265374	0.0262391	0.00275333	0.00258069	0.00602205
23	T	2.99174	0.0241492	0.221057	0.000324911	0.00113029	0.0112064	0.0049523	0.0361674	6.88072e-05	0.025215	0.228134	0.0179577	0.00899798	0.000949146	0.261964	0.048617	0.0332272	0.0471423	0.00931846	0.00117763	0.0063881	0.0118556
24	E	2.05484	0.0047055	0.00149042	0.00455586	0.0893472	0.00372459	0.00022536	0.0632266	0.00223139	0.000372716	0.000765409	0.0102831	0.00305886	0.00312576	0.283517	0.0065773	0.00439346	0.00324395	0.0145354	0.00068746	9.61771e-05	0.499836
25	I	0.553132	0.00750738	0.000651614	0.0018011	0.00148262	0.000855396	0.928728	0.000301447	0.0383377	0.000619409	0.00032536	0.00941289	0.00110964	0.000358522	0.00206217	0.000810302	0.000557933	0.00032773	0.0014727	0.00130449	0.000698185	0.00127535
26	R	2.4511	0.00728528	0.0393768	0.00815486	0.0209833	0.0111671	0.0120062	0.0223187	0.0136771	0.131737	0.0147401	0.0316228	0.0162638	0.0076075	0.00652015	0.585556	0.00423193	0.0407879	0.0135311	0.00509933	0.00361314	0.00371921
27	A	3.03804	0.286497	0.0114691	0.00426265	0.0412502	0.00406398	0.00209494	0.240671	0.00904936	0.00363663	0.0107997	0.0217252	0.15778	0.000919689	0.0199903	0.0736889	0.00697113	0.0567667	0.0216031	0.0160709	0.00195714	0.00873254
28	S	2.05802	0.0913533	0.0232933	0.000501025	0.000846978	0.0011109	0.00979714	0.0123389	0.000980494	0.00406621	0.00293789	0.00963575	0.00575955	0.00288026	0.0169591	0.0259966	0.0619102	0.000219457	0.000221834	0.000540096	0.0998533	0.628798
29	V	2.49791	0.00483815	0.011013	0.16243	0.0184046	0.0837397	0.0301879	0.00100345	0.440195	0.00158521	0.00721349	0.0136223	0.00228596	0.00103211	0.0064292	0.00470571	0.00436532	0.00180708	0.191691	0.00600942	0.00153517	0.00590637
30	G	3.10239	0.0172463	0.0019464	0.00904071	0.0794616	0.113655	0.39493	0.00482034	0.0099368	0.0949551	0.00146381	0.0657565	0.00805312	0.00573196	0.0118647	0.0155959	0.0318945	0.00533175	0.00974037	0.0105506	0.0371635	0.0708611
31	K	3.2533	0.0208236	0.0247202	0.00532409	0.102505	0.00355438	0.0201495	0.00777644	0.058971	0.36924	0.0135454	0.040599	0.0326756	0.0783636	0.00719309	0.0794152	0.00304938	0.0950119	0.0129413	0.00734279	0.0081747	0.00862412
32	M	0.383336	0.000410303	0.000168745	0.000425241	0.00159021	0.000586244	0.00254152	0.000158513	0.0110269	0.000700839	0.000221737	0.0183761	0.955649	0.000741368	9.2215e-05	0.00237432	0.000339791	0.000363959	0.000387429	0.00301217	0.000265075	0.000568285
33	I	2.89661	0.00454432	0.0430229	0.00413805	0.00398258	0.0182779	0.278442	0.00153375	0.345868	0.0124255	0.00992305	0.0398948	0.0142903	0.00111546	0.013896	0.0193102	0.0361711	0.0361495	0.0954182	0.0143883	0.00123471	0.00597315
34	D	2.8755	0.363326	0.0208178	0.115603	0.0154925	0.00183812	0.0834992	0.00172688	0.223581	0.00793559	0.0490766	0.0201959	0.00525195	0.00037586	0.00739189	0.00950363	0.0328545	0.0155439	0.0198441	0.00497836	0.000368791	0.000794183
35	G	2.9424	0.136532	0.125325	0.0185627	0.0334484	0.00787355	0.434609	0.00665366	0.0191341	0.0282044	0.0176102	0.00424985	0.0138032	0.0308626	0.00631922	0.0264406	0.00969682	0.00181561	0.00783038	0.00814823	0.0594473	0.00343402
36	I	2.8847	0.00662191	0.0177339	0.0840366	0.0158862	0.010747	0.010569	0.0160113	0.501849	0.00956263	0.0490396	0.0444211	0.0112774	0.0168846	0.0941883	0.0225604	0.00371715	0.0268509	0.0106339	0.0293949	0.0121188	0.0058952
37	G	2.92772	0.0853431	0.0069836	0.0292999	0.0397319	0.00758516	0.503378	0.00659609	0.0410948	0.0110933	0.0335822	0.0141859	0.00773263	0.0274794	0.0111417	0.00640118	0.0182719	0.00537942	0.0124933	0.0605712	0.0425157	0.0291398
38	R	3.35883	0.00216392	0.0273281	0.0363374	0.00665616	0.00667825	0.00764169	0.0891034	0.00613367	0.137743	0.00439988	0.099414	0.00300594	0.140183	0.0183964	0.272624	0.000790809	0.0216643	0.0262147	0.046054	0.0347175	0.0127496
39	F	0.54511	0.00109682	0.00332928	0.00198467	0.000367839	0.028863	0.0015172	0.0071044	0.000522065	0.00018155	0.0018839	0.000389295	0.00271893	0.00619102	0.00200701	0.000521901	0.00248261	0.00170158	0.00113176	0.934905	0.000830165	0.00027028
40	Y	0.99025	0.000699059	0.0246616	0.00152775	0.000534746	0.00267957	0.00138962	0.0696451	0.000176928	0.000691019	0.00326197	0.00199355	0.00252875	0.000213627	0.00456948	0.847256	0.000492641	0.00133791	7.16472e-06	0.00181318	0.0332185	0.00130201
41	I	3.33721	0.0505182	0.000897739	0.00309372	0.0219284	0.235316	0.022545	0.00648765	0.0880697	0.00170865	0.00599744	0.0151702	0.00680615	0.004894	0.180409	0.0231403	0.0526541	0.0427786	0.169136	0.0136964	0.051492	0.00326095
42	Q	2.37636	0.0119599	0.0116913	0.00491125	0.0595176	0.00592872	0.00895494	0.0376933	0.00804068	0.00973103	0.00918188	0.00789172	0.0126076	0.0411866	0.614039	0.00209879	0.0856625	0.00483858	0.0061666	0.034412	0.0107534	0.0127325
43	M	2.98823	0.00314736	0.022049	0.0343942	0.176275	0.165136	0.00465221	0.00308739	0.0196675	0.00832449	0.00938045	0.379017	0.0250889	0.0289099	0.00893028	0.00402797	0.00677352	0.00838029	0.026227	0.012227	0.0282563	0.0260489
44	C	0.671774	0.00958302	0.02118	0.000886876	0.0184294	0.000924557	0.000141287	0.0034585	0.00343146	0.00108321	0.00329304	0.00277106	0.000577043	0.000322415	0.00142247	0.000577657	0.00102599	0.00119722	0.000102858	0.0101816	0.00128902	0.918121
45	T	1.00826	0.00350123	0.00799327	0.00248213	0.00129581	0.00312039	0.00564375	0.0048556	0.00495473	0.000680706	0.0104743	0.0147164	0.00674864	0.000195267	0.0054575	0.0010249	0.862421	0.0584794	0.00131449	0.00202858	0.000575453	0.00203656
46	E	2.23959	0.000881675	0.379881	0.0148244	0.146056	0.00182846	0.0044945	0.0151275	0.00406809	0.00682746	0.0160391	0.00493888	0.00604685	0.362921	0.00355198	0.00176408	0.000266188	0.00797149	0.00665786	0.00397515	0.00593805	0.00593964
47	L	2.96856	0.0139086	0.112203	0.0101763	0.0107946	0.0116877	0.00518613	0.0201082	0.0903282	0.00632098	0.466958	0.0100004	0.00759986	0.0199223	0.00593069	0.0520627	0.0148027	0.0419913	0.00843879	0.027125	0.0186564	0.0457982
48	K	2.78094	0.021367	0.0103904	0.00550365	0.0366038	0.0111812	0.00321445	0.00527435	0.00327296	0.201312	0.0152849	0.0155626	0.0107863	0.00522375	0.437318	0.0210712	0.00351449	0.0107562	0.07911	0.0119003	0.00588268	0.0854701
49	L	2.52664	0.00313183	0.00484048	0.0127921	0.00762311	0.00893684	0.00653718	0.00441284	0.00337803	0.00451723	0.0826396	0.00337796	0.00347634	0.110277	0.00561843	0.0958444	0.0572588	0.526441	0.00443531	0.0141507	0.00480274	0.0355085
50	S	2.13175	0.0662625	0.0378811	0.00144782	0.0029509	0.00175783	0.0608424	0.00160187	0.00172661	0.000464779	0.00403892	0.00191244	0.00119354	0.0736499	0.618878	0.0119286	0.0224022	0.0778208	0.00151656	0.00567667	0.00100511	0.00504153
51	D	3.64227	0.0056095	0.0813927	0.166797	0.0341915	0.00091849	0.0959051	0.0193451	0.126464	0.00258836	0.105126	0.0434092	0.0236533	0.0358544	0.00647299	0.0133806	0.0731997	0.12902	0.00538928	0.007939	0.00464743	0.0186958
52	Y	3.34007	0.0947122	0.0565443	0.00411936	0.14974	0.0106542	0.0144593	0.0555941	0.03127	0.000844505	0.0102476	0.0261592	0.0660126	0.001588	0.0101128	0.00537909	0.00513221	0.0175583	0.264764	0.0202941	0.152102	0.002712
53	E	2.90196	0.0876632	0.0175103	0.00906736	0.507477	0.0110671	0.031511	0.00246665	0.0045152	0.00672201	0.0157024	0.0388406	0.0111559	0.029189	0.0521013	0.0195593	0.0629378	0.0177947	0.0101564	0.0270631	0.0290472	0.00845301
54	G	3.15816	0.0963024	0.00484476	0.00625954	0.0167455	0.0295237	0.341743	0.0140201	0.00618229	0.012935	0.00902317	0.021397	0.019935	0.0254669	0.00835268	0.0264708	0.127791	0.184923	0.0132915	0.0125979	0.0137275	0.00846613
55	R	0.620936	0.00264242	0.000275702	0.00491418	0.000963025	0.00198803	0.00194927	0.001416	0.00272646	0.923645	0.00027864	0.000412208	0.00433217	0.00183041	0.00599141	0.0334829	0.000582188	0.00712974	0.00436871	0.000101343	0.000128624	0.000841977
56	L	2.94099	0.00767237	0.00621005	0.00884884	0.0368602	0.0191183	0.0729268	0.00819687	0.0080147	0.00182212	0.156755	0.0579158	0.419114	0.0176566	0.0117699	0.00313056	0.0160351	0.105937	0.0129885	0.00509567	0.0193494	0.00458287
57	I	2.89068	0.0144647	0.00457494	0.0115684	0.0102155	0.0184456	0.0211753	0.0098648	0.18788	0.0418256	0.124793	0.00585757	0.00762197	0.0080861	0.00762042	0.0204308	0.0112224	0.0158657	0.418644	0.00190892	0.0445003	0.0134335
58	Q	3.03985	0.0169659	0.0184886	0.00395202	0.00602924	0.00749501	0.00984325	0.0245113	0.0469551	0.0762193	0.00531813	0.0216936	0.0184304	0.109837	0.447065	0.0764716	0.0461759	0.0222159	0.0191536	0.0076462	0.00661908	0.00891357
59	N	0.960445	0.00139919	0.00200051	0.00099426	0.00172252	0.000430631	0.870993	0.000607775	0.00187928	0.0363631	0.000661584	0.0148909	0.0238315	0.0203075	0.00208763	0.00149063	0.0015009	0.00188387	0.0111849	0.00274455	0.00109083	0.0019352
60	S	3.03694	0.0236407	0.0225588	0.00852106	0.00499746	0.00837638	0.00472751	0.00502457	0.0219026	0.00943149	0.0384375	0.0549359	0.0582542	0.00117785	0.0188968	0.346694	0.265732	0.038225	0.00659032	0.0130925	0.0343492	0.0144343
61	L	1.03088	0.00254592	0.00218553	0.861891	0.00245324	0.00644828	0.002508	0.00361655	0.00154073	0.00103323	0.0553925	0.0015223	0.0169849	0.0072055	0.00409619	0.00700414	0.00597111	0.00829255	0.00171564	0.00401836	0.00208845	0.00148629
62	T	2.3351	0.042472	0.031238	0.00555308	0.598293	0.0278708	0.00629385	0.00728087	0.00110599	0.0219585	0.00350403	0.00432202	0.0110999	0.0148611	0.00518455	0.00253416	0.0728081	0.112446	0.00470214	0.0160425	0.0049327	0.00549714
63	I	1.35346	0.790143	0.0277625	0.000182634	0.0032548	0.000397918	0.00082606	0.000122436	0.0391812	0.000618836	0.00659083	0.0299796	0.000130211	0.00286071	0.019426	0.000242344	0.00453089	0.00151906	0.0013426	0.000306913	0.00717907	0.0634027
64	E	3.09143	0.0298856	0.038615	0.0330465	0.456422	0.0208899	0.00378258	0.00583979	0.0143124	0.0130905	0.0172131	0.0162183	0.0422934	0.0334835	0.00487435	0.0580515	0.0384143	0.0483123	0.0034063	0.0164874	0.100101	0.00526043
65	R	3.02542	0.0281467	0.00902413	0.0188278	0.0194225	0.00373058	0.0479642	0.00828442	0.00607001	0.0204873	0.0200912	0.0161741	0.0815039	0.0354419	0.019809	0.488779	0.010635	0.0571204	0.0459321	0.0201654	0.0110463	0.031344
66	M	3.37593	0.0441123	0.0137627	0.0356561	0.019785	0.0123893	0.0716181	0.00592479	0.0141051	0.0111758	0.0263825	0.260793	0.021329	0.00935922	0.010694	0.0382461	0.216931	0.020807	0.13774	0.0133172	0.0118581	0.00401405
67	V	3.73701	0.0254154	0.0223395	0.029394	0.066641	0.020634	0.0651227	0.0339773	0.119981	0.0159007	0.0191671	0.0530927	0.0346403	0.0425542	0.0373577	0.00764503	0.0137882	0.0253241	0.290281	0.0251688	0.022772	0.0288042
68	L	3.56084	0.00430933	0.0126928	0.0356457	0.00529047	0.0133022	0.0137569	0.00431868	0.0719427	0.0192895	0.201413	0.0142996	0.00543684	0.0499612	0.0874303	0.18419	0.00830384	0.0283592	0.0112931	0.0610982	0.0377223	0.129943
69	S	2.7266	0.0210295	0.0289427	0.00798464	0.0231633	0.00887644	0.00318628	0.115176	0.012119	0.0173243	0.0465295	0.0136639	0.0976847	0.00304748	0.00840994	0.0332246	0.51488	0.0137278	0.00346557	0.0127969	0.00525226	0.00951518
70	A	1.68949	0.0806391	0.0164584	0.0104585	0.00155598	0.0127606	0.0365355	0.000518358	0.00371103	0.00447647	0.00188345	0.00128917	0.00725191	0.00321838	0.00136566	0.00267658	0.730851	0.0584562	0.000398299	0.00409762	0.00956788	0.0118302
71	F	2.66808	0.0365552	0.0050852	0.0331461	0.0272949	0.329919	0.0187878	0.0158219	0.0039244	0.0139417	0.0186039	0.00703825	0.0181897	0.394433	0.0149378	0.0140821	0.00515302	0.0092365	0.00785188	0.0110574	0.00871261	0.00622836
72	D	3.1108	0.024925	0.0660989	0.419716	0.0510988	0.121159	0.0275385	0.00540763	0.0430197	0.0948935	0.00873795	0.0137675	0.00848786	0.00752242	0.00402946	0.0139275	0.0132417	0.0286327	0.00715237	0.0084966	0.0133878	0.0187589
73	E	1.7089	6.09938e-05	0.00135612	0.0428272	0.0121253	0.00438758	0.00231732	0.000668763	0.035509	0.031276	0.747112	0.0169532	0.0186361	0.000270127	0.0360345	0.00237447	0.0127138	0.00879199	0.000706884	0.0170159	0.0053524	0.00351046
74	R	1.17401	0.00221742	0.00124806	0.812634	0.00608136	0.00451312	0.00299936	0.00153405	0.00183859	0.0584168	0.00117111	0.00165807	0.0007167	0.00209769	0.00994124	0.0778646	0.00099786	0.00102243	0.000986937	0.00956628	0.000780972	0.00171321
75	R	2.67598	0.00324771	0.00654638	0.0173018	0.0119703	0.00987018	0.0197266	0.00508215	0.00551986	0.102225	0.00307489	0.0286062	0.00734227	0.0269882	0.00839846	0.484038	0.003532	0.0030032	0.00442945	0.0308281	0.163279	0.0549897
76	N	3.10303	0.00670606	0.0145806	0.00602435	0.0357623	0.0215605	0.068247	0.00354843	0.0663548	0.0486824	0.00316538	0.340744	0.222868	0.0101531	0.0139128	0.00213717	0.0193023	0.0255654	0.006932	0.0721368	0.0050842	0.00653228
77	K	2.65926	0.00881961	0.0422982	0.00235914	0.000968676	0.00115667	0.0166945	0.521154	0.0264158	0.122336	0.0208569	0.00129034	0.0226459	0.0150744	0.00416804	0.0941181	0.0102043	0.0129582	0.0371312	0.014219	0.0168452	0.00828647
78	Y	2.92994	0.0100959	0.0580001	0.00632752	0.00729709	0.0983369	0.0288996	0.0170695	0.023484	0.0123994	0.0126312	0.0102246	0.0212032	0.0111409	0.00793034	0.0476164	0.00773129	0.0239866	0.0198765	0.0433622	0.502526	0.0298611
79	L	2.92067	0.0647779	0.0173413	0.0201395	0.00370283	0.00505677	0.0209894	0.00347655	0.0253765	0.00267585	0.516869	0.0397918	0.0315627	0.0137988	0.0163413	0.0239152	0.0232975	0.0317739	0.0237919	0.039338	0.0148633	0.0611203
80	E	3.42452	0.036772	0.0441855	0.0246125	0.380606	0.0124445	0.00989223	0.0142677	0.0248256	0.0754494	0.0191764	0.0300023	0.0483566	0.00101924	0.0730722	0.00932527	0.0397069	0.0506109	0.0102978	0.0418466	0.0453426	0.00818745
81	E	3.4267	0.0167354	0.0365953	0.0899277	0.192797	0.0134355	0.0170786	0.0406458	0.0589102	0.0102048	0.0153401	0.0425601	0.0554392	0.00210373	0.00476532	0.0234598	0.125019	0.00569873	0.236738	0.00895478	0.00124781	0.00234326
82	H	3.4684	0.00522168	0.00113237	0.00881045	0.00184787	0.0946312	0.00108052	0.146151	0.033839	0.0856826	0.00741018	0.0537311	0.0601151	0.00244706	0.240029	0.0246092	0.111124	0.0422906	0.0112252	0.00488288	0.0452831	0.0184557
83	P	2.55077	0.0749163	0.0978581	0.00351129	0.0165572	0.0400959	0.00640148	0.00249536	0.00269579	0.00281538	0.00298594	0.00334828	0.0165091	0.129411	0.518864	0.00628316	0.0244819	0.00614351	0.0153077	0.00219352	0.00410874	0.0230156
84	S	2.1023	0.413499	0.032203	0.00145117	0.000709033	0.000893913	0.0168736	0.00154336	0.000706711	0.00161538	0.00253742	0.00538058	0.397953	0.00344745	0.0304058	0.00111609	0.053136	0.0167258	0.0025546	0.0122639	0.00123784	0.0037469
85	A	3.60347	0.142886	0.163464	0.0013393	0.0114203	0.0638176	0.144575	0.00529717	0.000860342	0.0434492	0.0575029	0.00134657	0.0709097	0.00243687	0.00912454	0.0736006	0.0415729	0.0202075	0.102973	0.0125381	0.0140054	0.0166732
86	G	3.32584	0.0891606	0.0084348	0.0039784	0.00383628	0.00248119	0.331112	0.100844	0.0145003	0.0508768	0.0268914	0.00507032	0.113561	0.0286608	0.0930145	0.0242703	0.0228901	0.0205473	0.00287275	0.0141133	0.00676925	0.0361153
87	K	2.73675	0.0106868	0.0128411	0.00959409	0.0558696	0.00824872	0.0112502	0.00953066	0.0800933	0.544489	0.00852033	0.0311295	0.00766987	0.0200413	0.0195335	0.00158577	0.00994008	0.0523968	0.018528	0.00645882	0.0426135	0.0389788
88	D	3.16975	0.00515041	0.029036	0.36676	0.00789129	0.0698331	0.00593448	0.00200503	0.0237835	0.0149202	0.0283363	0.00794867	0.0733808	0.015309	0.157377	0.00500614	0.0963027	0.0182098	0.016839	0.011086	0.00329935	0.0415911
89	P	2.42397	0.0224439	0.0368064	0.010996	0.00270408	0.00405753	0.0127827	0.000924039	0.0497644	0.00230991	0.0584197	0.00236931	0.0114245	0.100948	0.010424	0.00155159	0.00677469	0.00281458	0.0627276	0.0140625	0.00797705	0.577717
90	K	1.83483	0.0288287	0.00296524	9.85961e-05	0.00361493	0.00609769	0.00507547	0.0522189	0.0130849	0.0874656	0.00475599	0.00722931	0.0141714	0.000166886	0.707425	0.0254069	0.00300906	0.0205868	0.0104527	0.00327994	0.00072077	0.00334484
91	K	2.47605	0.00193284	0.00634033	0.0294928	0.00541622	0.00295705	0.00319674	0.00881419	0.00736977	0.446682	0.00794596	0.00396638	0.014307	0.00172894	0.00312773	0.175281	0.0236731	0.0047961	0.0037173	0.0464346	0.0017204	0.201099
92	T	2.83939	0.0665616	0.00691307	0.00455183	0.0106715	0.00735858	0.0063219	0.00143345	0.00496627	0.0481716	0.0576387	0.104675	0.168815	0.0294712	0.00600117	0.00647368	0.0120615	0.427834	0.006554	0.00997839	0.00928989	0.00425718
93	G	3.21508	0.0901636	0.00701491	0.00639542	0.0435272	0.0683927	0.399545	0.00430557	0.0197341	0.0232254	0.0176984	0.0144756	0.00321524	0.0159543	0.0613459	0.0198812	0.0185738	0.110071	0.00414232	0.0353373	0.0124889	0.0245121
94	G	3.25205	0.0184183	0.0065734	0.079418	0.0186196	0.0127313	0.408244	0.00890668	0.0466551	0.0209688	0.00999936	0.0162713	0.106675	0.0103692	0.0262085	0.0323351	0.0352376	0.0343432	0.0195306	0.00761911	0.00896212	0.071913
95	P	3.39101	0.0397984	0.00464985	0.0222028	0.0144936	0.0212227	0.0222072	0.048706	0.0204796	0.0279209	0.0146291	0.0425851	0.0174374	0.372699	0.0192422	0.0161569	0.150841	0.025307	0.0593191	0.0204667	0.0208082	0.0188274
96	I	3.44959	0.0258147	0.00820117	0.0117123	0.146528	0.00856089	0.0109187	0.0292902	0.27933	0.0124521	0.0937551	0.0416757	0.0145892	0.0275716	0.00389692	0.0083028	0.0372797	0.00165768	0.0266701	0.0407003	0.140254	0.0308391
97	Y	3.06674	0.0298702	0.0169925	0.0181737	0.00655394	0.0286174	0.00626773	0.021347	0.0207187	0.0400004	0.00257566	0.0146074	0.130656	0.0301971	0.0270537	0.00653702	0.0274767	0.0283783	0.0179959	0.0144451	0.460689	0.0508465
98	K	3.71971	0.0398715	0.00252953	0.00144285	0.0162018	0.00595921	0.025556	0.0846977	0.0340531	0.236061	0.021846	0.0184268	0.0409126	0.0516003	0.0227041	0.0246516	0.131857	0.0117981	0.0984403	0.0653844	0.0342073	0.0317981
99	R	2.77573	0.00612687	0.0204672	0.00694849	0.0431576	0.00587739	0.0469389	0.0204643	0.0123204	0.0315902	0.00956746	0.0231147	0.0397155	0.00718455	0.0101546	0.54082	0.00553447	0.0162379	0.0192424	0.019675	0.0209907	0.0938717
100	V	2.38731	0.0260211	0.00990019	0.00364275	0.00238429	0.011521	0.0380444	0.606422	0.00474634	0.000405727	0.00847046	0.0182643	0.0615495	0.00888144	0.00646455	0.025045	0.0224431	0.0262437	0.0390228	0.0788226	0.000673893	0.00103073
101	D	3.29575	0.139257	0.0152904	0.31045	0.016192	0.0205339	0.0364195	0.0108697	0.0112049	0.0254489	0.0692305	0.0112631	0.00592125	0.0467455	0.00414505	0.00914321	0.014265	0.179879	0.0310141	0.0140807	0.00290635	0.0257401
102	R	2.87474	0.00398262	0.0140678	0.00359583	0.0170449	0.0444416	0.0327298	0.00123415	0.00827816	0.0573008	0.0337907	0.00629349	0.00296026	0.00241365	0.00534134	0.152808	0.00608632	0.0070985	0.00327371	0.268928	0.31299	0.0153407
103	K	2.88008	0.0055154	0.0110031	0.0185388	0.015577	0.0109201	0.00436861	0.0055806	0.0354483	0.521688	0.00732193	0.0412885	0.0401538	0.0185953	0.0111367	0.0242454	0.0508865	0.0602405	0.0597749	0.0141763	0.00912691	0.0344137
104	W	2.90414	0.0508291	0.00975969	0.0359268	0.0617919	0.0493328	0.00964506	0.00307134	0.0467825	0.00712837	0.0182713	0.0234769	0.0159784	0.003055	0.00412334	0.00869239	0.00976949	0.00611062	0.0384199	0.505317	0.0321441	0.0603738
105	M	2.23764	0.00411751	0.00688967	0.014579	0.0288085	0.0596193	0.00996601	0.0137836	0.0256044	0.0421977	0.624968	0.110778	0.00167167	0.00649828	0.00162628	0.0083286	0.00491783	0.0105424	0.00798782	0.00197802	0.0093588	0.00577883
106	R	2.9297	0.0152466	0.0175209	0.110691	0.0433838	0.0142557	0.014918	0.00729304	0.00813395	0.0421488	0.0166513	0.0251535	0.00979314	0.0339713	0.051041	0.494825	0.0061182	0.00483835	0.00677369	0.0325367	0.0358288	0.00887795
107	E	3.3635	0.0126411	0.0087112	0.0770826	0.391838	0.01195	0.0328447	0.0094051	0.0444302	0.0375675	0.00795268	0.0550774	0.0774031	0.0341046	0.0301539	0.0129513	0.045854	0.0524412	0.0115491	0.0100687	0.00417405	0.0317998
108	L	2.8097	0.00370339	0.0175247	0.0420585	0.00809711	0.0231335	0.0209977	0.0172281	0.00782571	0.146655	0.48195	0.0163833	0.0090811	0.00944115	0.00797244	0.00316218	0.0103244	0.102236	0.00886234	0.0259256	0.0254849	0.0119535
109	V	2.96625	0.0621552	0.00449573	0.0604078	0.0128812	0.0116539	0.0235737	0.00495434	0.0179194	0.0163348	0.211117	0.0443013	0.0269809	0.00988805	0.0149979	0.00827764	0.0136532	0.0146303	0.413613	0.0108922	0.00515799	0.0121148
110	L	2.55043	0.00607495	0.00872356	0.0446219	0.00896208	0.0346407	0.00995126	0.021913	0.034648	0.0099945	0.594903	0.0129617	0.0135099	0.034355	0.00517604	0.0546099	0.0118264	0.00297081	0.00900149	0.0143431	0.00916615	0.0576469
111	Y	3.44673	0.0639304	0.00663758	0.0834749	0.00611631	0.0119206	0.01462	0.0881882	0.0240402	0.00393513	0.0118828	0.0974825	0.00434312	0.020877	0.0405898	0.00139729	0.0907595	0.100998	0.0114519	0.00711492	0.288277	0.0219628
112	D	3.17664	0.0428674	0.00479516	0.402187	0.127947	0.0417043	0.0385456	0.103751	0.0246415	0.0126331	0.00604667	0.0108556	0.0139993	0.00711778	0.0212378	0.0106247	0.012096	0.0123919	0.010383	0.00813	0.053546	0.0344991
113	K	2.65032	0.00310343	0.0112652	0.00658581	0.0230785	0.0381334	0.00911133	0.0283428	0.00424699	0.568716	0.0179131	0.0238123	0.0157899	0.00653683	0.0645375	0.0142684	0.0770897	0.0276427	0.00525768	0.0225891	0.022978	0.00900159
114	E	3.22543	0.0180864	0.0107602	0.0244745	0.22391	0.0348058	0.0843647	0.0668633	0.00520707	0.0629882	0.0190047	0.00597717	0.00258321	0.00409111	0.0697119	0.0120786	0.00163171	0.00643863	0.00622475	0.295661	0.0357435	0.00939359
115	E	2.63884	0.0183135	0.00855372	0.0657304	0.572277	0.00588371	0.00357361	0.0761892	0.020312	0.0163579	0.0100738	0.0115972	0.0197053	0.00853731	0.012767	0.0536594	0.0226262	0.0109103	0.0180163	0.0191635	0.0118239	0.0139287
116	I	0.60204	0.00148344	0.000501376	0.000436383	0.00235629	0.000262137	0.00161554	0.000283119	0.0113669	0.00132722	9.70384e-05	0.0386625	0.00163532	0.000151966	0.00116867	0.000672167	0.000108398	0.00094994	0.919613	0.00130797	0.000150401	0.0158498
117	R	1.71942	0.00314815	0.000402479	0.0062666	0.0113073	0.0222759	0.00383108	0.00656685	0.00635622	0.0145061	0.00505345	0.00261298	0.012709	0.00384942	0.733771	0.0991609	0.00673955	0.0150809	0.0329643	0.0053328	0.00142823	0.0066366
118	R	3.23067	0.0697316	0.0140076	0.0395014	0.0127468	0.0480284	0.00614278	0.0475077	0.0200091	0.0132287	0.018876	0.0271138	0.0132349	0.00806687	0.027111	0.433237	0.0345015	0.0932733	0.0104569	0.0262022	0.027008	0.0100146
119	I	2.7984	0.0264924	0.0177269	0.0233902	0.0118186	0.00807155	0.00337839	0.0209616	0.274971	0.00901739	0.0110137	0.0142286	0.0341343	0.0320364	0.0109576	0.0194166	0.00306242	0.0190622	0.419163	0.0127262	0.0115181	0.016853
120	W	2.64384	0.0148179	0.0389473	0.022811	0.0217073	0.015901	0.00909548	0.00935193	0.0274269	0.0680197	0.00884724	0.0150482	0.0142737	0.0337551	0.00926318	0.014047	0.0107085	0.00955146	0.0212479	0.585863	0.00738072	0.0419352
121	R	2.96481	0.00868616	0.0548832	0.00663511	0.0138843	0.0564967	0.00450858	0.0523098	0.0121753	0.359693	0.0211787	0.00544251	0.0124883	0.0197814	0.0214677	0.277047	0.00980981	0.0120718	0.00887257	0.00868503	0.0127225	0.0211596
122	Q	3.3385	0.00387648	0.029967	0.00197473	0.00311833	0.00784084	0.000940145	0.0484804	0.0291302	0.0441542	0.109863	0.00792486	0.00414045	0.185071	0.277526	0.0683304	0.0164161	0.0210422	0.0806262	0.00293634	0.0240152	0.0326252
123	A	2.63562	0.214161	0.0016512	0.0117352	0.00603825	0.00248047	0.262625	0.00853866	0.00756769	0.00207003	0.00356664	0.00981537	0.00207262	0.00610277	0.00328673	0.0240009	0.0584644	0.00264552	0.0505733	0.0037903	0.00175388	0.317059
124	N	3.20707	0.0243288	0.0749459	0.0190937	0.00895475	0.0125515	0.00795943	0.0648565	0.0193729	0.0580791	0.00933531	0.0111623	0.419088	0.0122044	0.0293144	0.0170397	0.0521781	0.00959955	0.0014633	0.093283	0.0386165	0.0165732
125	N	3.41779	0.0212351	0.000891623	0.00298204	0.0592689	0.0145164	0.0259161	0.052355	0.0138669	0.0653075	0.0285914	0.245793	0.226512	0.00193747	0.0123187	0.0142507	0.0500333	0.0943202	0.0337812	0.00210377	0.0150904	0.0189279
126	G	2.94699	0.21188	0.208558	0.0123272	0.000548062	0.00110787	0.127215	0.00567947	0.0198378	0.0297883	0.263604	0.00615212	0.00743776	0.00163544	0.00999738	0.0353729	0.0129933	0.0174167	0.0197135	0.00585159	0.000827716	0.00205703
127	D	2.62366	0.00146979	0.000341535	0.0271202	0.0220366	0.0161012	0.0014068	0.1011	0.000574703	0.000529322	0.457272	0.121559	0.0351863	0.00128966	0.00169883	0.00378325	0.0254264	0.0137103	0.00565987	0.147699	0.0139481	0.0020872
128	D	2.0462	0.25373	0.000159176	0.0235557	0.00189899	0.0063628	0.0213036	0.557392	0.00114541	0.00690108	0.0419073	0.00141704	0.0169358	0.000460701	0.00164785	0.00394591	0.0172601	0.00440521	0.00163221	0.000267259	0.0351383	0.00253305
129	A	2.43633	0.0886849	0.0425757	0.000483643	0.000473954	0.0131558	0.483293	0.0141974	0.00528499	0.00438507	0.0117923	0.0102617	0.0104997	0.00359817	0.00323217	0.233356	0.00321394	0.0285755	0.033825	0.00113545	0.00353176	0.00444398
130	T	2.89389	0.000750781	0.00410641	0.00619184	0.00329787	0.0281935	0.00202326	0.169752	0.0112852	0.00351841	0.153995	0.0601063	0.0192724	0.00335314	0.00981753	0.0188986	0.0106371	0.104633	0.36208	0.00191252	0.0225487	0.00362564
131	A	3.4332	0.308256	0.030127	0.0158555	0.106994	0.00454354	0.00702219	0.153969	0.00455863	0.00632968	0.0136014	0.0279539	0.0146061	0.0627129	0.0174218	0.0301308	0.0540778	0.0618824	0.00964963	0.0247364	0.011416	0.0341547
132	G	2.91093	0.0302274	0.0115642	0.00661911	0.0186353	0.00752281	0.490706	0.0108613	0.108392	0.0489999	0.00616235	0.010624	0.0273591	0.0503914	0.0088452	0.0129476	0.0134187	0.0031611	0.0700096	0.0298157	0.0106102	0.0231272
133	L	3.03339	0.0523909	0.00917034	0.0088552	0.00929053	0.0179366	0.0372357	0.0219843	0.271084	0.0244427	0.349025	0.0455994	0.022129	0.020782	0.031324	0.00823137	0.00674451	0.00598061	0.0439102	0.00596826	0.00513819	0.00277712
134	T	2.63112	0.0680058	0.114103	0.00317303	0.00853674	0.00550685	0.0307841	0.00189104	0.00674398	0.00674395	0.00500259	0.0274861	0.00459509	0.0110083	0.00246444	0.0025438	0.0838665	0.524905	0.0356956	0.0136365	0.023062	0.0202454
135	H	2.80639	0.0659444	0.0167375	0.00830483	0.0371849	0.00340471	0.0164391	0.526832	0.00526331	0.0243145	0.00565645	0.0147552	0.00599517	0.0553664	0.062866	0.0112228	0.0116013	0.0303623	0.00260704	0.00876786	0.0458625	0.0405118
136	M	3.32303	0.00448186	0.0263289	0.0034586	0.032622	0.00293312	0.00967102	0.0271188	0.0694418	0.0104182	0.12826	0.341987	0.0388033	0.0196462	0.0276994	0.00893074	0.0186033	0.0281973	0.137892	0.00808874	0.0335379	0.0218798
137	M	2.82367	0.00267674	0.00483467	0.0470306	0.0292398	0.00484115	0.0069065	0.0110287	0.0718544	0.0172706	0.0104816	0.520083	0.0189479	0.0155654	0.00957463	0.0046499	0.0555487	0.0487948	0.0168906	0.0210136	0.0141644	0.068602
138	I	2.45769	0.0214881	0.00948836	0.00889251	0.0127974	0.0276137	0.00727572	0.00632316	0.606975	0.0490373	0.0300377	0.0663225	0.0065365	0.0551043	0.00981507	0.00431633	0.00468785	0.0124831	0.0379483	0.0107398	0.0052806	0.00683675
139	W	3.32312	0.0111657	0.0224159	0.0513526	0.00982844	0.0308744	0.069846	0.00741855	0.0626539	0.0130949	0.0750262	0.0132845	0.00368506	0.00572541	0.00932815	0.0486115	0.0268145	0.0556482	0.00751685	0.377715	0.00802097	0.0899733
140	H	3.1511	0.0172247	0.0155557	0.0445984	0.0128535	0.0230593	0.037354	0.443942	0.0406278	0.0148087	0.0307757	0.0177458	0.0248848	0.00557171	0.126403	0.0189362	0.0295949	0.00566698	0.0059242	0.0339637	0.039549	0.0109602
141	S	2.90872	0.0193819	0.0178155	0.0948022	0.0255009	0.0358022	0.00658253	0.0349288	0.00516338	0.0226268	0.00791881	0.0197139	0.0138708	0.020153	0.00897931	0.021789	0.519498	0.0465715	0.0242812	0.0265906	0.0152645	0.0127655
142	N	3.01078	0.0181477	0.0321729	0.0155304	0.0237159	0.0218077	0.0304883	0.0127282	0.0141837	0.0658135	0.0190236	0.0393145	0.503523	0.0133198	0.0221284	0.0477436	0.0600579	0.0102562	0.00480044	0.0146344	0.0112585	0.0193517
143	L	2.95661	0.00534572	0.0307812	0.00898509	0.00920292	0.0335878	0.00795974	0.111468	0.0376869	0.0377091	0.486532	0.0285544	0.0385612	0.02187	0.00723147	0.0484816	0.00521961	0.00413651	0.0101091	0.0390785	0.0123377	0.0151613
144	N	2.55613	0.0113137	0.0119209	0.0204648	0.0111352	0.0140826	0.00585206	0.0663701	0.0365436	0.0450276	0.00323817	0.0337483	0.598735	0.00431117	0.00914425	0.00809898	0.0137949	0.0117007	0.024236	0.0216249	0.0321559	0.0165012
145	D	2.55246	0.0474184	0.0123252	0.604199	0.0183588	0.0122436	0.0079858	0.0165569	0.0428636	0.00894985	0.0255874	0.0160415	0.011902	0.00794709	0.0394454	0.0047927	0.0210111	0.0519016	0.00674361	0.0206398	0.014593	0.00849374
146	T	2.64942	0.39004	0.0841698	0.0136903	0.00550353	0.00244984	0.00942289	0.0056464	0.0054369	0.00311535	0.0104029	0.00657529	0.0022619	0.0084769	0.00842464	0.00488884	0.236575	0.146427	0.00182379	0.00920645	0.007748	0.0377134
147	T	3.05499	0.0246302	0.0318064	0.00862751	0.0177181	0.0253189	0.00458331	0.0146688	0.107986	0.0261217	0.00193801	0.0161884	0.0348419	0.0669771	0.0433225	0.0101465	0.0037356	0.463739	0.0350218	0.00804356	0.0236215	0.0309633
148	Y	2.66777	0.0185964	0.0237118	0.0198282	0.00918364	0.0236431	0.00399201	0.0501139	0.0390594	0.0102944	0.0236603	0.0470913	0.0144273	0.00791199	0.00515722	0.00193757	0.0110194	0.0056414	0.0104155	0.0220426	0.557277	0.0949954
149	Q	2.38076	0.00814162	0.00593711	0.0143298	0.00701733	0.0379076	0.00370262	0.0161715	0.0962258	0.0175956	0.00202543	0.0454316	0.0076663	0.0390848	0.614491	0.00720292	0.00755869	0.0263572	0.00497766	0.0112413	0.0155726	0.0113611
150	R	2.88457	0.00382946	0.0132932	0.0214605	0.0292987	0.0143402	0.0573708	0.0252152	0.00891362	0.0208669	0.0112341	0.0292811	0.010669	0.00863917	0.00866486	0.529933	0.0508658	0.0435772	0.0136377	0.0476102	0.0379107	0.0133883
151	T	2.18453	0.00483738	0.00906087	0.0124438	0.0111742	0.0274742	0.0269725	0.010613	0.00924542	0.00802438	0.0278171	0.0217359	0.0338936	0.00484142	0.060781	0.00814843	0.00368674	0.674998	0.0057779	0.0166247	0.00795742	0.0138921
152	R	2.1933	0.00161004	0.0103376	0.0318649	0.0237115	0.00352296	0.00259971	0.00260013	0.00235611	0.0591687	0.0015483	0.0124648	0.00327527	0.00667495	0.0122516	0.509271	0.00560801	0.00233742	0.0124467	0.00854447	0.00382454	0.283981
153	A	2.91011	0.441867	0.00361438	0.0124693	0.00454192	0.142776	0.0608587	0.0050387	0.00260581	0.00872477	0.0130984	0.0083357	0.00706402	0.0176571	0.0215076	0.0158794	0.00266319	0.0532476	0.0747046	0.00737884	0.0776781	0.0182888
154	L	2.69461	0.00287918	0.0687559	0.0025443	0.0223151	0.0223257	0.00979548	0.00685835	0.318307	0.0952439	0.354148	0.00764379	0.0054486	0.0130141	0.00275031	0.0115199	0.0119851	0.00836642	0.0112459	0.00296387	0.00542986	0.0164592
155	V	2.45164	0.0305522	0.0195796	0.0377505	0.00621485	0.0106318	0.0415452	0.00544271	0.0454552	0.0342785	0.014278	0.00829374	0.00941407	0.016113	0.0187296	0.0054796	0.0150155	0.0172828	0.628215	0.0101541	0.00820654	0.0173673
156	R	2.35936	0.00564571	0.00792641	0.00362364	0.00184202	0.00460856	0.0124107	0.0189197	0.00229075	0.0232759	0.00281415	0.0067277	0.00184144	0.00458134	0.380848	0.375029	0.0103574	0.0024281	0.0171322	0.00352646	0.0241094	0.0900607
157	T	2.96604	0.286755	0.0821017	0.0301499	0.00132286	0.0161955	0.00829155	0.0115937	0.00736098	0.00144179	0.00093533	0.00319196	0.00129369	0.0107124	0.0121946	0.0141035	0.0333801	0.280426	0.127346	0.044391	0.00365612	0.0231562
158	G	2.50309	0.0081102	0.0278134	0.010718	0.0187063	0.0297485	0.614758	0.0209492	0.00999925	0.0138804	0.0175143	0.0709016	0.0211789	0.0150672	0.0334247	0.00300006	0.00882212	0.015078	0.0270362	0.00812729	0.0066173	0.018549
159	M	2.17514	0.0106123	0.0217452	0.00531222	0.00609457	0.00268479	0.00963363	0.0289803	0.0237359	0.00638867	0.0722111	0.668181	0.00899485	0.0168039	0.0109312	0.00889382	0.0387334	0.00717496	0.0051658	0.0309099	0.00228302	0.0145298
160	D	2.49186	0.00267061	0.0170875	0.45063	0.0171401	0.00442562	0.0139968	0.00962917	0.0145567	0.00174272	0.00571782	0.00591635	0.0156285	0.0265632	0.00753836	0.00408889	0.00119941	0.00557473	0.00888083	0.287065	0.0662404	0.0337075
161	P	1.58004	0.0865914	0.00269974	0.00396497	0.00176416	0.000257353	0.0247894	0.000746972	0.00128293	0.0147436	0.000186123	0.000380589	0.00023658	0.122262	0.00228383	0.00405419	0.710091	0.00216221	0.00604983	0.00680083	0.000663798	0.00798806
162	R	2.56176	0.00139886	0.0039558	0.0233399	0.0624371	0.00178961	0.0805592	0.0466987	0.00647373	0.0305184	0.00190978	0.0229843	0.0206618	0.00264081	0.0183201	0.568697	0.00228958	0.00832032	0.0121758	0.0354146	0.00948333	0.0399314
163	M	2.98162	0.0152962	0.0715271	0.0133432	0.011751	0.00192246	0.0106941	0.0284547	0.055553	0.0106797	0.0584636	0.473076	0.00677395	0.00936781	0.027162	0.00899002	0.0191461	0.0152529	0.0388263	0.0972799	0.00196777	0.0244719
164	C	2.23035	0.531144	0.162162	0.0217231	0.000957361	0.00182355	0.00539671	0.00537359	0.154699	0.0493521	0.00300372	0.00229212	0.0165542	0.00291587	0.000908013	0.000824772	0.00207982	0.00825217	0.00793372	0.00547075	0.0165303	0.000602985
165	S	2.71873	0.244943	0.00814582	0.00375316	0.00421108	0.0119171	0.0175631	0.00707326	0.0058709	0.00511164	0.033746	0.00496243	0.151895	0.0242586	0.0210005	0.00658001	0.390649	0.012448	0.00548494	0.00899221	0.00224218	0.0291525
166	L	2.87363	0.0155707	0.0027066	0.00636832	0.142319	0.00939322	0.00896364	0.00324054	0.0319939	0.0174861	0.347094	0.260596	0.00761311	0.00796993	0.0406587	0.0193184	0.00481051	0.0113981	0.0123515	0.00475236	0.0068298	0.038565
167	M	2.76269	0.00632682	0.0187727	0.00671875	0.00657299	0.0083874	0.0101074	0.0255234	0.026837	0.0136598	0.0589649	0.523866	0.122811	0.00647067	0.0119435	0.0375255	0.0444751	0.00969247	0.00985903	0.0107782	0.027245	0.0134621
168	Q	2.85459	0.0027179	0.00425379	0.125235	0.0151176	0.00430379	0.0134891	0.0188505	0.0104261	0.0108033	0.00306462	0.0986264	0.0136986	0.00881315	0.463905	0.0108699	0.0270215	0.0592626	0.0205014	0.00339775	0.0128879	0.0727543
169	G	2.85637	0.0373294	0.0146542	0.0114914	0.0213148	0.0242713	0.532731	0.0172343	0.0681767	0.0287305	0.0201168	0.00922213	0.00486284	0.0120353	0.0109586	0.00397234	0.0227305	0.0422689	0.00911738	0.0626888	0.0282345	0.0178587
170	S	2.68912	0.0467348	0.0281016	0.0748368	0.027657	0.0199375	0.0105969	0.0183319	0.00817128	0.013819	0.00580534	0.0275847	0.0138076	0.0250071	0.0429947	0.0135047	0.568595	0.0061261	0.00240987	0.0195732	0.00746655	0.0189382
171	T	2.67802	0.00395074	0.0529955	0.0116806	0.0425853	0.00806558	0.00270077	0.00352806	0.0276501	0.00570232	0.0200663	0.0227347	0.0250784	0.00823429	0.0780388	0.0244771	0.0307971	0.555353	0.0523718	0.0119294	0.00691223	0.00514765
172	L	2.23061	0.0138315	0.0201783	0.00431225	0.00961728	0.00774387	0.00358927	0.00795243	0.189205	0.0150371	0.574772	0.00866752	0.0106316	0.0362685	0.00400404	0.00436698	0.00275513	0.0021676	0.00286864	0.00414028	0.00713597	0.0707544
173	P	2.86043	0.065924	0.0104713	0.0421927	0.0157051	0.0140426	0.00239452	0.00993583	0.0155729	0.00433189	0.0355067	0.0177609	0.0135413	0.522585	0.0504839	0.0274226	0.0201095	0.0079961	0.0350627	0.0117191	0.00855901	0.068682
