#SITE	WT_AA	SITE_ENTROPY	PI_A	PI_C	PI_D	PI_E	PI_F	PI_G	PI_H	PI_I	PI_K	PI_L	PI_M	PI_N	PI_P	PI_Q	PI_R	PI_S	PI_T	PI_V	PI_W	PI_Y	PI_*
2	K	3.64565	0.00672341	0.0440414	0.00263343	0.0146653	0.142953	0.0456116	0.0183807	0.235166	0.0622849	0.064676	0.0129634	0.0198338	0.0334118	0.051407	0.0270643	0.0549195	0.0641727	0.0914078	0.000470732	0.00184568	0.00536761
3	A	2.56061	0.0392473	0.0143483	0.0590003	0.00308617	0.0694698	0.00556569	0.00483778	0.00999685	0.00238644	0.505786	0.002436	0.00423487	0.00162947	0.00764182	0.00182458	0.0477338	0.014715	0.169624	0.0184833	0.0162041	0.00174824
4	K	3.82536	0.0445596	0.0165726	0.00136945	0.0778975	0.00123506	0.0040542	0.12611	0.0365559	0.0655557	0.117128	0.00781157	0.0164704	0.0586252	0.0931883	0.0891839	0.0290898	0.0145481	0.0706793	0.103396	0.0247452	0.00122371
5	L	2.99622	0.0609113	0.00331951	0.0446393	0.00737224	0.42722	0.0031618	0.0928394	0.0863879	0.00820641	0.116815	0.0291215	0.00912538	0.0137428	0.00198703	0.00242668	0.0260518	0.0113436	0.0145259	0.00443931	0.0156127	0.0207496
6	L	2.28442	0.009773	0.0282556	0.00329796	0.000387299	0.0246822	0.00091589	0.0106619	0.312525	0.00417261	0.0575614	0.0115715	0.00503854	0.0209253	0.00231777	0.00131202	0.0158796	0.0117899	0.00812967	0.46692	0.00278629	0.00109727
7	V	3.28659	0.0432176	0.061779	0.0185008	0.0336647	0.154012	0.0146961	0.00227688	0.291657	0.00428857	0.0895539	0.0465336	0.0120181	0.000870254	0.000671296	0.00123755	0.00280065	0.0228895	0.07866	0.109009	0.0046934	0.00697012
8	L	3.55347	0.00977043	0.00582641	0.00870621	0.00909481	0.0463072	0.0121894	0.0432036	0.0545923	0.0216622	0.225472	0.0482513	0.00772427	0.021893	0.00714229	0.0299421	0.175954	0.065237	0.012993	0.00875079	0.0369464	0.148341
9	L	2.90009	0.00161906	0.154227	0.00467945	0.00628882	0.00153141	0.0303381	0.000179511	0.0151056	0.00936629	0.0606112	0.297244	0.0595094	0.00438238	0.00370693	0.00886361	0.00533326	0.00562587	0.0684169	0.00153458	0.251014	0.0104233
10	Y	3.33718	0.00864197	0.0326041	0.00176891	0.00816247	0.0285207	0.0165731	0.00722908	0.118385	0.354687	0.0612197	0.0106021	0.0039569	0.0108544	0.0235831	0.0233655	0.0443429	0.0278578	0.00916619	0.044833	0.0516972	0.111949
11	A	3.36141	0.0434106	0.0232188	0.0233345	0.00336999	0.246642	0.00960699	0.000875442	0.0459204	0.0301637	0.24169	0.00875476	0.00297406	0.0117353	0.00439926	0.00847123	0.0333345	0.115938	0.0236488	0.0257659	0.0411167	0.055629
12	F	2.96506	0.0603219	0.0887532	0.00143663	0.00902662	0.0370502	0.450675	0.00178565	0.092246	0.0113003	0.0398877	0.0365433	0.00860953	0.00277075	0.0307145	0.0030474	0.0681993	0.00721314	0.0262393	0.00137865	0.00847123	0.0143295
13	V	2.9467	0.101967	0.0226338	0.0489913	0.481057	0.0350058	0.00337987	0.0091606	0.00909052	0.00704497	0.00319965	0.00808591	0.020488	0.0221804	0.0554613	0.0192857	0.0109546	0.00910558	0.0586265	0.0015119	0.0408001	0.0319688
14	A	3.82738	0.241868	0.0373438	0.0472665	0.0189362	0.157934	0.0157353	0.0174946	0.0203472	0.0281983	0.0520715	0.057956	0.0188251	0.0539108	0.0200499	0.0215211	0.0464097	0.0291822	0.0189471	0.0261193	0.0256407	0.0442435
15	T	2.65789	0.0134817	0.279345	0.0115443	0.00610284	0.00341056	0.00804759	0.00145576	0.190303	0.0202936	0.00426868	0.0149552	0.00419122	0.307119	0.00173196	0.000899825	0.0120863	0.0969888	0.0145792	0.00436872	0.00318089	0.00164574
16	D	3.61831	0.0351373	0.0166474	0.245806	0.0196403	0.019099	0.0267299	0.0132842	0.0229008	0.0230156	0.00685531	0.0433157	0.00293955	0.0132651	0.0220639	0.0806724	0.054313	0.153082	0.133751	0.0110957	0.0324033	0.0239829
17	A	3.31886	0.261312	0.0130638	0.222015	0.0219478	0.014301	0.00966997	0.0535961	0.00644693	0.0377299	0.00821694	0.0855796	0.00568015	0.00669389	0.0408163	0.016394	0.125895	0.009898	0.00763898	0.0353346	0.00870776	0.00906232
18	D	3.03955	0.0156838	0.0178888	0.414753	0.0183982	0.00604377	0.159165	0.0235781	0.0167079	0.0156413	0.00448269	0.00784677	0.0153701	0.00817013	0.00791146	0.118857	0.0177397	0.0100762	0.0550785	0.0302015	0.016292	0.0201148
19	T	2.74778	0.000890298	0.00137084	0.00154678	0.0526199	0.00925622	0.00939052	0.0105906	0.0430537	0.0682349	0.501583	0.00506301	0.0175946	0.000138763	0.0169273	0.0934193	0.0170035	0.0370414	0.078062	0.000201316	0.0240515	0.0119602
20	I	3.02947	0.00795814	0.00878586	0.0691321	0.0788649	0.00953456	0.00107516	0.00634945	0.348063	0.00355123	0.136602	0.02448	0.0217171	0.00662377	0.171745	0.00165395	0.00542301	0.00265921	0.0479598	0.00336431	0.0102193	0.0342388
21	C	2.7584	0.0175733	0.521968	0.0277797	0.00330723	0.0388094	0.00388377	0.00723636	0.0100539	0.00709277	0.0230666	0.0110506	0.00577555	0.0268023	0.017827	0.00657231	0.0358926	0.0158811	0.0615687	0.125037	0.0213793	0.0114428
22	I	2.76477	0.0520272	0.00798535	0.00450502	0.00539029	0.0191266	0.00161268	0.00622296	0.318934	0.0150175	0.128342	0.00742841	0.00484731	0.000679684	0.00719066	0.00191999	0.0040137	0.00802003	0.0618202	0.0210381	0.306106	0.0177725
23	G	2.66808	0.0326013	0.0639922	0.011628	0.0261575	0.00754202	0.536531	0.0728374	0.00336705	0.00433688	0.0336484	0.0106162	0.00477474	0.0858286	0.00922483	0.00693608	0.0536719	0.00835916	0.00392578	0.00866778	0.0100354	0.00531823
24	Y	3.34932	0.0175855	0.0175634	0.0238364	0.0423612	0.0694026	0.00497707	0.00333707	0.015129	0.0291516	0.00984199	0.00798604	0.00277108	0.0022335	0.145923	0.00499051	0.00457346	0.0305306	0.168243	0.153258	0.22411	0.0221943
25	H	3.41485	0.142918	0.0184523	0.00195433	0.00243656	0.00570408	0.0170851	0.228224	0.158764	0.0328062	0.0652645	0.0449485	0.00361878	0.0167562	0.0663912	0.00477007	0.0100689	0.0800111	0.0847528	0.00263857	0.00782564	0.00460969
26	A	1.59245	0.064357	0.223193	0.000851154	0.00183854	0.0035012	0.00133796	0.0025746	0.000421148	0.00373862	0.00480192	0.00311003	0.00849563	0.000876216	0.00398166	0.00196401	0.0174792	0.00285717	0.652267	0.000193717	0.000485533	0.00167411
27	N	3.14823	0.068626	0.00468762	0.00480951	0.0135089	0.224706	0.0127152	0.0184675	0.0838293	0.0331086	0.00241914	0.00669877	0.322545	0.00666062	0.063037	0.0040919	0.0240548	0.0167098	0.00355514	0.0180147	0.00981287	0.0579418
28	N	2.52403	0.010284	0.0081462	0.014703	0.00421307	0.0136237	0.0153361	0.0127418	0.0467392	0.0128481	0.0249753	0.0105608	0.609929	0.0150972	0.0181693	0.00720931	0.0202731	0.0285216	0.00910286	0.0351722	0.0161783	0.0661755
29	S	3.30908	0.163868	0.0460282	0.0103948	0.0105247	0.0156772	0.0213295	0.0120557	0.0106245	0.0929768	0.010395	0.00437498	0.0717459	0.00313245	0.0400858	0.00882811	0.33954	0.0229156	0.0226445	0.0214543	0.0598507	0.0115533
30	T	3.20619	0.0153	0.0027902	0.0131321	0.0221301	0.00637492	0.0327444	0.111376	0.00964719	0.00846069	0.0162003	0.0300226	0.0537219	0.0313938	0.018529	0.0217104	0.0434059	0.403593	0.0026856	0.0730162	0.0036724	0.0800931
31	D	3.40695	0.016855	0.0313289	0.311074	0.040707	0.00915393	0.0141748	0.04532	0.0386022	0.0984357	0.00219122	0.00438172	0.104549	0.0168325	0.057027	0.00324348	0.00287981	0.116773	0.00407739	0.00590035	0.0331294	0.0433637
32	T	3.43398	0.0175394	0.0251045	0.00177702	0.0992985	0.00230698	0.0149586	0.0512863	0.0315446	0.0051801	0.106392	0.0168027	0.0363386	0.00611956	0.0230873	0.130771	0.0228224	0.299472	0.0235475	0.00405721	0.0134827	0.0681104
33	V	2.64236	0.00965979	0.00295772	0.00846117	0.00634033	0.00524509	0.00279556	0.00268792	0.0751733	0.157149	0.357187	0.00448209	0.0122268	0.000519943	0.0123064	0.00656815	0.0165916	0.0134303	0.273448	0.00192468	0.00594956	0.0248949
34	D	2.93599	0.0163725	0.00657707	0.472381	0.0716803	0.0030414	0.00858305	0.0177223	0.0178868	0.00700571	0.0440564	0.115567	0.0461094	0.00183555	0.0219208	0.0459621	0.0125864	0.0261225	0.0442331	0.00453442	0.00712787	0.00869377
35	T	2.47473	0.00278315	0.0113187	0.00875532	0.00324407	0.0111746	0.00305327	0.0646198	0.0165495	0.0106118	0.0123252	0.00942682	0.0497097	0.0152035	0.0248361	0.00127221	0.0204363	0.554259	0.00325253	0.0192464	0.00529023	0.152631
36	I	3.58008	0.029561	0.0440362	0.0056993	0.00835221	0.154356	0.0302966	0.00668023	0.286659	0.0264109	0.0158074	0.0858298	0.0415481	0.0651563	0.0118108	0.0178897	0.0114292	0.0444051	0.0213865	0.0235814	0.0563325	0.0127722
37	L	3.38186	0.0311025	0.100809	0.00535092	0.00278364	0.107639	0.00924287	0.0133116	0.0183754	0.000875832	0.0852533	0.0195689	0.0170865	0.0134742	0.0213039	0.077279	0.274515	0.145816	0.000544858	0.00254651	0.0334191	0.0197012
38	E	3.46712	0.0208144	0.013653	0.0430136	0.319195	0.00573077	0.00271701	0.0304691	0.0369222	0.033802	0.0136481	0.0089918	0.137993	0.00402327	0.041096	0.0298643	0.0825947	0.0176899	0.0294883	0.0884184	0.00741979	0.0324562
39	K	3.239	0.024783	0.0501148	0.014367	0.0297478	0.00676247	0.00367115	0.0531574	0.00786277	0.321187	0.00751744	0.049127	0.052315	0.00377938	0.00952025	0.231718	0.0222729	0.0184173	0.00648118	0.0263335	0.0525792	0.00828521
40	N	3.28628	0.055721	0.00616018	0.0244688	0.0532638	0.0353966	0.0675733	0.0175364	0.0127911	0.0533623	0.00401676	0.0189794	0.378791	0.0106039	0.0184718	0.14948	0.0251748	0.0130302	0.0151802	0.0182971	0.0119065	0.00979455
41	V	3.30982	0.0114385	0.0233962	0.00892154	0.0155731	0.0151025	0.00756137	0.0124567	0.123977	0.00828746	0.0228066	0.0718284	0.067739	0.00776303	0.0831623	0.00618756	0.00561781	0.0969644	0.348127	0.0223031	0.0103307	0.0304553
42	A	3.36552	0.0983644	0.0416844	0.0308867	0.00185642	0.0170496	0.0205286	0.0106138	0.037247	0.159879	0.00264123	0.0193971	0.00432317	0.00453964	0.0305277	0.138826	8.78069e-05	0.0333596	0.276093	0.0477076	0.0062855	0.0181019
43	V	3.88475	0.0429031	0.0512449	0.0327726	0.0173508	0.0680154	0.0492424	0.115737	0.0378207	0.0448763	0.00018575	0.0455176	0.0427757	0.0369222	0.0360722	0.0226301	0.0100663	0.00625997	0.228466	0.0465749	0.0196093	0.0449567
44	T	2.91638	0.00806025	0.0385285	0.0334616	0.0154482	0.131212	0.016058	0.0115541	0.00454849	0.0211696	0.070602	0.0300819	0.0045041	0.000395252	0.00610987	0.00402743	0.0205333	0.44367	0.00724945	0.0169409	0.00492184	0.110923
45	H	3.26501	0.0023667	0.00291114	0.0618896	0.0347015	0.0533121	0.0152923	0.260098	0.00457524	0.00254809	0.0145677	0.109606	0.00500353	0.00352788	0.0575947	0.00842235	0.237615	0.0156466	0.00386913	0.050014	0.0216459	0.0347925
46	S	2.98989	0.0236753	0.0189194	0.0104899	0.00903081	0.0378103	0.0057873	0.378656	0.0152288	0.0251087	0.0232036	0.0163538	0.0511138	0.00574663	0.00706712	0.00699825	0.246238	0.006504	0.00894907	0.0745646	0.0130853	0.0154685
47	V	3.58292	0.0228744	0.0149867	0.00240606	0.0100878	0.0271979	0.0156238	0.00569827	0.125979	0.121529	0.0121054	0.147536	0.00403075	0.00827372	0.0368048	0.0540504	0.00360568	0.0202459	0.177086	0.0440947	0.123349	0.0224339
48	N	3.15963	0.00344224	0.00318951	0.0629608	0.0321807	0.0202522	0.0286909	0.0054719	0.00490406	0.0167519	0.00569736	0.0226485	0.352986	0.0472017	0.00950749	0.0599068	0.00903682	0.0217993	0.0329045	0.0349927	0.00733467	0.21814
49	L	2.92688	0.00840018	0.0311488	0.00945031	0.0632058	0.027861	0.00567398	0.0124908	0.0548025	0.00548989	0.495987	0.0281843	0.0101636	0.0438818	0.00709301	0.0263219	0.00319174	0.0236969	0.00614677	0.0709442	0.00692944	0.0589362
50	L	2.64144	0.0073171	0.0347093	0.368898	0.00695472	0.0046418	0.0365189	0.0032639	0.0082492	0.00563632	0.341504	0.0109523	0.00909339	0.0112028	0.00504366	0.00598161	0.00294988	0.00620818	0.0260655	0.00914474	0.0388754	0.0567892
51	E	3.18201	0.264143	0.0224997	0.00903455	0.134254	0.0288842	0.00798735	0.0244654	0.0107761	0.00126044	0.166038	0.000594777	0.00109459	0.00171122	0.00376566	0.0338793	0.00770428	0.125755	0.104421	0.00134238	0.00547238	0.0449159
52	D	3.42682	0.184565	0.0112069	0.166486	0.0134337	0.00337246	0.016052	0.00335029	0.0118463	0.0283372	0.0550727	0.0256736	0.0659076	0.00480233	0.0169798	0.00788296	0.0791147	0.224165	0.0363483	0.00706119	0.00575247	0.0325889
53	S	3.11284	0.182601	0.000730926	0.00575725	0.360967	0.0489621	0.0032415	0.0864747	0.00553509	0.0133094	0.00700276	0.0732255	0.0088729	0.00320407	0.0187788	0.0284815	0.0497031	0.0113681	0.049441	0.0227541	0.0017001	0.0178898
54	H	3.21676	0.0164043	0.0241235	0.00347606	0.0531033	0.00775975	0.00377139	0.170026	0.00950056	0.0113885	0.0101374	0.00250021	0.00237369	0.0569042	0.0847433	0.0851792	0.0178309	0.061363	0.0161105	0.0133717	0.338897	0.0110356
55	N	2.72879	0.00958547	0.00492972	0.0124364	0.0801301	0.416343	0.00989931	0.00530169	0.0120281	0.0317337	0.00906676	0.00550228	0.250128	0.00277868	0.0134197	0.00292025	0.0175787	0.0301493	0.00418813	0.00766457	0.00732372	0.0668927
56	G	2.95551	0.0558056	0.00587008	0.0114922	0.0235737	0.0156676	0.319404	0.0297005	0.292613	0.0133189	0.00662959	0.0134512	0.0172356	0.0239116	0.0125988	0.00519003	0.00280024	0.112975	0.0161963	0.00825477	0.0104332	0.00287729
57	K	3.61519	0.0275618	0.0132928	0.00989799	0.0040565	0.0310733	0.0313977	0.0826297	0.0157976	0.214174	0.0685876	0.00445329	0.0373416	0.00382736	0.0619532	0.0920604	0.00895552	0.014572	0.0985945	0.0101862	0.0105493	0.159037
58	L	1.78947	0.000478483	0.0147492	0.000983558	0.0113429	0.00163329	0.00506836	0.00306108	0.0723537	0.00609979	0.140073	0.00610276	0.000637708	0.0207457	0.00252672	0.00775798	0.00133069	0.00742492	0.00643247	0.00293089	0.00821849	0.680049
59	C	3.20801	0.011033	0.360452	0.00297989	0.095448	0.00502114	0.0278653	0.00491655	0.0452343	0.0200792	0.0222139	0.0242481	0.0667863	0.002646	0.0314824	0.00631403	0.00657581	0.0101766	0.0191641	0.0311019	0.172198	0.0340635
60	K	3.62606	0.0506949	0.00334183	0.0051053	0.0308148	0.0551561	0.00768314	0.0955991	0.00536925	0.121776	0.0178876	0.0203184	0.129212	0.00185569	0.0700231	0.0305858	0.14517	0.0352489	0.00200243	0.00981034	0.154381	0.00796399
61	L	2.80226	0.00511759	0.00691769	0.00565434	0.00753977	0.0436649	0.00619476	0.00283497	0.137564	0.00999979	0.24342	0.00823357	0.0140189	0.0083327	0.00280447	0.00454323	0.00928246	0.000699764	0.226329	0.00142338	0.0106249	0.2448
62	K	3.38016	0.0186207	0.00231552	0.141021	0.00197093	0.0267598	0.161434	0.113868	0.00110818	0.0796461	0.0249191	0.0146774	0.0316825	0.00247521	0.168808	0.071699	0.0034137	0.0010431	0.00113556	0.00766551	0.121449	0.00428722
63	G	3.46669	0.0191986	0.00512071	0.17808	0.0122097	0.0181264	0.270072	0.13989	0.00612289	0.0471634	0.0174099	0.0385546	0.0380898	0.00663481	0.0131558	0.0412361	0.0366365	0.00801823	0.038755	0.0201256	0.00477794	0.0406214
64	I	3.30751	0.00567909	0.045063	0.00149616	0.00266317	0.0307479	0.0114974	0.060371	0.0895517	0.0996274	0.0722273	0.0505556	0.0374621	0.000744448	0.00366226	0.00699743	0.0210696	0.0635988	0.34378	0.00462572	0.000901413	0.0476788
65	A	3.66229	0.0968396	0.00753747	0.00662103	0.117818	0.068856	0.0255774	0.0032248	0.00160724	0.0920203	0.0281468	0.171089	0.0631379	0.0692538	0.138696	0.0186512	0.0431715	0.00905177	0.00657417	0.00450226	0.0146323	0.0129913
66	P	2.99362	0.0626306	0.00494955	0.0146925	0.0270931	0.0290793	0.00927587	0.0407035	0.00641438	0.0390642	0.0101637	0.0469374	0.0259834	0.403406	0.00260417	0.00719178	0.00586348	0.0139983	0.0161534	0.0150854	0.00539189	0.213319
67	L	3.08974	0.00460526	0.005378	0.0140047	0.00898372	0.00662758	0.0173085	0.0353936	0.0439037	0.0171324	0.42113	0.03962	0.00723521	0.00512805	0.0160105	0.0248761	0.00957137	0.0130869	0.152665	0.059781	0.0316809	0.0658773
68	Q	3.88416	0.010314	0.00321486	0.181972	0.0257971	0.0378848	0.0408412	0.0216914	0.0331747	0.00276268	0.0907155	0.00554095	0.0274009	0.0197697	0.0892418	0.0207778	0.116664	0.0741454	0.0500292	0.0511826	0.05905	0.0378294
69	L	2.93005	0.0029645	0.0159877	0.0335193	0.00823219	0.0165278	0.0320199	0.00660881	0.0287236	0.00238353	0.425702	0.0278483	0.0294004	0.00644009	0.0154234	0.215505	0.0482745	0.00879622	0.00752509	0.0136057	0.0133498	0.0411617
70	G	3.61488	0.026666	0.00393406	0.00879315	0.126653	0.0353971	0.183427	0.152091	0.00746463	0.0588043	0.0721223	0.0348488	0.0263358	0.00206888	0.0969751	0.0396741	0.0587969	0.051669	0.00455953	0.00137757	0.000599148	0.00774191
71	K	3.15528	0.0570617	0.00590241	0.00437433	0.039184	0.00453141	0.0462394	0.00625426	0.168023	0.0618319	0.0258322	0.0337242	0.045248	0.382466	0.0380683	0.00903139	0.00291453	0.0387035	0.00858989	0.005377	0.00402248	0.0126203
72	C	2.52716	0.00728046	0.303433	0.00357356	0.0205052	0.0101735	0.00752287	0.00256432	0.00142005	0.0385433	0.00332825	0.0572401	0.0100859	0.00833463	0.00698097	0.00858209	0.00290683	0.0060102	0.0173198	0.0377486	0.0176792	0.428767
73	N	3.56164	0.00197092	0.0258676	0.0678087	0.067012	0.000865463	0.064404	0.0225365	0.0082969	0.0191524	0.00873537	0.0197296	0.146884	0.00501165	0.0119212	0.0367853	0.192749	0.152014	0.0104966	0.00678279	0.0234344	0.107542
74	I	3.0538	0.00663386	0.0281378	0.00409706	0.00797909	0.197223	0.00352531	0.0143072	0.218596	0.00847107	0.0864587	0.00895495	0.0043519	0.243987	0.0114487	0.0030555	0.00871638	0.020004	0.0990206	0.00546185	0.000907602	0.0186625
75	T	3.71115	0.0212062	0.184368	0.00781137	0.0201178	0.0122232	0.017576	0.0276414	0.115762	0.0356235	0.0795104	0.0129736	0.020952	0.0690616	0.0204557	0.028102	0.0597059	0.182537	0.0549941	0.00142825	0.0124319	0.0155179
76	G	2.62887	0.0769886	0.0085563	0.00852698	0.00858934	0.00644817	0.559112	0.00753551	0.00668444	0.0541851	0.0536246	0.0314283	0.00898066	0.00781679	0.00570424	0.00483307	0.0266277	0.0129875	0.0085378	0.00654836	0.0360232	0.0602613
77	W	2.84406	0.00203347	0.0703395	0.0245377	0.0175746	0.0153704	0.0363304	0.0241461	0.00271861	0.00333917	0.0391915	0.0204758	0.0182751	0.00811504	0.0144016	0.00741062	0.0207845	0.00491694	0.0623028	0.511366	0.0119952	0.084375
78	L	2.80565	0.0139603	0.00547282	0.00477432	0.00961947	0.030105	0.034763	0.00986426	0.00603872	0.0130627	0.386928	0.22851	0.0138685	0.00562401	0.00217617	0.00718203	0.00823075	0.0229636	0.155933	0.0206059	0.00930706	0.0110101
79	L	2.98588	0.0176924	0.00202839	0.00255146	0.0134388	0.0159595	0.0124219	0.00348469	0.0528076	0.0299344	0.465811	0.0176416	0.10393	0.00870939	0.0128473	0.0708243	0.00181559	0.0601158	0.034249	0.0207816	0.0162327	0.0367216
80	G	2.02677	0.039837	0.00964001	0.00963156	0.0173009	0.00718207	0.706454	0.00707955	0.00906547	0.016848	0.00710368	0.0196955	0.00289661	0.00241127	0.00952953	0.00656962	0.0102891	0.0114229	0.00988557	0.0209537	0.023499	0.0527052
81	N	2.82836	0.0322322	0.0306632	0.00440009	0.0180496	0.0134015	0.00983232	0.0621132	0.0251857	0.0436577	0.043027	0.00414629	0.520964	0.00325122	0.0103318	0.0186979	0.0868523	0.0317093	0.0219834	0.00687105	0.00445484	0.00817555
82	P	2.62845	0.0208883	0.00627511	0.0337801	0.0615848	0.0179107	0.0272092	0.00894864	0.0135557	0.0264997	0.011537	0.0456034	0.01158	0.592794	0.0121468	0.0134643	0.0160889	0.0179264	0.00964761	0.0123319	0.0115292	0.0286976
83	E	3.77178	0.172267	0.026614	0.00867282	0.155236	0.0473449	0.0521686	0.00956054	0.0195694	0.00751372	0.0477416	0.0730193	0.0952356	0.00305516	0.0288794	0.00465451	0.0824009	0.0189781	0.0373686	0.0043008	0.0800074	0.0254118
84	C	2.98982	0.021039	0.458504	0.00772827	0.0192233	0.0256404	0.00794089	0.00895644	0.00255249	0.0264611	0.00361442	0.0403249	0.0140322	0.0104277	0.0188084	0.102022	0.0025695	0.0207256	0.0761141	0.0706842	0.00474092	0.0578908
85	D	3.16938	0.0408067	0.0247935	0.332569	0.176971	0.0225236	0.00456227	0.0260295	0.00593726	0.00584258	0.0734377	0.00481608	0.00638969	0.00756539	0.0461677	0.00305848	0.0247151	0.130471	0.00502252	0.0111948	0.0437534	0.0033738
86	S	3.32485	0.00602081	0.00127232	0.257283	0.214431	0.0308887	0.0337931	0.00734701	0.00307989	0.00899672	0.085853	0.0310442	0.0205999	0.0030894	0.0173418	0.0640834	0.0343607	0.0436418	0.105715	0.000855299	0.0297193	0.000582629
87	L	2.96705	0.0135356	0.00743432	0.03249	0.00553647	0.00382755	0.00185102	0.0704335	0.190523	0.00769625	0.401282	0.012177	0.00761325	0.00225178	0.0448882	0.0296092	0.026499	0.067747	0.00688792	0.00436264	0.0073836	0.0559709
88	L	3.50661	0.0362499	0.00601182	0.00816116	0.0133846	0.044409	0.0205418	0.0441039	0.212059	0.147774	0.218464	0.0230567	0.0125969	0.0107971	0.030606	0.00458595	0.0372319	0.0322339	0.00726913	0.0576732	0.00570652	0.0270837
89	P	3.87865	0.0301082	0.000907234	0.0686448	0.00598317	0.0046724	0.0816244	0.0540546	0.0571688	0.0519022	0.148342	0.0573249	0.127152	0.0674377	0.0065838	0.0438075	0.0183834	0.0479098	0.0349702	0.00222826	0.082043	0.00875217
90	A	3.86037	0.0853132	0.0523027	0.0106642	0.0894665	0.0528641	0.0255189	0.0474659	0.103763	0.176721	0.119994	0.0021891	0.00894543	0.0212597	0.0323529	0.0168886	0.032296	0.0496418	0.0264796	0.0281183	0.010194	0.00756104
91	R	3.90922	0.0282433	0.00521448	0.0339151	0.0182535	0.00820258	0.00907502	0.0686508	0.0681945	0.0280024	0.125131	0.0437032	0.0542674	0.0197894	0.0881459	0.145915	0.0352898	0.0537502	0.0695107	0.00607325	0.089146	0.00152704
92	S	3.41746	0.00419332	0.0126388	0.0238056	0.0508966	0.101244	0.00181421	0.305836	0.0572344	0.0673877	0.0607781	0.00407049	0.00802951	0.0667466	0.0989192	0.00458999	0.0796131	0.0119594	0.00748212	0.00290126	0.0132398	0.01662
93	W	2.65015	0.004877	0.243748	0.275673	0.0054404	0.0204955	0.0345825	0.0112699	0.00790236	0.00639523	0.0114282	0.0148472	0.00430632	0.0198731	0.00436931	0.00284916	0.00286833	0.00325356	0.00235177	0.300997	0.0147552	0.00771681
94	S	2.71587	0.0150047	0.0130204	0.00954031	0.00352024	0.0151039	0.238289	0.0153085	0.0041328	0.00586568	0.00530505	0.0134769	0.0062735	0.0148504	0.0172301	0.0116566	0.37863	0.00441768	0.0206709	0.0140101	0.00554215	0.188151
95	Y	2.48143	0.0120667	0.00714437	0.0104423	0.00526179	0.00825167	0.0288393	0.00566917	0.0104851	0.0113345	0.0172415	0.0176821	0.00826463	0.00776245	0.0201144	0.00927438	0.0238404	0.0147302	0.00755431	0.00861496	0.466581	0.298845
96	I	2.91143	0.0108894	0.0704708	0.00359869	0.012248	0.00185188	0.0133865	0.023437	0.286813	0.00404632	0.0767344	0.00849246	0.0034335	0.00431685	0.00629548	0.00786228	0.0451407	0.0139914	0.331192	0.0538604	0.00578722	0.0161523
97	V	2.23451	0.0256413	0.0168219	0.00439995	0.00247941	0.00167159	0.00223916	0.019397	0.541312	0.00125218	0.0680656	0.00420911	0.00742271	0.00438747	0.0322776	0.00135867	0.0016599	0.0360933	0.218977	0.00483407	0.000983454	0.00451623
98	E	3.26869	0.013286	0.0245198	0.0261617	0.309929	0.129093	0.00240106	0.00669064	0.173922	0.00735873	0.00591092	0.0243442	0.00333784	0.00368732	0.069874	0.0082099	0.0390997	0.0436816	0.0443903	0.0135041	0.00239109	0.0482077
99	T	3.70328	0.10263	0.00422799	0.173242	0.029017	0.00347983	0.0959495	0.0273188	0.00545986	0.0106124	0.0698395	0.0358232	0.00639147	0.00483843	0.0453578	0.0618297	0.10855	0.114029	0.0724962	0.00291564	0.0149994	0.0109922
100	P	3.64614	0.121574	0.00142445	0.0285411	0.0623729	0.159364	0.0511273	0.0314803	0.180077	0.0394233	0.0359451	0.0454641	0.0367638	0.0954698	0.00727046	0.0684162	0.0038602	0.0141434	0.00661891	0.00295817	0.00680197	0.000902782
101	N	3.27443	0.0111218	0.0121949	0.29239	0.00691176	0.0648025	0.235177	0.00604275	0.0433998	0.0048684	0.0746905	0.0271027	0.0550571	0.00392195	0.0111329	0.0213004	0.0476664	0.0396775	0.00678867	0.00327912	0.0234055	0.00906884
102	S	3.1163	0.194199	0.00233282	0.0052881	0.0378259	0.00552063	0.223755	0.00551061	0.00370544	0.003079	0.00316057	0.00169842	0.012409	0.143318	0.098392	0.00513692	0.1615	0.0503971	0.0236853	0.00746884	0.00243859	0.00917922
103	E	3.8715	0.0535264	0.00379388	0.0440204	0.201157	0.0391322	0.0763712	0.0287338	0.00778049	0.0408897	0.0385717	0.132844	0.00769966	0.0700917	0.0102699	0.0244572	0.0480826	0.0373005	0.0608825	0.00427306	0.0399402	0.0301819
104	N	3.4161	0.0223556	0.0546313	0.0154967	0.210296	0.077766	0.0101655	0.286604	0.00542263	0.0196695	0.0259464	0.0157802	0.0628913	0.0019546	0.0228304	0.0164083	0.0291636	0.0137817	0.0573725	0.0331802	0.0137865	0.00449717
105	G	3.08069	0.0837086	0.0207361	0.00958808	0.0158521	0.00553191	0.386472	0.0032714	0.0179457	0.116945	0.00138794	0.0648223	0.0136849	0.0209678	0.00633211	0.00586591	0.139028	0.00690492	0.0165613	0.02194	0.00538517	0.0370691
106	A	2.93246	0.204244	0.0021749	0.00519929	0.166695	0.0218321	0.0178489	0.012136	0.0241734	0.00281292	0.273935	0.00223853	0.00614252	0.170669	0.00629819	0.00259271	0.0494746	0.00476866	0.00415327	0.0117433	0.00298016	0.00788741
107	C	2.0664	0.00398408	0.369863	0.00449451	0.00345201	0.0109546	0.00302141	0.00239434	0.00485386	0.00635738	0.00233659	0.0477466	0.00529665	0.00270347	0.00254698	0.00769065	0.0172118	0.0138315	0.00778086	0.014168	0.0035931	0.465719
108	Y	2.72182	0.0352577	0.012639	0.00208705	0.031111	0.0335354	0.0208001	0.00271644	0.0218517	0.0347691	0.00568999	0.0149547	0.00695833	0.00180896	0.0102323	0.013903	0.00481995	0.0160491	0.0388472	0.0110347	0.486156	0.194778
109	P	2.25733	0.00179129	0.0206141	0.004057	0.00752738	0.00552062	0.0040976	0.00823892	0.00719109	0.0186	0.0123701	0.00766468	0.00125481	0.563791	0.0149193	0.0113593	0.0172958	0.0123605	0.203202	0.00579704	0.00193011	0.0704178
110	G	3.00108	0.0317226	0.0457073	0.00417765	0.0309068	0.0744402	0.483756	0.0270628	0.00402938	0.0132309	0.00700464	0.0134224	0.00670246	0.046558	0.0108652	0.0105672	0.00224686	0.0160025	0.0305322	0.0430588	0.0320055	0.0660007
111	D	3.41447	0.303803	0.00340502	0.078687	0.0181693	0.00412275	0.16276	0.00760609	0.0416196	0.0170048	0.0226276	0.0409189	0.026192	0.039512	0.0181214	0.0194636	0.0325694	0.0882789	0.0144394	0.000469342	0.0587368	0.00149307
112	L	2.53201	0.00196248	0.00640634	0.00208114	0.000865845	0.043541	0.000167744	0.00479182	0.317338	0.00140714	0.0743301	0.296846	0.00334059	0.000602165	0.000636327	0.000599239	0.00597413	0.0446735	0.0179053	0.172832	0.00174449	0.00195493
113	I	2.86722	0.0221818	0.00180583	0.00398073	0.0119856	0.00387902	0.0136189	0.211519	0.0453193	0.0497007	0.0122043	0.00203104	0.0731972	0.00101374	0.276761	0.00410045	0.0138403	0.238826	0.00176012	0.00310547	0.00853765	0.000631591
114	D	3.61596	0.0802283	0.0176198	0.235382	0.130938	0.0189531	0.0237389	0.124224	0.00286184	0.00260525	0.0345323	0.0484255	0.0899748	0.0128907	0.0466897	0.0167853	0.0499111	0.0152079	0.00371706	0.0184324	0.0134716	0.0134108
115	Y	3.6654	0.0253325	0.0148544	0.00819336	0.0123302	0.0134846	0.0369614	0.0269286	0.0963308	0.0115676	0.11757	0.00795614	0.0342135	0.0599974	0.13795	0.00712182	0.1778	0.0384395	0.00499801	0.0182304	0.139208	0.0105309
116	E	3.17218	0.0290813	0.0084483	0.0144434	0.17085	0.0180874	0.0765326	0.00697333	0.00218844	0.0068468	0.00715881	0.0210205	0.00121881	0.280553	0.196666	0.00187579	0.0647384	0.00914981	0.0020498	0.0298762	0.0265514	0.0256897
117	E	2.69897	0.00979789	0.00946732	0.0414077	0.576386	0.0214605	0.0199683	0.00857659	0.0255812	0.0343041	0.0145526	0.0432908	0.0112375	0.00952183	0.0169074	0.0388748	0.0249405	0.00574006	0.0107323	0.0232866	0.00566702	0.0482988
118	L	2.70688	0.00261797	0.0173277	0.011807	0.00505812	0.0986998	0.00648383	0.00375649	0.0732979	0.00533057	0.536676	0.0457235	0.0110699	0.0161047	0.043287	0.0150152	0.0134524	0.0116487	0.0161177	0.0152483	0.0110996	0.0401777
119	R	3.09917	0.00920283	0.00579282	0.0069386	0.0297226	0.0390317	0.0118841	0.0141435	0.0799565	0.0130414	0.0179427	0.0112907	0.00673417	0.00940967	0.00906504	0.423633	0.0143295	0.109765	0.0247242	0.0218105	0.109104	0.0324782
120	E	2.75032	0.0166042	0.0322108	0.0411008	0.288072	0.0123935	0.00708352	0.0258286	0.00361131	0.403521	0.00380962	0.0185186	0.00478381	0.00348852	0.0110926	0.00580368	0.0471158	0.0277279	0.00437903	0.0175921	0.00857956	0.0166831
121	Q	3.20385	0.0101272	0.0516479	0.00484002	0.0220203	0.00568444	0.00407118	0.204463	0.00418019	0.0261038	0.0161464	0.0108746	0.015311	0.00295952	0.29054	0.116607	0.0178354	0.117775	0.0401112	0.00684322	0.00485317	0.0270059
122	L	2.69794	0.00281898	0.00666835	0.00557777	0.0175167	0.0336019	0.00616342	0.0611847	0.293349	0.0083001	0.398183	0.0221128	0.00594742	0.00308229	0.00216319	0.0102907	0.0147079	0.0180594	0.0566523	0.0184605	0.0082591	0.00690042
123	S	2.90068	0.00703467	0.0327524	0.00391384	0.0171281	0.225737	0.372787	0.0460217	0.0134937	0.00294007	0.00434477	0.0159343	0.100882	0.000895776	0.0287553	0.00484922	0.0658878	0.00696241	0.0385567	0.00120158	0.00888556	0.00103587
124	S	3.75256	0.0834049	0.0103828	0.0640111	0.0120959	0.0594622	0.0802964	0.0382405	0.13736	0.00229851	0.0158279	0.0357064	0.00277554	0.0144898	0.116455	0.0176485	0.152533	0.0342067	0.0312476	0.00303893	0.0867776	0.00174041
125	V	2.84072	0.014975	0.162956	0.00164748	0.00445268	0.0329307	0.0157929	0.00203663	0.405933	0.0097759	0.00650555	0.0264184	0.000962663	0.00382823	0.00162926	0.00241818	0.0657921	0.0372928	0.154283	0.0222321	0.0197357	0.00840127
126	S	3.51678	0.0278439	0.0298207	0.00758568	0.0781016	0.126027	0.00240945	0.0012186	0.00924407	0.0566717	0.139636	0.0107358	0.0147973	0.00172081	0.03885	0.186536	0.0844104	0.133869	0.033434	0.00222786	0.0139621	0.000898098
127	S	3.03469	0.0140338	0.00474578	0.109253	0.0946031	0.0137392	0.0301505	0.00344595	0.0190007	0.00860961	0.0107149	0.0210269	0.00321974	0.00352756	0.420181	0.034061	0.122171	0.026926	0.0197364	0.0086166	0.018453	0.0137849
128	L	2.86526	0.378292	0.00262897	0.00208881	0.00396953	0.00378164	0.00126544	0.00199872	0.00624878	0.00129429	0.0922875	0.184211	0.00190522	0.000476573	0.0302191	0.00495108	0.0200118	0.101629	0.0770902	0.0353293	0.0363768	0.0139444
129	E	3.18058	0.0108577	0.00574686	0.019471	0.268631	0.00504877	0.00649721	0.170197	0.0197728	0.0189677	0.0107613	0.222667	0.00825634	0.043019	0.0082879	0.0119132	0.0530902	0.0777472	0.01579	0.0106324	0.00456308	0.00808231
130	R	2.57625	0.0169576	0.0378469	0.035463	0.0235735	0.0146589	0.0112476	0.0192563	0.0280433	0.0121567	0.00980942	0.0338131	0.0130536	0.0377725	0.0127005	0.611539	0.00763485	0.012817	0.00841497	0.0203401	0.0136817	0.0192195
131	F	3.04132	0.0119971	0.0252614	0.020293	0.0129691	0.41946	0.0957236	0.00942338	0.0246911	0.0109845	0.028976	0.0222542	0.0127737	0.0104485	0.0134809	0.00570386	0.00409921	0.0221971	0.180837	0.0264664	0.0216351	0.0203252
132	E	3.10618	0.0384023	0.0228176	0.0684854	0.465962	0.0440675	0.00470171	0.015946	0.0102985	0.0105313	0.00828801	0.0117675	0.0115787	0.0114261	0.0372895	0.00625324	0.0737908	0.0404168	0.0390385	0.0219195	0.0156607	0.0413578
133	I	3.19603	0.0125303	0.0400898	0.0309766	0.031176	0.0160972	0.0234282	0.0175618	0.464476	0.025892	0.0394062	0.0485189	0.0216512	0.00745249	0.0204157	0.00768773	0.00642957	0.0176284	0.0641306	0.0337142	0.0426975	0.0280396
134	F	2.32838	0.00761593	0.043315	0.00961075	0.0135453	0.489713	0.00893712	0.00532896	0.00782517	0.0118145	0.017449	0.0145868	0.00818953	0.00262852	0.0104666	0.00584973	0.00548768	0.00375773	0.00744033	0.0110225	0.299486	0.0159297
135	P	3.27387	0.01488	0.0171507	0.00777521	0.0234557	0.00619653	0.0198095	0.0130352	0.0158182	0.307667	0.00228178	0.00143365	0.0536181	0.111082	0.154877	0.102376	0.0800912	0.00952452	0.0362697	0.00119412	0.0146805	0.00678379
136	K	3.6466	0.00654246	0.00283777	0.0172394	0.042606	0.108167	0.0492941	0.00722632	0.0161627	0.105645	0.110057	0.0452284	0.00982861	0.0104693	0.0100361	0.0390427	0.0462347	0.0459721	0.142392	0.00190372	0.18089	0.00222501
137	E	3.42098	0.0726062	0.00381411	0.229591	0.109414	0.0429058	0.0183848	0.0205018	0.0215977	0.00394853	0.0422468	0.0820272	0.218479	0.00824837	0.00808238	0.00391893	0.0499075	0.0129702	0.012478	0.000632526	0.0240979	0.0141488
138	S	3.44231	0.0205046	0.00135312	0.0176251	0.0444222	0.0511209	0.270694	0.00620806	0.120657	0.0130261	0.0315315	0.169117	0.0212191	0.0138161	0.0404885	0.00975524	0.0707339	0.00861118	0.067878	0.0117778	0.00327495	0.00618627
139	S	3.59715	0.0655147	0.026807	0.00865163	0.00831305	0.0461303	0.0590718	0.00681001	0.0131617	0.00694195	0.0170248	0.102641	0.00111055	0.00168153	0.0974062	0.0126015	0.108489	0.222747	0.0725894	0.0956156	0.0222196	0.00447215
140	W	2.55348	0.0122359	0.0106017	0.00149773	0.00973311	0.38126	0.00217086	0.00903282	0.00671398	0.00191114	0.0434235	0.0414456	0.0052941	0.00284186	0.00298217	0.00158726	0.00555464	0.00765302	0.0424387	0.331438	0.0673308	0.0128529
141	P	3.55885	0.0246352	0.00115964	0.0169682	0.0560131	0.00434788	0.0703963	0.00186178	0.0544043	0.0276347	0.0727894	0.00947114	0.078151	0.161846	0.242993	0.0420941	0.0685238	0.0165079	0.0323727	0.00283922	0.010203	0.00478738
142	N	2.53503	0.00891924	0.00802246	0.0635581	0.055174	0.00448561	0.0137854	0.0142891	0.00520675	0.0105881	0.0180457	0.00881774	0.596002	0.00715062	0.0176995	0.0341165	0.00940824	0.0056163	0.0156922	0.0538537	0.0310578	0.0185111
143	H	2.9895	0.0316507	0.00287731	0.00939048	0.00347244	0.0179681	0.00398576	0.196339	0.0323025	0.0029027	0.0244649	0.0121341	0.0376129	0.00277373	0.0240561	0.00600377	0.0311083	0.124552	0.0379377	0.015453	0.380938	0.00207576
144	T	3.08025	0.0167667	0.00488238	0.014415	0.0495752	0.00546521	0.292766	0.0157046	0.0140533	0.0138845	0.0219413	0.0407151	0.00656815	0.0071587	0.020799	0.004144	0.0885105	0.298962	0.00269356	0.0388921	0.0338225	0.00828091
145	F	3.53872	0.0306367	0.0141669	0.0510501	0.306679	0.115511	0.0107328	0.0044099	0.0331301	0.00744781	0.014935	0.0361105	0.0820958	0.0124977	0.0214513	0.00953684	0.0188927	0.0314058	0.0357542	0.110958	0.0399611	0.0126369
146	N	3.58115	0.0524293	0.000849328	0.0369102	0.0243534	0.133445	0.0631672	0.0300347	0.0101934	0.00991799	0.00790562	0.00428624	0.0653944	0.0113237	0.200984	0.0184377	0.0293901	0.0571312	0.0103077	0.0292834	0.194432	0.00982366
147	G	3.27712	0.0612288	0.00686195	0.0294413	0.0414923	0.0091382	0.391233	0.0567586	0.00875349	0.0244536	0.0388137	0.0179661	0.0552845	0.00949085	0.0188906	0.14073	0.0136273	0.0205594	0.0165568	0.00875113	0.00983268	0.0201357
148	V	3.53243	0.0125304	0.00159174	0.00631893	0.0213402	0.00592487	0.0197861	0.0656441	0.0935803	0.00840764	0.00943269	0.153932	0.0302358	0.00658285	0.0299939	0.180809	0.0574258	0.14175	0.122442	0.0194227	0.00150405	0.0113459
149	T	2.08858	0.00800149	0.0199452	0.00483816	0.0023344	0.0038095	0.00280462	0.00865469	0.00153459	0.0316203	0.00512328	0.0135124	0.00895834	0.00243945	0.0238139	0.0159691	0.63523	0.161645	0.0108965	0.0072748	0.0225925	0.00900162
150	V	2.86793	0.0877063	0.00211604	0.00142422	0.0157023	0.178773	0.00507395	0.000475287	0.0170349	0.0189543	0.0411736	0.00893876	0.0209727	0.00179539	0.0970877	0.00693646	0.0561311	0.00674764	0.0240837	0.404618	0.00156513	0.00269015
151	S	2.81037	0.355666	0.0132376	0.00302617	0.0123915	0.00564595	0.0190897	0.00704628	0.00108051	0.0282685	0.170446	0.00624615	0.00403089	0.00326728	0.0020165	0.0110049	0.196878	0.114531	0.0116694	0.0220354	0.0077764	0.00464575
152	C	2.99336	0.024219	0.423284	0.0346173	0.0066886	0.118414	0.0368337	0.00628335	0.00981562	0.00911607	0.00506133	0.0309846	0.00563907	0.00472296	0.0263777	0.00877165	0.145332	0.0508613	0.00349212	0.0178154	0.00773869	0.0239322
153	S	3.30606	0.0743055	0.00283264	0.0384587	0.0145162	0.00329852	0.125583	0.0038425	0.161682	0.00916524	0.0152413	0.00731257	0.286773	0.0200985	0.0866666	0.0134509	0.0278732	0.0746051	0.0141407	0.0130203	0.00303298	0.00410048
154	H	3.47078	0.245449	0.157969	0.0716755	0.00407211	0.00719229	0.00221764	0.0729917	0.0665124	0.0103276	0.0150343	0.00216717	0.00874719	0.0111493	0.0546754	0.00863344	0.0489786	0.124939	0.0119088	0.036706	0.0334705	0.00518236
155	R	3.44965	0.11176	0.00410412	0.00183314	0.035178	0.0274876	0.00512755	0.170637	0.0127325	0.0367698	0.0284236	0.0294474	0.00290607	0.000363681	0.0603383	0.060965	0.0188873	0.0801483	0.00997337	0.00967508	0.263091	0.0301512
156	G	2.96044	0.264002	0.0027139	0.0605425	0.00140511	0.000996662	0.0575164	0.0101488	0.00054615	0.265187	0.00052038	0.0858841	0.0783489	0.000990856	0.0188607	0.0286407	0.103134	0.0141817	0.00378969	0.00121117	0.00102875	0.000350122
157	K	3.6529	0.0321059	0.0215825	0.00218831	0.104817	0.0385469	0.00144248	0.00439315	0.0873693	0.110445	0.024346	0.161957	0.01719	0.0170955	0.00747359	0.0981407	0.145329	0.0300744	0.0704677	0.0175084	0.00532611	0.00220106
158	S	2.74382	0.0935267	0.00129802	0.006873	0.00527466	0.00492663	0.00143291	0.0125807	0.00719844	0.101679	0.0137871	0.00910341	0.0098734	0.0866888	0.0167007	0.0185806	0.0756373	0.486219	0.0271493	0.00939361	0.0060782	0.00599873
159	S	3.29681	0.0273176	0.054204	0.117641	0.00509666	0.0136129	0.28925	0.0110671	0.00325155	0.0355975	0.00800838	0.0162543	0.0463328	0.00133965	0.0939975	0.00747148	0.187089	0.035155	0.012978	0.00666004	0.0245916	0.00308366
160	F	2.27654	0.00400235	0.0125918	0.00916177	0.00958047	0.654411	0.00265535	0.0499158	0.0244342	0.00664379	0.0383807	0.0226485	0.0101675	0.024061	0.00901026	0.00402455	0.00695327	0.0108626	0.018755	0.0143431	0.0539872	0.0134097
161	Y	2.99844	0.00300763	0.00552049	0.00454331	0.151768	0.164214	0.0034415	0.00539697	0.0233145	0.00493114	0.00528248	0.0188002	0.0238911	0.00978281	0.012857	0.00157317	0.0491933	0.0389801	0.0108429	0.0728056	0.369938	0.0199161
162	R	3.08819	0.0292662	0.0322624	0.0586205	0.0178835	0.0039536	0.00422785	0.0277488	0.0171691	0.0352345	0.0071692	0.00773999	0.0147272	0.0122867	0.0431119	0.477361	0.0653059	0.0519459	0.0343349	0.0290109	0.015521	0.0151194
163	N	2.49271	0.00404721	0.0276126	0.00767165	0.0213066	0.00655153	0.00152141	0.0709086	0.00605338	0.0284033	0.00339994	0.00913324	0.581092	0.0554354	0.0264572	0.00302901	0.0796509	0.0352806	0.00386736	0.00695394	0.00824503	0.0133791
164	L	2.39478	0.0245737	0.063054	0.0163612	0.00709912	0.0377642	0.0217918	0.00413866	0.0261277	0.0045882	0.629491	0.0352994	0.0162992	0.00793719	0.0102796	0.0152505	0.0376094	0.00940136	0.00434011	0.019334	0.003619	0.00564033
165	L	3.14948	0.108505	0.0309145	0.00422536	0.00157171	0.367117	0.0181946	0.0199154	0.0510668	0.0465675	0.184501	0.0233238	0.0294416	0.00333669	0.019899	0.00891179	0.0170215	0.00777741	0.0193624	0.0168505	0.0172288	0.00426689
166	W	2.6877	0.00242019	0.0196852	0.00593018	0.00883159	0.00737578	0.00823103	0.0115126	0.0295957	0.0181492	0.0100034	0.0614645	0.00455592	0.00884919	0.0190408	0.102423	0.0144185	0.00794812	0.00521213	0.496298	0.00949032	0.148565
167	L	2.19375	0.0107434	0.0254358	0.00272577	0.00482624	0.00238478	0.00353689	0.00207844	0.0282768	0.0102138	0.357771	0.00138583	0.00595805	0.0198811	0.00796337	0.00354736	0.00193498	0.0166884	0.457283	0.00501205	0.0146726	0.0176805
168	T	3.35158	0.00462971	0.0488268	0.0217656	0.0140394	0.0135633	0.0902173	0.0310653	0.0837639	0.00847139	0.0134721	0.0505948	0.00309997	0.00398265	0.134575	0.0263916	0.0256382	0.327086	0.00623626	0.00468636	0.0776852	0.0102091
169	K	3.16882	0.0191204	0.00390009	0.00124563	0.311911	0.000342015	0.0214338	0.0197559	0.0348573	0.0783248	0.0243347	0.0351172	0.00182366	0.0019665	0.189051	0.0491005	0.036117	0.110852	0.0565399	0.0008559	0.0017489	0.00160183
170	K	3.71355	0.0887806	0.0339134	0.0767796	0.111301	0.064677	0.0409054	0.0328224	0.0101607	0.23057	0.0104479	0.0152263	0.0549924	0.00703215	0.0174181	0.0792797	0.0286642	0.011922	0.0106428	0.00414812	0.0685446	0.00177218
171	G	2.77113	0.0094438	0.000148965	0.0275716	0.0206781	0.0116245	0.0459279	0.011581	0.00991649	0.00408295	0.0208933	0.0876199	0.235178	0.00342762	0.411424	0.00284843	0.00825808	0.0618899	0.00572626	0.0110228	0.00444795	0.00628862
172	D	3.21359	0.029204	0.000353189	0.0715562	0.284139	0.00984074	0.00981267	0.00944974	0.179477	0.0032075	0.0169508	0.0775477	0.0104085	0.0851621	0.00982436	0.00289358	0.0134859	0.130627	0.0442189	0.00299011	0.0060099	0.00284076
173	S	3.08087	0.0587445	0.000212708	0.363633	0.174195	0.0327908	0.0027325	0.00264184	0.0272829	0.00701732	0.0315109	0.0268605	0.0227136	0.000552195	0.00122758	0.0192678	0.0445885	0.0903448	0.00690515	0.00588647	0.0776647	0.00322654
174	Y	2.59551	0.0048028	0.0297861	0.0199148	0.0155799	0.1386	0.00782069	0.0187711	0.0352383	0.0092516	0.00226399	0.0395577	0.0108663	0.0116536	0.0223859	0.00339951	0.0101003	0.0254728	0.00657973	0.0191538	0.555884	0.0129174
175	P	3.17667	0.198966	0.0036715	0.00356466	0.203872	0.00109173	0.00822446	0.0191464	0.0591052	0.23257	0.00579322	0.0660553	0.020281	0.0272565	0.000714765	0.0299241	0.0158991	0.00471905	0.0119928	0.0780264	0.00774142	0.00138408
176	K	3.94005	0.0260317	0.0051791	0.0438868	0.0130913	0.0841599	0.013937	0.0762656	0.162199	0.0935468	0.0727646	0.0104427	0.013699	0.0216162	0.0790331	0.0130889	0.0757483	0.0420434	0.0591092	0.0345774	0.0548634	0.00471679
