#SITE	WT_AA	SITE_ENTROPY	PI_A	PI_C	PI_D	PI_E	PI_F	PI_G	PI_H	PI_I	PI_K	PI_L	PI_M	PI_N	PI_P	PI_Q	PI_R	PI_S	PI_T	PI_V	PI_W	PI_Y
1	M	3.43945	0.0213483	0.0349098	0.0245468	0.0337339	0.0308463	0.0262895	0.0448733	0.0238979	0.042507	0.0340635	0.411041	0.0367607	0.0175101	0.0370938	0.0242697	0.0179419	0.0257147	0.022051	0.0553796	0.0352212
2	A	1.44586	0.808104	0.00811366	0.0120407	0.0182495	0.00982768	0.0106265	0.00422137	0.00833084	0.00797182	0.00248811	0.0387302	0.00644759	0.00165691	0.00640733	0.003728	0.00380504	0.00536806	0.0206334	0.0142609	0.00898852
3	S	3.04444	0.034984	0.00177352	0.0019023	0.00106406	0.138047	0.00174707	0.0129238	0.014104	0.00215124	0.268401	0.0084212	0.023671	0.00272815	0.0189096	0.00782649	0.129455	0.0243056	0.0135633	0.0726014	0.221421
4	Q	3.76154	0.00957554	0.0157451	0.00766695	0.0353784	0.152951	0.00952371	0.0431358	0.111567	0.0149475	0.115761	0.0285118	0.0770868	0.00013258	0.00842068	0.0538742	0.0732974	0.0457514	0.0130858	0.0649276	0.11866
5	G	3.42104	0.0584768	0.064756	0.0210292	0.00394117	0.00414219	0.133907	0.0187543	0.00634033	0.0249641	0.00138581	0.00732156	0.0423385	0.0812008	0.00178722	0.0967824	0.195666	0.0430883	0.00183448	0.185073	0.0072117
6	T	1.46883	0.00691446	0.00627362	0.00788964	0.00790931	0.00665735	0.00445558	0.0169189	0.0134533	0.00925485	0.0124174	0.0178566	0.0109283	0.0209676	0.00913466	0.0102146	0.00367672	0.811307	0.00472399	0.0147777	0.00426827
7	K	1.33363	0.00232877	0.0164368	0.00624877	0.010718	0.00703833	0.00271594	0.00526763	0.00715059	0.816353	0.00234603	0.0120391	0.0614468	0.00273924	0.0106552	0.00430718	0.00214076	0.00612608	0.00372633	0.0145724	0.00564274
8	R	2.03846	0.0042468	0.0201383	0.0100983	0.00767135	0.00823372	0.0320124	0.00643657	0.00569728	0.00528152	0.0127135	0.0120973	0.00658222	0.00606467	0.127011	0.659963	0.00294108	0.00624412	0.00905624	0.0495721	0.00793938
9	S	2.84685	0.2025	0.00496856	0.00331683	0.000959784	0.0245875	0.00201979	0.00224364	0.00474241	0.0011974	0.203895	0.0479723	0.277412	0.00792163	0.00159249	0.00139091	0.123989	0.00982916	0.00368158	0.0561115	0.0196689
10	Y	3.30905	0.0930305	0.00792016	0.0020917	0.000870934	0.00407566	0.00278966	0.178284	0.0891343	0.198295	0.0723789	0.0173237	0.019106	0.00993739	0.0320071	0.00122113	0.00798789	0.0129467	0.157733	0.00738661	0.0854807
11	E	3.24888	0.0138232	0.0547852	0.0526549	0.421449	0.0111209	0.0250354	0.0237119	0.0199245	0.0292552	0.0214772	0.0164988	0.0188565	0.00423451	0.0112585	0.0624075	0.0941289	0.0271318	0.0479354	0.0123171	0.031994
12	Q	2.80248	0.00621432	0.00918377	0.00170514	0.00599431	0.0234117	0.000742952	0.23206	0.00750996	0.305588	0.0142698	0.0256735	0.0768594	0.00183301	0.0190968	0.211132	0.0406496	0.00387532	0.00463054	0.00504775	0.00452187
13	M	2.18763	0.0135323	0.0108542	0.0935207	0.0587034	0.010626	0.00613964	0.00411256	0.041516	0.0139198	0.0160284	0.645585	0.00680787	0.00292857	0.00662784	0.00400543	0.0148864	0.00577622	0.0177474	0.0225919	0.00409048
14	E	2.86502	0.01008	0.0408555	0.0688559	0.5052	0.0299666	0.0394198	0.00722456	0.0182443	0.0786106	0.0102407	0.0140051	0.0499092	0.000703384	0.0313749	0.00981597	0.00695853	0.0449806	0.00909608	0.0163408	0.00811776
15	T	2.95609	0.00305344	0.0101596	0.0177234	0.0305766	0.0136571	0.00607985	0.0697663	0.0912051	0.014869	0.104853	0.0206946	0.0982696	0.00261697	0.00819312	0.0047797	0.0147654	0.436913	0.0317939	0.0129285	0.00710236
16	D	3.10344	0.0187626	0.0229571	0.431322	0.0718447	0.0123282	0.122182	0.0612816	0.0153259	0.00855832	0.0126415	0.0398268	0.0456667	0.00848217	0.0306939	0.0435065	0.016871	0.00601283	0.0067326	0.0112791	0.0137239
17	G	3.16373	0.062531	0.263117	0.00418209	0.0152288	0.00529684	0.288519	0.0115621	0.00855866	0.028264	0.00322716	0.0833695	0.0065603	0.0626116	0.0500109	0.0269845	0.0123394	0.0180736	0.0281449	0.0148617	0.00655744
18	E	3.74986	0.0359681	0.0174934	0.0896932	0.254841	0.0239748	0.0262108	0.0744699	0.0437255	0.0150388	0.0727516	0.0119217	0.0350379	0.0492849	0.0162293	0.00976968	0.0322513	0.0851501	0.0748496	0.0136187	0.0177201
19	R	2.48451	0.0117611	0.0212587	0.0910599	0.0105572	0.0118382	0.00453656	0.0456133	0.00821249	0.0111143	0.00359544	0.0373607	0.0124006	0.00257487	0.0370614	0.588725	0.00606804	0.0154146	0.0547062	0.0126319	0.0135089
20	Q	2.04488	0.0172296	0.00587107	0.00434834	0.0109336	0.00500238	0.00220102	0.00703093	0.00449463	0.00523118	0.00634258	0.017699	0.0142738	0.35795	0.488818	0.00837647	0.0223951	0.00280758	0.00336152	0.01022	0.00541324
21	N	3.43184	0.00387925	0.00807159	0.0183917	0.00712901	0.0200456	0.00505089	0.026982	0.00368908	0.0882845	0.0399153	0.265749	0.120448	0.132048	0.0122747	0.0459209	0.1113	0.0438646	0.022662	0.0154337	0.00886064
22	A	3.18187	0.197928	0.00777992	0.0021062	0.0106211	0.0134779	0.0131167	0.00952358	0.0083431	0.12874	0.0119698	0.00547087	0.00672402	0.0121663	0.0111147	0.17672	0.174509	0.0513113	0.146906	0.00691681	0.004554
23	T	3.54174	0.0814874	0.0899066	0.00496015	0.00152319	0.0589195	0.0168522	0.232781	0.0193946	0.0165811	0.0725402	0.00703225	0.00891735	0.00243051	0.115182	0.0506016	0.110644	0.0676118	0.0093464	0.00493412	0.0283538
24	E	2.84467	0.0203902	0.0180511	0.0171218	0.408067	0.00850241	0.0111621	0.0388954	0.0307601	0.0111685	0.0126971	0.027737	0.00939901	0.0174357	0.269181	0.0209849	0.0123861	0.0162676	0.0378091	0.00601383	0.00597023
25	I	2.81799	0.00323269	0.0024629	0.00319013	0.00771288	0.0115916	0.268405	0.00593216	0.168226	0.00309224	0.00402313	0.0311122	0.0062696	0.00163072	0.227829	0.158334	0.0100524	0.00190819	0.072794	0.00866333	0.00353865
26	R	2.73933	0.00524572	0.0126051	0.0113353	0.0155882	0.013214	0.00698179	0.00802855	0.0125303	0.07642	0.0446839	0.0183718	0.00866101	0.0062153	0.00654729	0.44123	0.232344	0.0129622	0.010244	0.0165345	0.0402568
27	A	3.27866	0.171673	0.00542805	0.00484234	0.0116983	0.00856637	0.00462196	0.116571	0.0052257	0.0796593	0.0222714	0.012074	0.0607413	0.00100108	0.0736342	0.0582483	0.0635843	0.0181666	0.274011	0.00583503	0.00214633
28	S	3.26805	0.0819236	0.0285167	0.00581042	0.00746228	0.0350276	0.0833402	0.0192086	0.00742717	0.0281265	0.0133274	0.0197361	0.0276544	0.00650729	0.191844	0.0422678	0.310935	0.00327224	0.00303739	0.00923397	0.0753413
29	V	3.09788	0.0135336	0.0152235	0.0484628	0.00835993	0.0392869	0.0134414	0.00485843	0.158504	0.00431337	0.00905724	0.0743062	0.00898396	0.00622488	0.00868866	0.0601482	0.0888184	0.0257845	0.383623	0.0227079	0.00567342
30	G	3.38886	0.0453663	0.0714788	0.00470077	0.0330508	0.0326326	0.274906	0.00306414	0.00766414	0.0547702	0.00341779	0.0297894	0.0525469	0.0125183	0.182103	0.0106984	0.0189361	0.119835	0.0103684	0.019173	0.0129791
31	K	3.24841	0.0116763	0.0644623	0.0054575	0.0412566	0.00515744	0.0264327	0.0239	0.0300576	0.333191	0.0113763	0.0402392	0.114191	0.0239057	0.012572	0.180541	0.00765902	0.0388473	0.0124869	0.00884362	0.00774571
32	M	2.56836	0.00798414	0.00289932	0.00970298	0.0121436	0.0188989	0.0471004	0.0080265	0.0208785	0.0192376	0.00190562	0.308899	0.401941	0.0143664	0.00538525	0.00670403	0.00896726	0.0864948	0.00643561	0.00603616	0.00599278
33	I	3.39426	0.103984	0.0911196	0.0138891	0.0725296	0.0107854	0.0779668	0.00329495	0.263993	0.00609545	0.0175564	0.146088	0.00667341	0.00896381	0.00550159	0.00672942	0.0299567	0.0566701	0.064678	0.0106067	0.00291783
34	D	3.70358	0.143932	0.0764283	0.116326	0.143265	0.0670717	0.0330089	0.0234167	0.13603	0.00440761	0.0244918	0.0394386	0.05123	0.00127572	0.00727193	0.00943132	0.0317185	0.0139508	0.0558025	0.00849854	0.0130039
35	G	3.17423	0.0630554	0.0394825	0.00931097	0.0150263	0.0358574	0.426209	0.029168	0.0171908	0.0206262	0.0161223	0.00946268	0.0142773	0.0150051	0.0139307	0.0199036	0.120311	0.0741025	0.0155709	0.0206539	0.0247335
36	I	3.18937	0.146724	0.00822639	0.0270265	0.0110289	0.240952	0.0174835	0.0056245	0.231963	0.0035605	0.0308671	0.0170684	0.00585961	0.00536399	0.0316125	0.0262329	0.0213756	0.135089	0.00439412	0.0165125	0.0130348
37	G	3.22027	0.0307615	0.0267142	0.0279105	0.0169481	0.0484829	0.246302	0.0139819	0.0150401	0.00942653	0.0103726	0.0138151	0.004803	0.0479572	0.00784735	0.00996567	0.199861	0.00252692	0.222101	0.031431	0.0137519
38	R	3.53062	0.0183063	0.0307595	0.0431065	0.0101681	0.0218483	0.0392159	0.0679765	0.0111086	0.065698	0.0197511	0.0447351	0.0106725	0.0595843	0.165095	0.292658	0.006607	0.0177271	0.011134	0.0400315	0.0238163
39	F	3.22141	0.0493049	0.0731572	0.00781644	0.00433462	0.202466	0.00197488	0.00681409	0.0130451	0.00742638	0.0218342	0.0300019	0.200115	0.0167971	0.011167	0.00955099	0.0535547	0.0075986	0.0282668	0.241521	0.0132536
40	Y	3.03161	0.0589931	0.0134102	0.0254061	0.0072182	0.020931	0.0106418	0.157763	0.0133063	0.0052882	0.0137965	0.0141738	0.00663178	0.0152735	0.0274523	0.232748	0.00833266	0.00596038	0.0182102	0.0201681	0.324295
41	I	3.75956	0.0233896	0.0259344	0.0476689	0.00774917	0.070877	0.0499757	0.0121533	0.0663945	0.00108065	0.00886661	0.049977	0.00296078	0.130373	0.0702907	0.014665	0.197512	0.0857094	0.0481678	0.0624507	0.0238034
42	Q	2.48751	0.0375356	0.012011	0.0121184	0.0449458	0.015022	0.0184926	0.0350772	0.012513	0.0155739	0.010912	0.0150023	0.0122934	0.0388029	0.621352	0.0118328	0.0294496	0.00620444	0.0141819	0.0244044	0.0122746
43	M	3.50345	0.0441287	0.02119	0.0368749	0.0539037	0.0629541	0.0355842	0.0274197	0.0313415	0.0279204	0.0469898	0.367809	0.0361563	0.0173295	0.0104661	0.00721416	0.0187018	0.0793797	0.0397449	0.0188023	0.0160893
44	C	3.69852	0.0597312	0.208232	0.00969733	0.069907	0.0168189	0.0975452	0.0192423	0.159155	0.00874184	0.0541086	0.0240776	0.0336769	0.0118545	0.0217353	0.00402703	0.0711167	0.0332399	0.00791978	0.0588526	0.0303204
45	T	2.70159	0.0151171	0.0227233	0.0131619	0.0111005	0.0129564	0.00436432	0.00670302	0.0284872	0.00689368	0.0138447	0.0390504	0.0645924	0.0195132	0.010861	0.00407947	0.373006	0.327351	0.00468396	0.0123163	0.00919358
46	E	3.07568	0.00968802	0.106462	0.0410135	0.355552	0.1521	0.00726054	0.0107855	0.00683621	0.01547	0.0115409	0.020709	0.030858	0.148028	0.0143703	0.0053902	0.00699964	0.0233774	0.00561086	0.0189073	0.00904115
47	L	3.55506	0.00546239	0.0516426	0.0369874	0.0266449	0.011253	0.105214	0.016898	0.0747115	0.00730043	0.238844	0.0117745	0.0128552	0.129695	0.00750166	0.0165357	0.0692086	0.0315538	0.120661	0.0164085	0.00884782
48	K	3.53446	0.040885	0.0201493	0.0125143	0.0243288	0.0317111	0.0750228	0.042003	0.0195663	0.310692	0.0535819	0.0306319	0.028637	0.0107113	0.134071	0.0146473	0.00717267	0.0783351	0.0363305	0.0228525	0.00615673
49	L	3.44046	0.0178515	0.0272435	0.0144197	0.0113155	0.247957	0.0092896	0.00892657	0.0398191	0.00794431	0.193839	0.06814	0.0358729	0.0413427	0.0124735	0.0311865	0.0240071	0.150652	0.0382055	0.00959734	0.00991626
50	S	3.56691	0.150285	0.0227954	0.00834821	0.0102053	0.0987044	0.0939913	0.0494855	0.00302882	0.00305243	0.0388731	0.0474081	0.00827677	0.0938749	0.220939	0.032922	0.0558726	0.0256755	0.0271046	0.0024506	0.00670668
51	D	3.55127	0.0253203	0.0269237	0.0721559	0.0188264	0.00103577	0.161149	0.0223378	0.0453063	0.00211508	0.0754813	0.0118963	0.0662969	0.0118563	0.129064	0.00952127	0.0302374	0.18631	0.0989844	0.00330278	0.0018783
52	Y	3.51725	0.252353	0.0164732	0.00602353	0.0581081	0.0232703	0.0322129	0.0209159	0.0185381	0.00122916	0.00972934	0.0271551	0.103157	0.00243256	0.00377889	0.0498834	0.0314095	0.0960841	0.0760844	0.0249105	0.146251
53	E	3.25392	0.220557	0.0383984	0.0430052	0.299711	0.015825	0.0390892	0.00246456	0.00824942	0.00679296	0.00734467	0.0248233	0.0197521	0.0103749	0.0786061	0.0193345	0.0958622	0.0394072	0.00711691	0.00994137	0.0133439
54	G	3.49699	0.125438	0.0259788	0.0596335	0.0272463	0.014224	0.298332	0.0108365	0.00711859	0.0095534	0.00713868	0.0127886	0.0190252	0.0401382	0.0694445	0.040458	0.116125	0.0562326	0.0320315	0.0168765	0.0113803
55	R	3.24243	0.0111384	0.00424963	0.0199705	0.00395593	0.0419665	0.00279859	0.0674096	0.0712325	0.348437	0.010118	0.0120742	0.00636667	0.10038	0.0163411	0.145064	0.00976754	0.0258682	0.0290008	0.0192399	0.0546207
56	L	3.30614	0.034129	0.021044	0.0068106	0.0746527	0.00658826	0.0509375	0.00833656	0.0511894	0.00391415	0.116209	0.039149	0.37175	0.0128691	0.0270663	0.00797604	0.0656993	0.0556804	0.0158298	0.0155368	0.0146325
57	I	3.1845	0.0442244	0.0152848	0.010475	0.0847742	0.0107429	0.0297153	0.010219	0.229739	0.012947	0.0727485	0.0139627	0.0404179	0.0198457	0.0070824	0.0176479	0.0101476	0.0220014	0.325733	0.00342799	0.0188632
58	Q	3.11877	0.0184292	0.0100875	0.051711	0.0220857	0.00771323	0.0194679	0.0174099	0.01748	0.0428526	0.0112212	0.0152444	0.174621	0.0466638	0.41679	0.0316317	0.0261404	0.0183747	0.0117353	0.0225984	0.0177419
59	N	3.11326	0.0403784	0.00611161	0.178135	0.00771696	0.00989771	0.236878	0.0198567	0.00310808	0.0179473	0.00655725	0.00677335	0.192888	0.0138283	0.0128614	0.00721777	0.00528872	0.166011	0.0442529	0.021595	0.00269677
60	S	3.50778	0.038937	0.0798869	0.0141561	0.00698018	0.0104112	0.154819	0.00987063	0.0269119	0.0111847	0.0653419	0.0483078	0.0462728	0.00306965	0.0272857	0.0967354	0.273801	0.0435315	0.019738	0.00893207	0.0138258
61	L	3.13878	0.0179924	0.00403031	0.218856	0.0093249	0.0284831	0.0459915	0.0258418	0.00765054	0.0184299	0.165011	0.011021	0.0533802	0.00634435	0.0285252	0.00807697	0.0191457	0.0220405	0.297919	0.00828596	0.00365036
62	T	3.16254	0.03638	0.0226825	0.0157829	0.173931	0.00998085	0.0655086	0.0139715	0.00562448	0.00882571	0.00463805	0.00443739	0.300985	0.010379	0.0143088	0.0558247	0.0476103	0.182398	0.00740533	0.0102969	0.00902869
63	I	3.39974	0.234383	0.039244	0.00872107	0.00869801	0.0263828	0.00377951	0.00734792	0.144285	0.016175	0.142983	0.112171	0.00378552	0.0915084	0.00979385	0.0630272	0.0139209	0.0471275	0.00224478	0.0113183	0.0131042
64	E	3.151	0.0124961	0.0197964	0.0448904	0.394621	0.0260513	0.200604	0.0201466	0.0271541	0.0122094	0.0197363	0.0249485	0.0239019	0.0214924	0.00414107	0.0277297	0.0370842	0.0240661	0.00906699	0.0147658	0.0350968
65	R	2.84928	0.0202113	0.0175141	0.0132297	0.0323311	0.00936027	0.0301778	0.0131125	0.0200633	0.0917636	0.00845415	0.0190611	0.0323565	0.0373713	0.0217476	0.531395	0.01245	0.0269085	0.0293182	0.0269431	0.00623119
66	M	3.82741	0.0701349	0.0369778	0.044635	0.0230878	0.0389715	0.0326341	0.025639	0.0409268	0.039002	0.0120569	0.22066	0.08367	0.00610905	0.0637425	0.022365	0.12648	0.028047	0.0573446	0.0127865	0.0147301
67	V	3.70154	0.0599968	0.0218005	0.0256951	0.0391269	0.0238979	0.0403698	0.0259995	0.0581121	0.0232386	0.013216	0.0556149	0.210281	0.0158383	0.0481225	0.00718708	0.0341249	0.0201122	0.214064	0.0152493	0.0479534
68	L	3.78022	0.0113757	0.0306939	0.0218056	0.0195546	0.03202	0.0353559	0.0317797	0.130052	0.0235923	0.239754	0.0163842	0.0771945	0.0222896	0.0617122	0.0664842	0.0771552	0.0179135	0.0144952	0.0303887	0.0399994
69	S	2.89078	0.013204	0.049685	0.0166169	0.0258334	0.0128329	0.0435279	0.0372124	0.00812874	0.0109851	0.0206233	0.0230868	0.0343313	0.0597148	0.0178752	0.0235209	0.532062	0.0137205	0.0220067	0.0166769	0.0183549
70	A	2.96928	0.261855	0.0309006	0.0308895	0.00939626	0.0103355	0.173149	0.00448612	0.00453277	0.0146392	0.00505265	0.00861697	0.00615975	0.0123464	0.0166738	0.0104729	0.287884	0.0704667	0.00405727	0.0152205	0.0228647
71	F	3.50212	0.0521213	0.00948909	0.0651283	0.0208513	0.307756	0.0149054	0.0147415	0.00649537	0.0731258	0.0127913	0.00936802	0.0266954	0.103122	0.0594402	0.0966701	0.00911322	0.0103681	0.0202596	0.0252775	0.0622806
72	D	3.08477	0.0190273	0.0331208	0.451549	0.0359781	0.0419679	0.0150196	0.00699034	0.0186802	0.0584289	0.00620766	0.0469944	0.0215469	0.00679988	0.0166269	0.110718	0.00925663	0.0525839	0.021067	0.016713	0.0107236
73	E	3.27112	0.0177902	0.0130521	0.0297148	0.0516545	0.00907249	0.00655171	0.00829642	0.0703161	0.0465879	0.258537	0.0106385	0.00646206	0.00044742	0.0444427	0.0109606	0.0451271	0.230192	0.123343	0.0121445	0.00466905
74	R	2.99429	0.02142	0.0116503	0.212273	0.0158014	0.00753332	0.00347885	0.00767023	0.0103082	0.0313025	0.073252	0.0151186	0.0101595	0.0056022	0.0968281	0.371022	0.0122778	0.0113482	0.0616012	0.0132979	0.00805498
75	R	2.51447	0.00430665	0.0184035	0.0450832	0.011814	0.0079199	0.016119	0.0257828	0.00493081	0.429594	0.00237509	0.015131	0.00923938	0.00913526	0.00631085	0.308203	0.00312008	0.00239642	0.00713188	0.0267535	0.04625
76	N	3.26588	0.0148976	0.0154258	0.0122213	0.0448464	0.0140556	0.019196	0.00374265	0.283928	0.0259398	0.0434584	0.0939001	0.191193	0.00342805	0.0262182	0.00335739	0.0166139	0.0126561	0.00985929	0.145705	0.0193574
77	K	3.80841	0.0548346	0.054983	0.00239305	0.00818413	0.00775067	0.0287637	0.134929	0.0672962	0.129397	0.0208319	0.0992014	0.116664	0.00817448	0.0336454	0.0793842	0.0280257	0.0719015	0.0332199	0.0091665	0.011254
78	Y	2.91916	0.0118442	0.0254012	0.0153257	0.0649274	0.0441477	0.011156	0.0843441	0.0173987	0.00714385	0.00696659	0.00997156	0.0339533	0.0197836	0.00985881	0.0365962	0.0066278	0.00941479	0.0731393	0.0195187	0.492481
79	L	2.70763	0.0201671	0.0158563	0.0171134	0.0226005	0.0160415	0.0173945	0.0234503	0.0661545	0.0119815	0.571125	0.0569922	0.0349362	0.0111262	0.0151816	0.0133441	0.0127342	0.0145641	0.0140796	0.0198815	0.0252754
80	E	3.21916	0.0218672	0.0160195	0.0260908	0.435272	0.0684998	0.0208628	0.0165107	0.0508885	0.0507356	0.0153351	0.0149255	0.0295362	0.00295309	0.0564247	0.00878472	0.0253504	0.0192256	0.0209002	0.0262991	0.0735186
81	E	3.33195	0.0101191	0.0359187	0.137426	0.367488	0.0286837	0.0177418	0.0232745	0.0193506	0.0174071	0.0194742	0.0424409	0.0396989	0.00343028	0.0125641	0.0159475	0.0630742	0.0199474	0.0828932	0.00853669	0.0345832
82	H	3.49175	0.0091051	0.0772891	0.00611191	0.00254623	0.226209	0.00150006	0.108628	0.015115	0.0264071	0.00379194	0.0961914	0.0518393	0.00192651	0.149359	0.0204906	0.0407825	0.0267166	0.0203193	0.021415	0.094257
83	P	2.73908	0.0425338	0.0549426	0.00229584	0.0105605	0.0156361	0.00720627	0.0239263	0.006102	0.00552576	0.00630782	0.0790005	0.0213457	0.173764	0.473747	0.00920052	0.0293637	0.00837466	0.0159358	0.01128	0.00295117
84	S	2.71157	0.415752	0.0151732	0.00084188	0.00306231	0.00146137	0.0294658	0.00832029	0.00115065	0.00499472	0.00947082	0.0721554	0.198002	0.00243014	0.015876	0.00477	0.0864148	0.0383138	0.0046043	0.0869179	0.000822688
85	A	3.84944	0.176043	0.0486725	0.00670967	0.0152936	0.0201839	0.102284	0.0178846	0.0432937	0.0243184	0.028713	0.0190949	0.0707219	0.0134844	0.132969	0.0462878	0.0791516	0.0685286	0.038524	0.00636412	0.041477
86	G	3.50762	0.0761237	0.00783722	0.0107755	0.00910402	0.00694949	0.263164	0.0707063	0.00807318	0.0379052	0.031904	0.00802302	0.143021	0.0447561	0.0512975	0.0948912	0.082082	0.0264445	0.00714702	0.00914672	0.0106481
87	K	2.39336	0.0103023	0.0287955	0.00809794	0.0651728	0.0061553	0.00979956	0.0106606	0.0299737	0.633934	0.00738722	0.0370716	0.017532	0.00963365	0.0175353	0.0164445	0.0139921	0.0194185	0.0213788	0.0097463	0.0269683
88	D	2.8534	0.00431714	0.0420396	0.380316	0.0238589	0.0343298	0.0176307	0.00664042	0.0357629	0.00645303	0.0131346	0.0160925	0.275468	0.00750621	0.0445335	0.00409281	0.0544485	0.0124167	0.00993442	0.00598177	0.00504223
89	P	3.3267	0.0952323	0.0946069	0.0148922	0.0073522	0.0307871	0.0202825	0.00362019	0.034144	0.00260963	0.0697434	0.00652341	0.0129365	0.19411	0.00728135	0.00503434	0.0233682	0.00569101	0.252638	0.102068	0.0170784
90	K	3.43311	0.0124557	0.00528952	0.00584738	0.00187464	0.00322899	0.00745624	0.048117	0.120603	0.116626	0.0171761	0.0149623	0.124031	0.00122475	0.219699	0.11612	0.0287947	0.0934521	0.0216571	0.0157604	0.0256234
91	K	2.44225	0.0121066	0.056971	0.01647	0.00727375	0.00432449	0.00516767	0.0237137	0.00596038	0.550574	0.00475195	0.00797326	0.0234206	0.0102421	0.016851	0.17616	0.0102431	0.00918588	0.0035925	0.041326	0.0136923
92	T	2.81696	0.025113	0.0127092	0.0434012	0.0124693	0.0241298	0.0140788	0.0107994	0.0137357	0.0175596	0.0292733	0.0472275	0.133912	0.0150398	0.016903	0.014669	0.0113463	0.514227	0.0108091	0.0215128	0.0110849
93	G	2.94673	0.0304066	0.00866537	0.029095	0.0357096	0.0261426	0.506252	0.0270484	0.015875	0.0290632	0.00851453	0.0348792	0.00843593	0.014438	0.0811492	0.011731	0.0154757	0.0368984	0.00837839	0.057037	0.0148047
94	G	2.94773	0.0163684	0.0241942	0.0445611	0.0535426	0.0160059	0.522326	0.0234767	0.0255957	0.0189168	0.0191517	0.0548918	0.0393687	0.00819603	0.0189291	0.018923	0.018196	0.0173984	0.0170367	0.027067	0.0158543
95	P	3.34341	0.0263269	0.0275109	0.0314263	0.0142455	0.0212357	0.146583	0.0320143	0.0227653	0.024176	0.0124266	0.0276157	0.0218493	0.386484	0.0167761	0.0167415	0.0506584	0.0157566	0.0434647	0.0440081	0.0179351
96	I	3.49818	0.0120834	0.0516284	0.00670643	0.0451076	0.0535191	0.0071187	0.012525	0.240183	0.0115725	0.161846	0.0447131	0.010793	0.0178421	0.00512221	0.00912742	0.0156427	0.0679468	0.140423	0.018867	0.0672325
97	Y	3.264	0.0300677	0.0103315	0.0108033	0.0565312	0.0493194	0.0183691	0.016913	0.0289521	0.17064	0.0185951	0.0123636	0.0475567	0.0129459	0.0549502	0.010499	0.0155553	0.0151797	0.0337565	0.0128688	0.373802
98	K	3.74343	0.0270959	0.0356532	0.0102311	0.00799925	0.00470077	0.0130017	0.0531268	0.015894	0.199565	0.0410808	0.0364329	0.0714273	0.0169115	0.0443521	0.152551	0.102378	0.0841874	0.0432563	0.0250004	0.015155
99	R	2.86705	0.00565594	0.0384711	0.0113393	0.0274081	0.0159571	0.0259538	0.0179315	0.0102165	0.0827172	0.0126677	0.0184233	0.0244964	0.00628375	0.00780132	0.498349	0.00980167	0.107203	0.0128494	0.0191844	0.0472893
100	V	3.6345	0.135096	0.018807	0.00395145	0.0194987	0.00836248	0.0235509	0.17764	0.0156272	0.00760833	0.186733	0.0347311	0.0412009	0.0420237	0.0342086	0.0623207	0.0286747	0.0307846	0.0935087	0.0343949	0.00127811
101	D	3.45312	0.0601088	0.0174462	0.288443	0.0391622	0.0102148	0.0171388	0.0172579	0.0547279	0.0100667	0.041687	0.00899468	0.0629268	0.115643	0.011523	0.00981738	0.0424659	0.154573	0.0232127	0.00928575	0.00530358
102	R	3.26999	0.00359042	0.00795158	0.00648043	0.00893458	0.0415507	0.0173547	0.0517765	0.00818591	0.0773407	0.0544664	0.00997413	0.0192702	0.0102529	0.0181858	0.283607	0.0497944	0.00698493	0.00798315	0.218636	0.0976793
103	K	3.32564	0.0139994	0.0155593	0.00989281	0.0227346	0.00943161	0.00366816	0.0968094	0.0211896	0.292624	0.0204974	0.0364828	0.202834	0.00820247	0.0139515	0.0439871	0.0350959	0.0386014	0.0943866	0.0140773	0.00597421
104	W	3.10192	0.0248113	0.0152849	0.0144563	0.0231444	0.178324	0.0127591	0.00822499	0.101727	0.0119316	0.015217	0.0143258	0.0180695	0.00869475	0.00397631	0.0107946	0.0108022	0.0277162	0.105469	0.368014	0.0262579
105	M	3.61863	0.0278926	0.0512303	0.0379971	0.0223619	0.109788	0.0113281	0.0446853	0.0252573	0.0435579	0.174964	0.249527	0.0452595	0.00881774	0.0102055	0.0122031	0.0295467	0.0128288	0.0347447	0.0147712	0.0330345
106	R	2.94628	0.0140763	0.0151668	0.0430322	0.0518754	0.0163406	0.0181157	0.0109358	0.0159816	0.0359	0.0307913	0.0274737	0.0182974	0.0142372	0.0265532	0.526333	0.013779	0.0230833	0.0328066	0.0354159	0.0298051
107	E	3.08776	0.0406139	0.0195611	0.315047	0.304877	0.0122172	0.012582	0.0144777	0.0185269	0.0252148	0.00661229	0.032267	0.0455999	0.0257088	0.018775	0.00863212	0.0379213	0.0209521	0.0207534	0.0123398	0.00732014
108	L	3.06315	0.0126333	0.0169659	0.022898	0.0163614	0.0340206	0.0210133	0.0189118	0.0354683	0.0499117	0.495628	0.0224799	0.0137049	0.0410606	0.0251337	0.0122002	0.0288702	0.0649586	0.019817	0.0262837	0.0216787
109	V	3.42143	0.0353697	0.206678	0.0219327	0.0897582	0.0212057	0.0201477	0.00566852	0.0433636	0.0320603	0.0699256	0.0255922	0.0131827	0.00723444	0.0269403	0.0137523	0.0273177	0.0385344	0.284331	0.00771088	0.00929401
110	L	2.75522	0.00874209	0.00920777	0.0843423	0.0109983	0.0255417	0.00592181	0.0116023	0.0284182	0.0595179	0.527706	0.0178511	0.0220402	0.0884382	0.0055235	0.0254081	0.0173591	0.0130251	0.0124856	0.0176698	0.00820085
111	Y	3.30508	0.018821	0.00582999	0.0291031	0.0118757	0.0108746	0.00639017	0.0858901	0.0444797	0.0110917	0.0268778	0.0920341	0.0120361	0.0146798	0.0277025	0.00213225	0.0394133	0.323252	0.0259581	0.0318383	0.17972
112	D	3.34312	0.0246115	0.0240566	0.347196	0.0696613	0.0164478	0.0312982	0.036198	0.0150881	0.00904549	0.0510409	0.0143171	0.164	0.00657913	0.0115272	0.0568671	0.00736628	0.0125783	0.0210765	0.0234081	0.0576363
113	K	2.50878	0.00362477	0.0103003	0.023452	0.0360627	0.0235065	0.00514392	0.0242257	0.00841514	0.60259	0.0164157	0.0166626	0.0312137	0.00539757	0.0812506	0.0199556	0.0315704	0.0151095	0.00919359	0.0226815	0.0132282
114	E	3.24652	0.00698598	0.0220436	0.0381644	0.302884	0.0227127	0.026943	0.0258468	0.029784	0.110727	0.013827	0.0207864	0.00676592	0.00933212	0.0440482	0.00600643	0.0031861	0.00533113	0.00743975	0.196437	0.100749
115	E	2.66257	0.0220331	0.0171408	0.0424807	0.589086	0.0144795	0.0116111	0.0314004	0.0363459	0.0253459	0.0197022	0.0158668	0.0375735	0.00986004	0.018346	0.0366733	0.0152095	0.0178355	0.0146038	0.0152329	0.00917309
116	I	2.86028	0.0224351	0.0683741	0.0302331	0.00646204	0.0101854	0.00918839	0.0087969	0.271103	0.0198116	0.0126903	0.0142718	0.0447978	0.00910226	0.00409067	0.0103228	0.00396519	0.0671473	0.371849	0.00617766	0.00899542
117	R	3.53304	0.00510681	0.0215877	0.00828694	0.0195935	0.0184401	0.00633746	0.0205201	0.0272386	0.0285791	0.0606113	0.187919	0.0111375	0.00480625	0.203673	0.163093	0.0518314	0.0556075	0.0429112	0.0151362	0.0475836
118	R	3.37985	0.0284242	0.0303665	0.0239566	0.027817	0.0204796	0.0237341	0.0508578	0.0577267	0.0620936	0.0225977	0.0278515	0.0145599	0.0230544	0.0304931	0.420947	0.0189555	0.0305019	0.0217261	0.0325766	0.0312801
119	I	3.24109	0.0133156	0.0240278	0.0280508	0.0204711	0.0183748	0.0430056	0.0176252	0.414659	0.0129661	0.0126832	0.0830672	0.0557773	0.0241285	0.0251278	0.0129727	0.0173128	0.0202825	0.115009	0.0258582	0.0152842
120	W	3.05306	0.0192383	0.0360569	0.0157719	0.0131926	0.0272981	0.0209248	0.0106226	0.0145543	0.0286337	0.0137896	0.0587864	0.0174184	0.0206728	0.033262	0.0107286	0.0102002	0.00943264	0.0229012	0.409622	0.206893
121	R	3.30666	0.0185857	0.024317	0.0119466	0.0172267	0.0256894	0.0178283	0.0618601	0.0137721	0.105439	0.0999069	0.0166891	0.028491	0.0131332	0.023479	0.368312	0.100293	0.0162227	0.0101568	0.00903493	0.0176175
122	Q	3.14337	0.0020564	0.059482	0.00151919	0.00366737	0.00662528	0.00220774	0.0207497	0.199488	0.0138884	0.0925835	0.0915863	0.00402636	0.0485532	0.139652	0.0197737	0.0092325	0.00997797	0.263255	0.00270155	0.00897405
123	A	2.96081	0.398963	0.0149552	0.0114828	0.00691734	0.0110125	0.218802	0.0076345	0.00832322	0.0087041	0.0468884	0.0153662	0.0240988	0.0141134	0.0138401	0.0476269	0.0703042	0.0221826	0.0471799	0.00669924	0.00490487
124	N	3.45243	0.0131231	0.0553999	0.0246303	0.0216079	0.100408	0.00506264	0.0270968	0.0313481	0.0245269	0.0059445	0.0485675	0.320068	0.0190201	0.0412083	0.0087508	0.110975	0.00849128	0.00382314	0.0484373	0.0815104
125	N	3.59368	0.0228034	0.0197114	0.00971805	0.0197806	0.0677181	0.0359182	0.0212237	0.0326493	0.032255	0.0862375	0.121289	0.309391	0.00893521	0.020715	0.0354607	0.0442831	0.0322915	0.0230161	0.0120794	0.0445242
126	G	3.42939	0.136619	0.0812325	0.0193208	0.00485698	0.0074563	0.221525	0.0243091	0.00696561	0.0157705	0.178169	0.0751361	0.00989181	0.00871181	0.00980666	0.088425	0.0164195	0.0584327	0.0147898	0.0187865	0.00337567
127	D	4.05594	0.0492095	0.023068	0.0740237	0.0298743	0.0192613	0.0540444	0.0433863	0.0494278	0.0417115	0.130735	0.0445775	0.0300679	0.0231973	0.14237	0.0358269	0.0407827	0.0274257	0.081525	0.0458009	0.0136841
128	D	3.30126	0.147324	0.00807445	0.0458442	0.0203354	0.152621	0.0185177	0.297691	0.0041499	0.0117181	0.0237579	0.012122	0.0110262	0.00701238	0.0165955	0.00888561	0.028928	0.0498719	0.0197602	0.0101293	0.105636
129	A	3.4693	0.18106	0.0792281	0.00465687	0.0159333	0.024081	0.152639	0.0173264	0.00378307	0.20597	0.0349283	0.0342173	0.0169495	0.00359657	0.0103602	0.0914312	0.0177884	0.0555987	0.0356594	0.0109963	0.00379593
130	T	3.47561	0.00623889	0.0709885	0.0163096	0.0120909	0.0117016	0.00634645	0.0838209	0.0135363	0.0984349	0.0667904	0.0550975	0.0130616	0.0171574	0.0149708	0.040229	0.023942	0.292433	0.128426	0.00935318	0.0190713
131	A	3.00436	0.242103	0.0387531	0.0135382	0.0316224	0.0100152	0.00683576	0.0670852	0.00481009	0.00501531	0.00548547	0.029519	0.0128745	0.356956	0.0122432	0.00926318	0.0899202	0.018087	0.0113997	0.0227115	0.0117615
132	G	2.99929	0.021156	0.0175486	0.0429908	0.0182122	0.00677815	0.425049	0.00772117	0.207513	0.0206968	0.0196521	0.0344839	0.0343514	0.0159537	0.0233468	0.0104106	0.027433	0.00735317	0.0227271	0.0228193	0.0138029
133	L	2.89986	0.0309362	0.00801915	0.0127265	0.00592514	0.0194798	0.0174881	0.00916539	0.366975	0.0632763	0.281139	0.0597145	0.0233417	0.0118021	0.0265753	0.00545735	0.0110059	0.00956067	0.019606	0.0107172	0.00708933
134	T	2.64323	0.0424708	0.0688097	0.0124236	0.00864866	0.0307788	0.0152559	0.00385714	0.00707019	0.00568564	0.0135919	0.0333859	0.00964553	0.0152564	0.00866542	0.0105284	0.0680269	0.562455	0.0510639	0.0173591	0.0150212
135	H	2.80417	0.0335531	0.00790757	0.0130046	0.0407692	0.00998419	0.0328494	0.54358	0.00923815	0.0233619	0.0192056	0.0140406	0.0232079	0.0341312	0.078716	0.0220202	0.0216072	0.0183362	0.0075836	0.0103544	0.0365493
136	M	3.48214	0.0868227	0.0567523	0.00414202	0.0376556	0.0147177	0.0188766	0.031949	0.170736	0.00602989	0.042926	0.250686	0.0134008	0.00901162	0.126303	0.00387622	0.0236146	0.0304243	0.0457086	0.00787686	0.0184907
137	M	2.59476	0.0111548	0.0143357	0.0179301	0.0138928	0.0515636	0.00516337	0.010574	0.0668223	0.0436732	0.0200575	0.587559	0.0120953	0.0188106	0.0163777	0.00744732	0.0211976	0.0395701	0.0110098	0.0165534	0.0142116
138	I	2.56837	0.0145682	0.0169024	0.0187198	0.0114601	0.0212194	0.0157459	0.0099742	0.600881	0.0240723	0.0311094	0.0398076	0.0408901	0.0431668	0.0109526	0.00540084	0.00911887	0.00895626	0.0195532	0.0461122	0.0113886
139	W	3.40755	0.0180842	0.0214461	0.0220024	0.0134832	0.0269048	0.0466882	0.0658661	0.028363	0.0122405	0.144909	0.0320155	0.0120182	0.00702179	0.0315921	0.024245	0.0214568	0.0480603	0.023513	0.360057	0.0400319
140	H	3.27967	0.0301142	0.0213443	0.0457059	0.0166766	0.0140681	0.0304969	0.422769	0.0385763	0.0150101	0.0200312	0.0484529	0.0389311	0.0081366	0.0994509	0.0106445	0.0179982	0.0152301	0.0309054	0.0295223	0.0459355
141	S	2.94	0.0259494	0.0298039	0.0359745	0.0158435	0.0504741	0.0396697	0.0179566	0.0290546	0.0142873	0.00864865	0.0316549	0.0176033	0.0244321	0.0130072	0.0134202	0.526099	0.0461517	0.0134414	0.0270381	0.0194899
142	N	2.93709	0.0132622	0.034609	0.0213476	0.0147613	0.018853	0.030874	0.0162736	0.0135071	0.0491048	0.0273197	0.0522457	0.525361	0.0419349	0.0161058	0.0202012	0.0215144	0.0102238	0.0155838	0.0184489	0.0384685
143	L	3.15971	0.00646182	0.0176125	0.00926199	0.00756925	0.0222127	0.0312513	0.0474649	0.101117	0.016776	0.41707	0.0301534	0.0255997	0.014955	0.0102615	0.0150088	0.122938	0.0274068	0.0185918	0.0412194	0.0170683
144	N	2.93358	0.0744264	0.0297491	0.0225756	0.0187798	0.0106022	0.0057257	0.024438	0.0481783	0.0325015	0.00439203	0.169587	0.443855	0.0114049	0.00752481	0.00374607	0.00808754	0.0382672	0.010514	0.0179864	0.0176589
145	D	2.86489	0.0424222	0.0101339	0.512183	0.0273842	0.0106648	0.0934677	0.0171077	0.0193304	0.026633	0.0190112	0.0649656	0.0134579	0.00704083	0.0152811	0.0213623	0.00866942	0.0520257	0.00516173	0.0173459	0.0163509
146	T	2.79931	0.345773	0.0311958	0.00882277	0.0172174	0.00961029	0.0211557	0.00608808	0.0109701	0.0209043	0.00794839	0.0149106	0.011668	0.00716285	0.023166	0.00718812	0.088955	0.326743	0.0112839	0.0123762	0.0168601
147	T	3.13871	0.0112468	0.0905191	0.0124261	0.0101565	0.0232419	0.00456399	0.0467154	0.0844315	0.0256718	0.00494702	0.0178504	0.0714415	0.0197856	0.0403854	0.0115105	0.00601546	0.425778	0.0552339	0.013373	0.0247064
148	Y	2.47238	0.0131229	0.018295	0.0281952	0.0137338	0.0275333	0.0108824	0.0328243	0.0491153	0.0094106	0.0141537	0.0302792	0.0285083	0.0135133	0.0157215	0.00781177	0.0156625	0.0239358	0.00633865	0.0150771	0.625886
149	Q	2.38935	0.0188594	0.00793821	0.0117084	0.0141469	0.029397	0.0168637	0.0202066	0.0434364	0.0201352	0.0046407	0.0280227	0.0164142	0.0251378	0.644668	0.0149408	0.00971386	0.031807	0.0162911	0.0111805	0.0144915
150	R	2.87475	0.0271068	0.0241287	0.0252228	0.0303892	0.0141914	0.0247638	0.0277169	0.00786353	0.0680745	0.0130711	0.0302016	0.0142278	0.012621	0.0156436	0.538173	0.0223699	0.0233104	0.0115134	0.0378457	0.0315645
151	T	2.43577	0.0135835	0.0114778	0.0138664	0.042636	0.0205557	0.021129	0.00948585	0.0100888	0.0980668	0.0196804	0.0254967	0.0196076	0.00630652	0.0303364	0.00580926	0.00416785	0.608696	0.00458516	0.0190255	0.0153992
152	R	2.2916	0.00439352	0.0106308	0.0155426	0.0261287	0.007025	0.00368223	0.0388425	0.00530093	0.122613	0.01358	0.0275886	0.00588962	0.0141014	0.0276521	0.620956	0.00797059	0.00798325	0.00614048	0.0155657	0.0184127
153	A	2.55643	0.605276	0.0169117	0.0107541	0.0128628	0.0473356	0.0235058	0.00519015	0.0124924	0.0179798	0.0142529	0.0119607	0.00721031	0.0150576	0.0248898	0.0140797	0.0358912	0.0465661	0.0244555	0.0178192	0.0355086
154	L	2.34423	0.00347407	0.0218025	0.00539164	0.0104748	0.0123824	0.00617768	0.00468289	0.393407	0.0285548	0.375728	0.00541941	0.00462185	0.00734731	0.00259189	0.00664236	0.00734423	0.00829544	0.0759889	0.014131	0.00554193
155	V	2.16814	0.0200565	0.0150386	0.0277782	0.00464926	0.0157041	0.0400338	0.00715446	0.038103	0.0166752	0.0138961	0.0236712	0.00989381	0.00871733	0.00979503	0.00983412	0.0180923	0.0132997	0.685329	0.00911383	0.0131648
156	R	2.25184	0.0187466	0.0178088	0.00420758	0.00928713	0.0105937	0.00746334	0.0363314	0.010705	0.019777	0.00760461	0.00757999	0.0100868	0.0102668	0.109574	0.640188	0.0210427	0.00611794	0.0209677	0.00881723	0.0228342
157	T	3.04173	0.0945404	0.0340632	0.0148549	0.00645227	0.00617938	0.00631764	0.0064386	0.142534	0.0147908	0.0021406	0.00696411	0.0119075	0.00519854	0.0205523	0.0136799	0.272785	0.256676	0.0587476	0.0216431	0.00353403
158	G	3.0658	0.0247174	0.0331491	0.0090794	0.0172966	0.015284	0.459492	0.0604812	0.00957314	0.006938	0.0693419	0.0736162	0.069588	0.0128096	0.0227295	0.00573038	0.0470456	0.0192112	0.0101651	0.0149758	0.0187757
159	M	2.32872	0.0119647	0.0115985	0.00874524	0.00399017	0.00790149	0.00542418	0.0132353	0.0205799	0.0130782	0.278017	0.510797	0.0083052	0.0075448	0.0128649	0.0203404	0.0139879	0.0086301	0.0104075	0.0270561	0.00553171
160	D	2.44825	0.00503323	0.0205292	0.594913	0.0672433	0.00413135	0.0148236	0.00878696	0.0249268	0.00413988	0.00620543	0.00945966	0.0437446	0.0104707	0.0147203	0.0122623	0.00291548	0.00897023	0.0428454	0.0824856	0.0213928
161	P	2.74846	0.178642	0.0108564	0.00336387	0.00376039	0.00611639	0.0722374	0.00677173	0.00876622	0.017413	0.0103483	0.0110637	0.00254851	0.385617	0.01683	0.0126624	0.202812	0.0162562	0.020031	0.00893406	0.00496931
162	R	2.31617	0.00177604	0.00548086	0.0128295	0.0413756	0.0502673	0.0413119	0.0215134	0.0155085	0.0280923	0.0113673	0.0190342	0.015804	0.0265146	0.0110113	0.644344	0.00246241	0.00659233	0.00937561	0.0282462	0.00709272
163	M	3.00635	0.0112769	0.0527012	0.0049991	0.00697149	0.00369369	0.0100425	0.00909726	0.281122	0.00706353	0.0316851	0.264562	0.00696512	0.0035634	0.0154048	0.00478364	0.00880022	0.0952117	0.133706	0.0345089	0.0138418
164	C	2.90686	0.381031	0.20682	0.00703985	0.00347957	0.00330248	0.00324681	0.00364887	0.0544657	0.0168778	0.0126931	0.0796024	0.00717793	0.0183188	0.0134607	0.00460818	0.032403	0.0119975	0.109245	0.0115631	0.0190176
165	S	2.85346	0.184465	0.0287151	0.0046974	0.00514201	0.0202221	0.0220573	0.00771058	0.0102523	0.00492295	0.0145126	0.0267782	0.207047	0.0282818	0.0150904	0.00374773	0.370998	0.0170249	0.0112896	0.0102402	0.00680453
166	L	3.00778	0.0105393	0.00447667	0.0143639	0.14149	0.00795778	0.00698492	0.0229151	0.0196935	0.0305864	0.34278	0.147212	0.00529718	0.00562378	0.147282	0.00742474	0.0526634	0.00431446	0.0161862	0.00415581	0.00805218
167	M	2.59782	0.011462	0.0266717	0.0123835	0.00853357	0.024724	0.0113019	0.0119383	0.0481692	0.00927081	0.134209	0.557542	0.036875	0.00769121	0.0159342	0.018056	0.0155301	0.00669945	0.0165729	0.0120179	0.0144168
168	Q	2.97623	0.0951509	0.0242432	0.0402446	0.01293	0.008508	0.00951078	0.0338883	0.0209391	0.0177685	0.00586606	0.0399758	0.0134927	0.0267089	0.471674	0.0109386	0.105714	0.0247515	0.0125853	0.0107111	0.0143993
169	G	2.5969	0.0561628	0.0179256	0.0198626	0.0114511	0.0146835	0.60053	0.0314826	0.0423384	0.0241676	0.0195716	0.0118998	0.014635	0.0136773	0.0092002	0.0114225	0.0169187	0.0223529	0.0239601	0.0241119	0.0136457
170	S	2.63018	0.0229078	0.023177	0.036784	0.0150344	0.0221794	0.00892218	0.017351	0.0179537	0.0124234	0.0302628	0.0205413	0.017912	0.013056	0.0255517	0.0202939	0.599071	0.0286	0.0151249	0.0421765	0.010677
171	T	2.7477	0.00406315	0.0355087	0.0198446	0.0249544	0.00834865	0.0111071	0.012941	0.0161514	0.00999468	0.0240924	0.0978524	0.0295111	0.00522346	0.040387	0.018801	0.023373	0.540771	0.0532373	0.0121742	0.0116628
172	L	2.69175	0.137127	0.0523957	0.00419948	0.0109712	0.0117423	0.0115338	0.00756898	0.123546	0.0139415	0.494193	0.00869249	0.0177578	0.018133	0.0162482	0.00765352	0.0220972	0.00568332	0.0210494	0.00596621	0.00950025
173	P	2.99834	0.079987	0.00451917	0.0176591	0.0345131	0.00723061	0.00404151	0.00726816	0.016805	0.109545	0.0227814	0.010051	0.0261035	0.427958	0.131261	0.0156724	0.0228529	0.0240105	0.0183819	0.00555314	0.0138058
174	R	2.31254	0.00471804	0.0183802	0.0124433	0.0199867	0.00915972	0.0143219	0.00599782	0.0175821	0.0140122	0.0123014	0.0284058	0.059502	0.00762567	0.00806563	0.633442	0.00853466	0.0835583	0.00459264	0.027047	0.0103231
175	R	2.33929	0.00903974	0.0151971	0.0371082	0.0216553	0.0161896	0.0159145	0.0124991	0.00742524	0.0720409	0.0116685	0.0268186	0.0143224	0.00794363	0.0121493	0.643282	0.025541	0.0099486	0.00592101	0.0225435	0.0127922
176	S	2.55637	0.102247	0.00800159	0.00975135	0.0472014	0.0121158	0.0181032	0.0299596	0.0282715	0.00948997	0.00860874	0.00911191	0.00800357	0.00761131	0.0138561	0.0151354	0.583417	0.0201689	0.0279502	0.021175	0.019821
177	G	2.1896	0.0091823	0.0260854	0.0168844	0.0513106	0.00723297	0.680881	0.00790889	0.0187065	0.0119125	0.0186349	0.0131016	0.00971308	0.00936703	0.0151003	0.0150686	0.0232994	0.00842796	0.0223465	0.026342	0.00849401
178	A	3.35589	0.394671	0.00985493	0.029506	0.012439	0.00651139	0.0116329	0.0327913	0.0354754	0.0252206	0.0196405	0.0538141	0.0804914	0.0511854	0.0263791	0.0352868	0.068839	0.0268139	0.0569474	0.0152701	0.00722974
179	A	2.61645	0.584967	0.0466366	0.0114547	0.0534793	0.0421455	0.0167714	0.0115728	0.0100832	0.0505134	0.0105846	0.0186508	0.00856073	0.0135249	0.0123362	0.00644301	0.030838	0.0161591	0.0172028	0.0279883	0.010088
180	G	2.6867	0.0517423	0.0141745	0.0395873	0.0170438	0.0186153	0.573512	0.022009	0.0130158	0.0268299	0.00838085	0.0230106	0.0230213	0.00608355	0.0329821	0.0114173	0.0147114	0.0238239	0.00721419	0.0592044	0.0136209
181	A	3.36015	0.245579	0.0182841	0.00504347	0.0310315	0.212098	0.0607251	0.0199477	0.00982317	0.022053	0.00986622	0.0571677	0.0203742	0.00382044	0.153942	0.0192597	0.0260624	0.00910619	0.0121716	0.0110031	0.0526415
182	A	2.49951	0.563118	0.00566709	0.00740088	0.012182	0.0106301	0.0135216	0.034839	0.00834794	0.0106152	0.0131551	0.0306896	0.150491	0.00284618	0.0218778	0.00666801	0.0177113	0.00716699	0.0409909	0.0307922	0.0112884
183	V	2.74886	0.0282438	0.0174859	0.0140442	0.0258229	0.0321753	0.00792136	0.0189284	0.109096	0.0177055	0.0139445	0.0206949	0.00795379	0.012537	0.0284696	0.00737505	0.0225687	0.0455952	0.543142	0.0122038	0.0140924
184	K	2.31796	0.0118013	0.0146518	0.00732176	0.0219789	0.0156113	0.0594151	0.00892178	0.0150072	0.655311	0.00862704	0.0246076	0.0253548	0.0229072	0.0186886	0.00912125	0.0115963	0.0264164	0.0146719	0.011552	0.0164368
185	G	2.38145	0.0432288	0.00955966	0.00835629	0.120144	0.00630986	0.608149	0.0102893	0.0123765	0.00514558	0.0155282	0.00748265	0.0160763	0.0195177	0.0286947	0.021622	0.00635362	0.0197868	0.0160184	0.00645785	0.0189026
186	V	2.92608	0.00658615	0.0195829	0.0123649	0.0118682	0.00657882	0.00412588	0.0601089	0.208842	0.0166678	0.0297933	0.00973669	0.00699449	0.00852028	0.259942	0.0169398	0.00878878	0.0195293	0.278105	0.00513378	0.00979121
